B cells naive	B cells memory	Plasma cells	T cells CD8	T cells CD4 naive	T cells CD4 memory resting	T cells CD4 memory activated	T cells follicular helper	T cells regulatory (Tregs)	T cells gamma delta	NK cells resting	NK cells activated	Monocytes	Macrophages M0	Macrophages M1	Macrophages M2	Dendritic cells resting	Dendritic cells activated	Mast cells resting	Mast cells activated	Eosinophils	Neutrophils	P-value	Correlation	RMSE
TCGA-OR-A5LC-01	0.144494663872645	0	0.0921161811626003	0	0	0.0135882928086193	0	0.0513468620598473	0.0211248127933859	0	0.00663370026135917	0.0117092541687035	0	0.166864240506676	0.0390798646439394	0.443976492106795	0	0	0.00906563561542977	0	0	0	0.492	0.0145030060501996	1.11088194822633
TCGA-OR-A5JJ-01	0.106908669035578	0	0.133725664322735	0.236363787762432	0	0.0200646266079245	0	0.152413791553805	0.00821324212230976	0	0	0.0375346997065791	0.0149162642550906	0.0150281258499846	0.0112542986105556	0.188851442110611	0	0.0525238616765885	0.0222015263858068	0	0	0	0.705	-0.00938499208641229	1.08367532580449
TCGA-OR-A5K3-01	0.0206747893331528	0	0.000447962367313002	0.100250200297836	0	0.237760805483385	0	0.00902227109147561	0.0371631990097199	0	0.096438335582179	0	0.0711518786975048	0.0258825362441016	0	0.284378433877331	0	0	0.108377510164065	0	0.00845207785193691	0	0.478	0.016462683642711	1.08457027058352
TCGA-PK-A5HA-01	0.00496406276776172	0	0	0.100417628742707	0	0.161019540915547	0.0062438279761098	0.00790033780438554	0.0143270151851678	0	0.0128881377386002	0	0.041431831779142	0	0	0.543349975035063	0	0.0376809758300162	0.0695239466740643	0	0.000252719551434523	0	0.036	0.173715994656989	1.03408836322205
TCGA-OR-A5LN-01	0.0058628034184716	0	0	0.166572262036824	0	0.171374970318733	0	0.0713251249152527	0.0116794702977857	0	0.0553064774757136	0	0.0509983687467849	0	0.0442519869382863	0.393258921953925	0	0.00851485803401501	0.0208547558642081	0	0	0	0.409	0.024615180138902	1.09248159657017
TCGA-OR-A5JA-01	0	0	0	0	0	0.461128329584076	0	0	0	0	0	0.0077437401735566	0.0532530074330913	0.114788818624048	0	0.239528543078447	0	0.0599281549119515	0.0636294061948299	0	0	0	0.419	0.0228133605959556	1.09026879395193
TCGA-OR-A5K0-01	0.152431585392057	0	0.0377448408782197	0.0253110359514575	0	0.102062209604781	0	0.161446474697934	0.0292250447725004	0	0.00673947175428652	0.0594737205998465	0.0327777164911178	0	0	0.110662273902718	0	0.26313486983709	0.0178311483985663	0	0.00115960771942339	0	0.374	0.030520248752508	1.08474282573003
TCGA-OR-A5JY-01	0.0622228719253584	0	0	0	0	0.239513371164898	0	0.0434219072447054	0.0493495719439091	0	0.038038864155805	0.0130108297252092	0.0260950873249358	0	0	0.211721063611081	0	0.286836882070667	0.0274202353402502	0	0	0.00236931549318017	0.451	0.0197208260378971	1.09646983000865
TCGA-OR-A5J9-01	0.115779661615446	0	0	0.0521306891951653	0	0.227190936719793	0	0.040885611487786	0.0123249473542011	0	0.0309700115046634	0	0.26924781933134	0.0199336236509767	0.000126234759814921	0.158378655390776	0	0	0.0455426747517152	0	0.027489134238323	0	0.597	0.00267042859161115	1.08803632270212
TCGA-OR-A5K4-01	0.0284304050290226	0	0.142137677108511	0.0929880825582956	0.0309323904028262	0.218660010749693	0	0	0	0	0.0678087327318171	0.031250274845486	0.0582468940572286	0	0.0108401228059613	0.182188553072942	0	0.0898560153636027	0.0466608412746147	0	0	0	0.665	-0.00464911540243257	1.07592584419104
TCGA-OR-A5L9-01	0.0992301672209353	0	0.00174365158008578	0.148653431248638	0	0.176199040927268	0	0.0130460694629142	0.0534015412814765	0	0	0	0.0549809896537592	0	0.026237088684456	0.337297752524959	0	0	0.0892102674155074	0	0	0	0.267	0.0498689866351037	1.06711915611095
TCGA-OR-A5KV-01	0.253242330616439	0	0.298427259538006	0.0361231278619498	0	0.0691883457086969	0	0.0917544880266247	0	0	0	0.0284446085450401	0.0296346841189586	0.0296447679566915	0	0.153440041156856	0	0.0101003464707372	0	0	0	0	0.588	0.00332784938021482	1.06806137813224
TCGA-OR-A5KY-01	0.0187717596973134	0	0.0516493577829622	0	0	0.519402978873915	0	0.0100636149720593	0.00599239975781596	0	0.0570226427100404	0	0.113789975014111	0	0	0.196659879503127	0	0.00525154137427421	0.0010405311468946	0	0.0203553191674868	0	0.545	0.00843554635466664	1.0995389208466
TCGA-OR-A5K9-01	0.0886539172828569	0	0.180869734877497	0	0	0.238093972956639	0	0	0	0	0.0160099942342692	0.0208682439489068	0.015987467584691	0	0	0.210410959052119	0.0198117850220731	0.181972016448603	0.0273219085923456	0	0	0	0.578	0.0052957169725083	1.0675557560269
TCGA-OR-A5J2-01	0.0283164051421354	0	0.0905560233801218	0	0	0.139991322988153	0	0.0754212611240793	0.0593578261623912	0	0	0.0201041768867855	0.0176556611764352	0.172115957486841	0	0.238680707263476	0	0.0853829909842872	0.072417667405295	0	0	0	0.392	0.026505789424801	1.07140127064909
TCGA-OR-A5JD-01	0.0476517901646962	0	0	0.0958938208783337	0	0.127901814135144	0	0.0602429668696949	0	0	0	0.061499507779927	0.0921439984901961	0	0.00616760408309705	0.403941702929505	0	0.0204141218200763	0	0.0841426728493303	0	0	0.624	7.90065680510483e-05	1.10127358483791
TCGA-OR-A5JX-01	0.15636442569847	0	0.0341888065143049	0.0724023795378008	0	0.0340951634357998	0	0.020841202812342	0.113444031887292	0	0.0166118574985638	0	0.103034587751739	0	0	0.280323192110202	0	0.03511493102718	0.133579421726305	0	0	0	0.704	-0.00911738481272802	1.07731504074625
TCGA-OR-A5KZ-01	0.00524448396310824	0	0.0969982535332953	0	0	0.137233614484089	0	0.0153556485415959	0.0660984365596314	0	0.0780782737637487	0.00832810189397766	0.0071589118668814	0.445447809231612	0	0.0821096862950755	0	0.011230284487758	0.0387989401287083	0	0.00791755525051859	0	0.005	0.304676182120778	0.978832731165754
TCGA-OR-A5LB-01	0.139522250452936	0	0	0.0592681362722067	0	0.286019696072647	0	0.019206767851675	0.012547434675168	0	0	0	0.0561350344012716	0.00156645094519887	0.0154740901698892	0.32955932782889	0	0.00691087245088874	0.0702025369066989	0	0.00358740197253016	0	0.771	-0.0150040883043051	1.09390534731145
TCGA-OR-A5JR-01	0.00276017875926017	0.00540992731398267	0.00617097403095002	0.218231225063854	0	0.256750753611587	0	0.0115016675603815	0.0024172667848218	0	0.0797726051948261	0	0.0532529523924766	0	0	0.201879553054064	0	0.0226639171070384	0.137295651455409	0	0.00189332767134895	0	0.696	-0.00829380294629079	1.10679444496167
TCGA-OR-A5J6-01	0.00587305332241146	0	0.00448752119178893	0.0469843304927554	0	0.138151387065976	0	0.0122800510572372	0.00669480909202627	0	0.0262683689705498	0.0191175726116741	0.0534860502731619	0	0	0.542113524534971	0	0.00643514708196052	0.138108184305487	0	0	0	0.387	0.0281877122627863	1.10145802072127
TCGA-OR-A5J1-01	0.00286553228955828	0.00217501679771665	0.00962033928974242	0.101915897568619	0	0.319143539574522	0	0.044388804429879	0.0742100389492973	0	0.00196529119031404	0.0187230560780997	0.132313718781173	0	0	0.187513022477064	0	0	0.0963833203299286	0	0.00878242224408622	0	0.57	0.00640536573928304	1.09295856023682
TCGA-OR-A5LD-01	0.150128784518701	0	0.154913937199907	0.000967375661703955	0	0	0	0.120332239605152	0	0	0.0395273604084336	0.048877738621807	0.13953994676187	0.103065307419906	0	0.091097562403897	0	0.110274641968709	0.0412751054299137	0	0	0	0.726	-0.0109763883761257	1.06758662638774
TCGA-OR-A5JK-01	0.0369473201978285	0	0.0441663501016446	0.365096117998326	0	0.00609153566543084	0	0.11602794668101	0.0639905882477492	0	0.00354466993539264	0	0.0565852721428855	0	0.04509361570007	0.26114998507916	0	0	0	0.00130659825050309	0	0	0.315	0.0428433644289426	1.08715633749587
TCGA-OR-A5LH-01	0.160113650717436	0	0.0592648951083824	0.0725124928848089	0	0.0759959107911025	0	0.0453470180604583	0	0	0	0.0311494545379153	0.0642282082064261	0	0.000680329345928682	0.407761111264955	0	0.0400941164625803	0	0.0428528126200058	0	0	0.779	-0.0157693478324035	1.09505036050107
TCGA-PK-A5H8-01	0.0358544722733255	0	0.00633451957819957	0.0185062092660008	0	0.287526079558827	0	0.0217409864023506	0	0	0	0.0815971748588075	0.0776740925932577	0	0	0.429093439612854	0	0.0119919496328346	0	0.0235248327003785	0.00279923378416721	0.00335700973899735	0.469	0.0179166104769019	1.09833830186394
TCGA-OR-A5JG-01	0.00901974167957167	0	0.0660232472785532	0.0415036057984255	0	0.300096210196221	0	0	0	0	0	0.0292807311157744	0.0182162273549868	0.00493373016460998	0.0115422386091016	0.446641029441659	0	0.0606911551204193	0.0120520832406776	0	0	0	0.42	0.0227451450442598	1.08917274405256
TCGA-OR-A5LS-01	0.067993032407937	0	0.083268345774739	0	0.198571000252551	0.0977952506122833	0	0	0	0	0.0243643949526131	0.0207485515142245	0.0262268646201111	0	0	0.330151500909841	0	0.115210705288386	0.0356703536673144	0	0	0	0.707	-0.00954824737346342	1.08391381417615
TCGA-OR-A5L8-01	0.115572378481356	0	0.0935512578969964	0	0.191400659800985	0.0869719638315193	0	0	0	0	0.0376716137562987	0.0185617000925927	0.0381975962312898	0	0.0241615086088431	0.365831785909223	0	0.0280795353908965	0	0	0	0	0.867	-0.0235776462039057	1.09250261171901
TCGA-OR-A5LJ-01	0.093899879393943	0	0.0338099079831297	0.154345617639686	0	0	0	0.19236733059231	0	0	0	0.0199333726598931	0.0161284059843597	0	0	0.243834485348875	0	0.222783805751199	0.0228971946466044	0	0	0	0.546	0.00823079906182003	1.08822259483982
TCGA-OR-A5KT-01	0.0216483676464783	0.00446256201111027	0.0171537093538169	0.0546793938932573	0	0.149879006643595	0	0.0475978039377122	0.0411274086153926	0	0.082886421089407	0.0102460249994838	0.113613060562996	0.0368245997372879	0.0048304183847313	0.357954801652434	0	0	0.0570964214722967	0	0	0	0.093	0.10443152803138	1.04811574456821
TCGA-OR-A5JC-01	0.0530758856190294	0	0	0.153990316321674	0	0.46258097457753	0	0.0161798253651766	0	0	0	0.00205607893493652	0.137932208477785	0	0.0412306571678224	0.109237376960045	0.00133457045857023	0	0.0223821061174316	0	0	0	0.388	0.0275346591248709	1.10722475777847
TCGA-OR-A5JI-01	0	0.0195258899494247	0	0.0103472027623274	0	0.264042779720043	0	0.0382349661095174	0.0863219485907763	0	0.0157589164727448	0.0173219635544156	0.0568199544784086	0	0.0466512727151107	0.270312420513123	0.00424618923731236	0	0.170416495896796	0	0	0	0.635	-0.00142831071670291	1.0845709186569
TCGA-OR-A5LP-01	0.0541750339430491	0	0.0443012419552562	0.0531943582128148	0	0.178095692156519	0	0.00541154969317873	0.00660986585166153	0	0.0414823070584242	0	0.0171540420247181	0	0.0696821739613232	0.380414526829971	0	0.0040527608544623	0.145426447458622	0	0	0	0.569	0.00658416209483422	1.08183316325784
TCGA-OR-A5J5-01	0.344746015021392	0	0.041832248217956	0.0235371004769908	0	0.155612595203098	0	0.0108738360699907	0	0	0.00351939876128009	0.0352324862265906	0.0799399542947732	0.246569409107395	0.00883696589465116	0	0	0	0.049299990725882	0	0	0	0.38	0.0289565334674719	1.09009972220534
TCGA-OR-A5JO-01	0.032146273281145	0	0	0.0753289033738086	0	0.118933334022941	0	0	0.0263119140518499	0	0.0448592205442001	0.0177642881183838	0.0208507976824148	0	0.0234969373109616	0.436913843827833	0.00187422620816834	0	0.201520261578294	0	0	0	0.034	0.182342494304912	1.02001963343561
TCGA-OR-A5LM-01	0.0645479432685689	0	0.0120904070832759	0.00634034435330649	0	0.223536212669416	0	0	0.00531670002067259	0	0.0100981128267254	0	0.029646948664629	0	0	0.482702456337591	0	0.0661032065194666	0.099617668256349	0	0	0	0.605	0.00181323267397455	1.0982553116919
TCGA-OR-A5LL-01	0.0234578131191229	0	0.0912626173571298	0	0.100514873187581	0.31614309600241	0	0	0	0	0.0606769429590644	0.0143250622767527	0.00983527115216272	0	0	0.314821607581021	0	0.0557071392430617	0.0132555771216933	0	0	0	0.375	0.0302394563574784	1.07671119766819
TCGA-OR-A5K1-01	0.0436902814992888	0	0.0244974819110113	0.0368087422508338	0	0.218750502443045	0	0.0173088223425285	0.0120466959361857	0	0.08436168862087	0.0326267780093028	0.0691969186654617	0	0.0584916839191571	0.321277022976812	0	0.0126071359252955	0.0683362455002082	0	0	0	0.694	-0.0080691419186244	1.08968585357273
TCGA-OR-A5J7-01	0.118723110340415	0	0.240118651213355	0	0	0.0786866731788873	0	0.0562357432688465	0	0	0	0.0428082612352181	0.00991245141302033	0	0	0.1437607002754	0	0.296841392946033	0	0.0129130161288236	0	0	0.533	0.00989442259788038	1.08330732426517
TCGA-OR-A5K6-01	0	0.00452635059285707	0	0.0190614312213229	0	0.283244374766237	0	0.0575864065042753	0.0413368965856642	0	0.0991980006924841	0.0337265961711575	0.0672248842894368	0.135165643367701	0	0	0	0.169067235994254	0.0756836670794094	0	0.0141785127352018	0	0.601	0.00221076443788751	1.09879874524141
TCGA-OR-A5LA-01	0.00460635518761693	0.000244547481187407	0	0.102413396118376	0	0.110996830348197	0	0.0264563002329802	0.0448924820954841	0	0.0202062882904836	0.0094342478520841	0.0295659070840505	0	0.0115994135303854	0.350003174102686	0	0	0.289581057676468	0	0	0	0.0659999999999999	0.130894944095278	1.04489209406269
TCGA-OR-A5LO-01	0.0612989244233128	0	0.074474465093138	0.0163820675704182	0.145640107012185	0.134760276577188	0	0.00629145192107107	0	0	0.0325100336399083	0.03774252539548	0.043342631577339	0	0	0.242238401239385	0	0.183128698419821	0.0221904171307532	0	0	0	0.876	-0.024492024070855	1.09279023159485
TCGA-OR-A5L3-01	0.0105210343740222	0	0.136282394942601	0	0	0.0337213123540284	0	0.0867458405736846	0	0	0	0.0734303805330766	0.064186413482633	0	0	0.349474817535825	0	0.207875366854413	0.0315266195938749	0	0.00388962914286255	0.00234619061297851	0.564	0.00703750073227836	1.08588128302662
TCGA-OU-A5PI-01	0	0	0.0269258542783543	0.0541659677391426	0	0.51009270728439	0	0	0	0	0	0	0.0683206369129728	0	0	0.289967927830068	0	0	0.0277858007820123	0	0.02274110517306	0	0.541	0.00901443553058837	1.10474529246682
TCGA-OR-A5JP-01	0.0623348353691208	0	0.051432529142532	0	0	0.293473290782002	0	0	0	0	0.0279554510429626	0.0156910693989608	0	0.212343191889851	0.0135491716479518	0.302979602936132	0	0.0180732258218643	0	0.00216763196862261	0	0	0.488	0.015243167858861	1.0999351480785
TCGA-OR-A5JZ-01	0.0139805648438418	0	0.00549900725501288	0.0471515553682759	0	0.317156564220015	0	0	0	0	0.0416099418058012	0.0233225913682562	0.0364704387977574	0.0150272198325063	0.0230933639302091	0.382618674615115	0	0.0067885769564076	0.0872815010068016	0	0	0	0.503	0.0131920883725776	1.08992437999797
TCGA-OR-A5KU-01	0.134387512147814	0	0.0761236296534359	0	0	0.288711315660494	0	0	0	0	0.0718924478052486	0.0521338547736769	0.0239331298039218	0.0434022211970726	0	0.228177313168466	0	0.0624418509821856	0.0187967248076843	0	0	0	0.747	-0.0129463181265313	1.08684212456671
TCGA-OR-A5JW-01	0.058544061376208	0	0.0108005254150103	0.0408223427484506	0	0.409444386759549	0	0	0	0	0.0124281103309624	0.00252151391237001	0.0710120804002421	0	0	0.279323617368576	0	0.0842414488348743	0.0291577215243899	0	0	0.00170419132936779	0.634	-0.00128024935119635	1.09356112503593
TCGA-OR-A5JL-01	0.00969920281558726	0	0.0284091601611193	0.0743818974138374	0	0.318729752757225	0	0	0	0	0.0543349656950081	0	0.224505649459228	0.115025030962246	0	0.0466931598711909	0	0.0130372819721477	0.11518389889241	0	0	0	0.638	-0.00166723732794547	1.08939835949901
TCGA-OR-A5JB-01	0.000863115263191655	0	0	0.233133431418743	0	0	0.0148351820411159	0.0931466456764806	0.0395428696612703	0	0.097682517399636	0	0.00418071473034985	0.0297769599956739	0.208379741959129	0.272898107504304	4.33681436262697e-05	0	0	0	0	0.00551734620647989	0.012	0.254752804151177	1.01082567471937
TCGA-OR-A5K8-01	0.0701467984834473	0	0.0243470928533511	0.0552033503480427	0	0.303607329445967	0	0	0	0	0.0655443494331221	0.0111964613679122	0.0197881860779298	0	0	0.383401058732979	0	0.0458520222676524	0.0209133509895961	0	0	0	0.668	-0.00512292061553904	1.09686010058766
TCGA-OR-A5LE-01	0.107622189823529	0	0.179842874674218	0	0	0	0	0.161760909788744	0	0	0	0.0466124009171732	0.0116128616016256	0	0	0.12416192841129	0	0.32839089477633	0.0252123700278412	0	0.0147835699792492	0	0.573	0.00595093486855303	1.09273715112134
TCGA-OR-A5KO-01	0.0699118376805434	0	0.0498003967181774	0	0.184745537823542	0.245485903409631	0	0	0	0	0.0223830911787322	0.0276860531207229	0.0246862431792567	0.202784885036262	0	0.0595326284660708	0	0.103308303804769	0.009675119582293	0	0	0	0.697	-0.00844834740845657	1.10332571003568
TCGA-OR-A5K5-01	0.0785444318181283	0	0.228782968331041	0.0394461013300348	0	0	0	0.0642970311574997	0	0	0.0340796265641636	0.0412535012470077	0.0282971611741361	0.00512996628047327	0	0.149322361047896	0	0.319984954773558	0.0108618962760611	0	0	0	0.545	0.00835211284499407	1.08963546237718
TCGA-PA-A5YG-01	0.0357115345334823	0	0	0.104875427259807	0	0.141409048103983	0	0.011447490639872	0.0172361638645241	0	0	0.0689827133234193	0.0496133356675629	0	0.00051365218107615	0.431866743405154	0	0.00754110069195124	0.129111327239084	0.0016914630900846	0	0	0.31	0.0435718696002509	1.08009261980571
TCGA-OR-A5JF-01	0.245321596620885	0	0.00547412744762184	0.036763484787439	0.0551821732312899	0.182374290940104	0	0	0	0	0.00916908396800476	0.0194333316875238	0.00748825495775919	0	0	0.293145005764316	0	0.127822917642073	0	0.0178257329529821	0	0	0.858	-0.0227370752932415	1.10312725207704
TCGA-PK-A5H9-01	0.161133244739619	0	0.111967317278015	0.0523805052985762	0	0.0950709982693003	0	0.0127733112574022	0.0516691996610699	0	0	0.0514511124818619	0.0599806163896967	0	0.0114272452733854	0.280058037105853	0	0.00542211811455108	0.106347955656657	0	0	0.000318338474012638	0.659	-0.00399187950439374	1.07068982319027
TCGA-OR-A5J3-01	0.0698905513739193	0	0.107215544973389	0.0595384351782043	0.137037078108113	0.343223925366408	0	0	0	0	0.0205286181841104	0	0.0597030587336043	0.00444390290384535	0	0.0240297503004392	0	0.146900816411713	0.0274883184662546	0	0	0	0.78	-0.0159543749569756	1.10983064567821
TCGA-OR-A5JS-01	0.146388185063661	0	0.110213070696889	0	0.00308660023863674	0.251783303161879	0	0.0507610402034862	0.0999097039315016	0	0.0492017984794697	0	0.044199161305336	0.05414399588773	0	0	0	0.160641153724964	0.015150646283867	0	0.0102523448341314	0.00426899618844908	0.489	0.0151823931826086	1.07755509691191
TCGA-PK-A5HB-01	0.0813102855303676	0	0.0695128301877424	0	0.0507318839203518	0.239958384076207	0	0	0	0	0.025090840615439	0.0172059998913453	0.025184821092884	0.0294714071632916	0	0.227444417688016	0	0.204132915832091	0.029956214002264	0	0	0	0.428	0.0222209048393529	1.07583484414426
TCGA-OR-A5JE-01	0.00660204042995896	0	0	0.0201285172154387	0	0.115490765870037	0	0.0424676477945853	0.0771515158102076	0	0	0.0452543890784194	0.0196655719035975	0.0727858636169743	0	0.18765713002519	0	0.310345518959437	0.0557502743705571	0	0.0467007649255973	0	0.244	0.0534597721387945	1.08752325165363
TCGA-OR-A5L6-01	0.0223678452287874	0	0.0719095353221828	0.0214061180662338	0	0.097050376349292	0	0.0286591348716238	0.0407114643929725	0	0.063360615897369	0.0649351967405403	0.0350081477610367	0.171699515256196	0	0.343887881892396	0	0.0294330160698394	0.00957115215153035	0	0	0	0.347	0.036901091221817	1.08899517763219
TCGA-OR-A5LG-01	0.0161710803395797	0	0	0.104819568576112	0.0049974665515092	0.0165225650230902	0	0.00340325067466219	0.0309441962830318	0	0.0123820143546621	0.0558145371666707	0.0651947586883932	0	0.00419211177142608	0.519481474268761	0.00225914812302788	0	0.163817828179074	0	0	0	0.589	0.00326124173910632	1.11296398037818
TCGA-OR-A5L4-01	0.0497515162680049	0	0.0450266169809801	0.0223117301900929	0	0.245496123089091	0	0	0	0	0.0337734070634153	0.0309130679055283	0.0611161470875736	0	0	0.318664362817656	0	0.126394587809552	0.0665524407881055	0	0	0	0.618	0.000578138452776555	1.08031261237977
TCGA-OR-A5LK-01	0	0	0.0197328696396286	0.125155455863226	0	0.12326492629939	0	0.0120287644876735	0.00813817403096013	0	0	0.0126872017073818	0.0462423140676887	0	0.015018692177406	0.493849625410234	0.00140931172196424	0	0.142472664594447	0	0	0	0.047	0.150738156442898	1.03812030111755
TCGA-OR-A5K2-01	0.0516912329145763	0	0.135172390948948	0	0	0.0513418367560662	0	0.0471359501234616	0	0	0	0.034446745857728	0.0371164625673096	0	0.00977247708346959	0.468199738501679	0	0.144000184205286	0	0.0211229810414761	0	0	0.553	0.00789131623970087	1.09552474213626
TCGA-OR-A5JM-01	0.0534416287976203	0	0.191529810867003	0	0.00418963714307886	0.136128835729227	0	0.0846576377243465	0	0	0	0.0534950840066425	0.0085634933272168	0.0545440694299701	0	0.0732530331667897	0	0.315720507662042	0	0.0244762621460633	0	0	0.572	0.00600137587623142	1.09404359469802
TCGA-P6-A5OF-01	0.0205127142959293	0	0	0	0	0.357596483962103	0	0	0	0	0.0502329985168272	0	0.0808671333380013	0	0	0.320908267272609	0	0.0810037126933754	0.0689306970041983	0	0	0.0199479929169565	0.777	-0.0155282183912288	1.09425891412695
TCGA-OR-A5JT-01	0	0	0.0660279205038996	0.0388952771439507	0.0538987015995616	0.218357389566355	0	0	0	0	0.0504622139530985	0.0189334076366027	0.0257283073920077	0	0.0344217973331336	0.352232384414408	0	0.100005705199498	0.0410368952574841	0	0	0	0.635	-0.00139873143659601	1.08780292938805
TCGA-OR-A5KW-01	0.123061386620561	0	0.110186969734568	0.0174045765328545	0	0.175930239097447	0	0.0612111011448934	0.0127624735227311	0	0	0.077978165302236	0.0601144261221881	0	0	0.144293104164676	0	0.102959500340703	0.103054368468245	0	0.0110436889488972	0	0.476	0.0170853793922701	1.0601339531254
TCGA-OR-A5J8-01	0	0	0	0.136139045192797	0	0.0689373413093418	4.21660627589286e-05	0.0446052794605111	0.0082553100769534	0	0.0127981815782085	0	0.0259922988698432	0	0.0997154134193675	0.578164742295854	0	0	0.0253502217343639	0	0	0	0.005	0.304769341379268	0.977448446510826
TCGA-OR-A5JQ-01	0.0658129069323526	0	0.0652664129034811	0.1044118126526	0	0.297656312377891	0	0.0112910406840977	0.0242358661894457	0	0.0156763764054566	0	0.0434370348118132	0	0.071894448029589	0.275030266315378	0	0	0.0252875226978961	0	0	0	0.574	0.00583952834064601	1.08510505384079
TCGA-OR-A5JV-01	0.000971593011609027	0.00606686982566036	0	0.121082699193499	0	0.34690161847554	0.00201942307742047	0	0	0	0	0	0.135804867007744	0	0	0.369384770943044	0	0.0120521209370891	0	0.00292178672945753	0.00279425079893607	0	0.137	0.0838881799112989	1.0723164886342
TCGA-OR-A5KX-01	0.0140358677555443	0	0.0625487468476345	0.0213375002147936	0	0.0582107598603583	0	0.0335961867994141	0.0090184825663397	0	0.0562373816053148	0.00589829603354293	0.158052777969509	0.0395721002740231	0	0.474572241779068	0	0.0204684484820229	0.0464512098124353	0	0	0	0.696	-0.00834388656736866	1.11277840760738
TCGA-OR-A5L5-01	0.0819408628186634	0	0.00329427318763237	0.144048489005263	0	0.148193822792469	0	0.0133101658536708	0.0188014466007772	0	0	0.0218095537834634	0.062805904691599	0	0.0464557407020761	0.247628317544849	0	0	0.211711423019537	0	0	0	0.389	0.0271476145496798	1.07337735417119
TCGA-P6-A5OG-01	0	0	0.0013803615427009	0.119352026871729	0	0.0801705386551862	0.0250597806049178	0.0188373920932	0.00468856113929183	0	0.0862075751514608	0	0	0.203825986376137	0.0486693949949865	0.313397332319255	0	0	0.00570720587346655	0	0	0.092703844377669	0.044	0.156439594286064	1.04750468276542
TCGA-OR-A5LR-01	0.0554106556474196	0	0.0819999668102242	0.0347696588985676	0	0.28088066461303	0	0	0	0	0.0407798251510785	0.00287336671339796	0.0316493725761914	0	0.0149882735948043	0.37310010174211	0	0.0105327015896636	0.0730154126635123	0	0	0	0.415	0.0235326697176302	1.0717782169686
TCGA-OR-A5LT-01	0	0	0.0379263505508641	0.01752366543238	0	0.264040231728081	0	0.0116410185668776	0	0	0.0107091577014831	0.0424924236177929	0.0197992985760515	0	0.000962523032061326	0.429312034019259	0	0.102320015218084	0.0632732815570648	0	0	0	0.627	-0.000507936950344484	1.09516076646028
