B cells naive	B cells memory	Plasma cells	T cells CD8	T cells CD4 naive	T cells CD4 memory resting	T cells CD4 memory activated	T cells follicular helper	T cells regulatory (Tregs)	T cells gamma delta	NK cells resting	NK cells activated	Monocytes	Macrophages M0	Macrophages M1	Macrophages M2	Dendritic cells resting	Dendritic cells activated	Mast cells resting	Mast cells activated	Eosinophils	Neutrophils	P-value	Correlation	RMSE
TCGA-4G-AAZT-01	0.00605042189716195	0.00779028731042756	0	0.206027660613785	0	0.194547613609464	0	0.0104630248602121	0.0718489726984002	0	0	0.0516083813426252	0.0532090805918097	0	0.02205276256576	0.345262388782959	0.00801608946192471	0	0.0231233162654702	0	0	0	0.358	0.0421022735040989	1.08823285666856
TCGA-W5-AA2R-11	0.0273237381639382	0	0.0609584484405218	0.0925595720277995	0	0.225936505793662	0	0.00959460090747672	0.000811405640956155	0	0.12738889844752	0	0.067371515596415	0.14388892926377	0.0452896026902383	0.0757403983663284	0	0	0.080277482128519	0	0	0.0428589025328548	0.42	0.0350117079879403	1.07260611389113
TCGA-W5-AA36-01	0.0157487160588485	0	0	0.0575113990637631	0	0.146263206462918	0	0.0117642178060964	0.0874684918701742	0	0	0.0775152701997348	0.00937342203685064	0.208289971697047	0.0306111269033318	0.307737564206636	0.000834237837619713	0	0.045121593538882	0	0	0.00176078231809751	0.492	0.0262492224466299	1.09968433743472
TCGA-W5-AA2U-01	0.116516755120628	0	0.0220937530809123	0	0	0.323043919163595	0	0.100630504268888	0	0	0.0263087460021475	0.00747632598200065	0.0208705412226178	0.105094433400641	0.151372988052417	0.113266587658535	0.00352549822603953	0.00979994782157803	0	0	0	0	0.249	0.0631046669676215	1.07907492920332
TCGA-ZU-A8S4-11	0.0946325172768144	0	0.00731134623217718	0.0681568656392715	0	0.155785479821298	0	0.00120830028500108	0	0	0.0622491482766324	0.00289508251467283	0.0503889987162867	0.0198492539621721	0.0412332004591278	0.407149926740859	0	0	0.065003764123563	0	0	0.0241361159521238	0.494	0.0259770350926794	1.08119769724347
TCGA-W5-AA30-11	0	0.0317903243241768	0.0183482208220137	0	0	0.312925317704969	0	0.0269281900622745	0.0035152745962283	0.0543864042551136	0	0.0445272944548821	0.109171895294881	0.0455110316844462	0.0864343862920697	0.126933103193198	0.00698642509372285	0	0.127634762431864	0	0.00490736979016042	0	0.568	0.0160220418561205	1.07791343542797
TCGA-W5-AA2T-01	0.0147095530909394	0	0	0	0	0.279940458616201	0	0.0126670750123237	0.1235914937967	0	0	0.196458397022094	0.0504967296450534	0.225419452546758	0.00267218223372836	0.0280903257787214	0.00651529962108368	0	0.059439032636397	0	0	0	0.648	0.00682964177691912	1.12657643124248
TCGA-W5-AA2I-01	0.0626500481633407	0	0	0.140509446100735	0	0.13986197526883	0	0.0203039027489275	0.121267925054489	0	0	0.197004078055635	0.013044916060646	0.0775051552695813	0.00514890295477981	0.135549385665697	0	0	0.0871542646573381	0	0	0	0.835	-0.01452514387395	1.13597914124131
TCGA-W5-AA2H-01	0.10974877199267	0.391128158930776	0	0.131994779290544	0.0421451902771609	0.0135244520414068	0	0.0262562542413327	0.111050065700577	0	0.0225910097689799	0	0	0.079741424406544	0.028058562106869	0.0368784023479517	0	0	0	0.00688292889518799	0	0	0	0.687703521989472	0.746832496129243
TCGA-3X-AAVA-01	0.0571362137134673	0.0980975731146102	0	0.136138717017954	0	0.17812893948307	0	0.118990158859843	0.000447666246493546	0	0	0.0554937511717135	0.00956224417158828	0.0302538826615259	0.0321003544599587	0.250728349224864	0	0.00217602106253962	0.030746128812371	0	0	0	0.2	0.0766033082640652	1.06275924795355
TCGA-W5-AA2Q-11	0.00679164011121592	0	0	0.169840148594917	0	0.146184067395883	0	0.000947112557149381	0.000914169513584612	0.0057010084547785	0	0.0473785782356615	0.1571129344547	0	0.109424090230699	0.23416106455117	0.0186965072944761	0	0.102848678605764	0	0	0	0.318	0.0489994971375247	1.07464136799286
TCGA-ZH-A8Y8-01	0.231180249462297	0.0654453519547606	0	0.00731856483517699	0	0.118639514537748	0	0.056895740597675	0	0	0.0269469963401335	0	0	0.344250680195874	0.0534764436417832	0.0915295536382634	0	0	0.000736171983720036	0	0	0.00358073281256808	0.01	0.24674064839949	1.00289634295693
TCGA-3X-AAVB-01	0.00227034648886988	0	0.0115319546030925	0.0525676457441753	0	0.194747198972326	0	0	0.0437414333329753	0	0	0.0497105133719239	0.0179545472750428	0.133310824937526	0.035123207273094	0.368535152849597	0.0201862995925143	0	0.0703208755588623	0	0	0	0.253	0.0625409628908363	1.07631101803854
TCGA-W5-AA2U-11	0.0690938527273358	0	0.0055147820469453	0.0869623144839732	0	0.0828242757910281	0	0.0789874467345884	0	0	0	0.0521246070960275	0.0148069979877538	0.144481803484224	0.0947374500337995	0.345045736184615	0	0	0	0.02542073342971	0	0	0.265	0.0598525274546347	1.08307242921302
TCGA-W5-AA2I-11	0.0590622102319971	0	0.00239576424719847	0.050328865475298	0	0.234333442441532	0	0.034598810089957	0.0374190527996405	0	0.0252472576139886	0.0310186235010423	0.0242208605876385	0	0.124797149039257	0.277394862302938	0.00748109941962534	0	0.0917020022498878	0	0	0	0.973	-0.0398143954195439	1.10892104681297
TCGA-W5-AA2X-11	0.013562855403333	0	0.0361698271454349	0	0	0.232413288359985	0	0.0104791166265488	0.000615819823813962	0	0.0509851545790664	0.0383416295293833	0.0659924489459422	0.118757966673691	0.0270793203500436	0.170523252926759	0	0	0.19565546239552	0	0	0.0394238572404785	0.435	0.033258983470025	1.07000810118005
TCGA-W5-AA2Q-01	0.137811734923368	0	0	0.0541948140272799	0	0.074561023394856	0	0.08264330957452	0.0379645225632921	0	0	0.0639712761456415	0	0.21617045370692	0.140742694053476	0.146851154509017	0	0	0.0450890171016289	0	0	0	0.55	0.0186318166671525	1.09926678320294
TCGA-W5-AA30-01	0.109082096260321	0	0.0422817969703708	0.132920989087098	0	0.13161335692178	0	0.0249248749558112	0.0740561918564414	0	0	0.0643051789574869	0.017262906572914	0.0434749400882025	0.0880324765352508	0.229016794287434	0	0	0.0430283975068896	0	0	0	0.473	0.0289678097845073	1.07683834912417
TCGA-W5-AA2G-01	0.0496717150026087	0	0	0	0	0.219631260089115	0	0.0271535912601014	0.00709471988979901	0	0	0.0177617331119071	0.0546286344213871	0.21583163341295	0.067863304205446	0.314273475999156	0	0	0.0260899326075298	0	0	0	0.0590000000000001	0.141401130840041	1.0489073361084
TCGA-YR-A95A-01	0.106110331402978	0	0	0.100592824622143	0	0.191935995187442	0	0.108496908376754	0.0206602216473081	0	0	0.0709193241547466	0.0211865134485256	0.0199169673115491	0.116576709341367	0.182776605483551	0	0	0.0608275990236347	0	0	0	0.77	-0.0077762854388122	1.1025472587098
TCGA-ZH-A8Y6-01	0.0972934242740586	0	0	0	0	0.173648203437427	0	0.119997838577296	0.0601385377332675	0	0	0	0.0248934260203968	0	0	0.441865226686005	0	0	0.0821633432715488	0	0	0	0.766	-0.00716456281912819	1.09930773989421
TCGA-W5-AA34-11	0.0781448147009838	0	0.0811498194894664	0.0852147856531337	0	0.124109611382026	0	0.0365455639727922	0.0380121734995423	0	0.0563351077181291	0.0356468944106607	0.0155101616140393	0	0.0971248621229042	0.332962922993387	0	0	0.0191075637879499	0	0	0.000135718654985412	0.848	-0.0166411220558275	1.09459827691999
TCGA-3X-AAV9-01	0.0677887054065009	0	0.119919841804844	0.20170761303356	0	0.207851631069281	0.0121969154452416	0.0263713098188556	0.0280684830491737	0	0	0	0.0203508709452603	0.0631195087524377	0.0377325987753582	0.169989607926486	0	0	0.0449029139730018	0	0	0	0.015	0.216999427276112	0.995039793760177
TCGA-W5-AA2O-01	0.0946859254150303	0	0	0	0	0.10722244959887	0	0.0396306179395781	0.0590664115785984	0	0.0174838668770713	0.0356034183336952	0.0311214807005973	0.0885963732497583	0.0257498184859049	0.457557154224415	0	0	0.0343546495206291	0	0	0.0089278340758527	0.494	0.0260021950271676	1.09625159619363
TCGA-ZH-A8Y1-01	0	0.00720163751209153	0.00112880681116132	0	0	0.25130387162145	0	0.0233844237998409	0.0425953739663312	0	0	0.0975951813404844	0	0.504410354152831	0	0.0644365949432984	0	0	0.00794375585251145	0	0	0	0.054	0.146579938984791	1.09018562823737
TCGA-W5-AA38-01	0.0153123632510941	0	0	0.0718191248445342	0	0.11668182066396	0	0.0204273746313587	0.0779052158155256	0	0	0.057854029394583	0.0252014098814013	0.326234072113349	0.00709335877842993	0.256373953772439	0	0	0.0250972768533247	0	0	0	0.00600000000000001	0.309370353013124	0.975477895587863
TCGA-WD-A7RX-01	0.103460964290454	0.0315878434211817	0	0.13989079251004	0	0.215558942656476	0	0.0940226203765244	0.0720292549678199	0	0	0.0512180939907192	0.0191524012588696	0.0812873451220394	0.0873656130773269	0.0776065942144365	0	0	0.0268195341141124	0	0	0	0.022	0.197396446606003	1.01859591043934
TCGA-W5-AA31-11	0	0.0050300185279529	0.0359831807660328	0	0.00459856481733259	0.371971302454329	0	0.00941152751153531	0	0	0.085164207223442	0.0431298102517266	0.114493581596981	0.0248656627537032	0.0130100121601015	0.161480821657072	0	0	0.0793144186825222	0	0	0.0515468915972701	0.812	-0.0116865156281848	1.09573465096349
TCGA-W5-AA2X-01	0.136123679763642	0	0.131424372539586	0.00446212665418363	0.0160579345809882	0	0	0.0119060692872139	0.0555036263721373	0	0.0292420831101062	0	0	0.424786292119933	0	0.027964071459176	0	0.0367856350639859	0	0.0576967904528674	0	0.06804731859618	0.114	0.108456483729326	1.07604399251184
TCGA-W6-AA0S-01	0.0875334864431984	0	0	0.045124924868839	0	0.221680343295635	0.00371927544729289	0.0361257714619201	0.0599927721700518	0	0.0616553462870611	0	0.0500085588173528	0.00889654533181563	0.0791977153801416	0.295660205019836	0.0112352788756269	0.00350616758063654	0.0124261573098727	0	0	0.0232374517107196	0.312	0.0504502466695976	1.06911981624562
TCGA-ZH-A8Y4-01	0.0328305315103121	0	0	0	0	0.18211143429327	0	0	0.0688756704157134	0	0	0.0708224663054431	0.00204693553115146	0.44587128235925	0.0205864560271429	0.117641592646131	0	0	0.0457331508097167	0	0	0.0134804801018697	0.026	0.183779312296658	1.05238597079536
TCGA-W5-AA2R-01	0.0112099228244944	0.00577504594935094	0.0123024344459417	0	0	0.273492227786939	0	0.0333534590618591	0.103057408905896	0	0.00365688472527692	0.0302134297267825	0.0280518053965266	0.189796947852661	0.144500434710205	0.0864924605458943	0.018679528664469	0	0.0594180094037043	0	0	0	0.00600000000000001	0.303814650477687	0.966088830859785
TCGA-W5-AA34-01	0.0179227385336248	0	0	0.069486230266502	0	0.251531414521593	0	0.025077916287478	0.0890261871537827	0	0	0.0590552492053756	0.024203046974628	0.0311880238573438	0.0661858085546213	0.210054823617875	0.0868425728008724	0	0.00525583961773914	0	0	0.0641701486085647	0.153	0.0881372727077675	1.05785668226682
TCGA-ZH-A8Y5-01	0.125187871275299	0	0.0880197799521469	0	0	0.156671347491439	0	0.105760829149043	0.0479719180040627	0	0.00223699063755344	0.0410867295002532	0	0.162141305702439	0	0.208227817533888	0	0.0408596649701849	0.0106258048511803	0	0	0.0112099409325102	0.551	0.0184728815456635	1.07504043310622
TCGA-ZU-A8S4-01	0	0.00117354651187597	0.0634423130164792	0.363574217743633	0	0	0.00842852850843859	0.0711997537029594	0.0524427685343644	0.00405794309344415	0	0	0	0.0423467207343384	0.0919158587933905	0.2630058398973	0.00144276312440823	0	0.0164125812291841	0	0	0.0205571651101847	0.01	0.250862936372858	0.99146265870953
TCGA-ZH-A8Y2-01	0.001414615691972	0.00521495717031775	0.00561038571738434	0	0	0.38308305005508	0	0.025606128978454	0.117363436100112	0	0.068887149367354	0.0280213076105108	0.0696573547466279	0.0925419688404351	0	0.145580003827058	0.00214938736007582	0.0422047401964642	0	0.00629781810072412	0.00636769623743071	0	0.378	0.0395650396614727	1.087266601633
TCGA-W5-AA33-01	0.191758645669354	0	0.00805587281037859	0.0919356417203129	0	0.227632344768839	0.0104438313170899	0.061940554669271	0.0188730178695306	0	0.0326619027377317	0	0.0258995842078136	0.0283714735871465	0.0408044491921553	0.202131790880389	0	0.0323360177054745	0.00328556135987393	0.0036791604802845	0	0.0201901510243547	0.104	0.112429451762046	1.04407502011101
TCGA-4G-AAZO-01	0.0702878293654755	0	0	0.0877450475980364	0	0.2055264685984	0	0.0230014779901521	0.120451626435048	0	0.0144207707726454	0.0683648241727256	0.0412852843224013	0	0.0612645638962663	0.25124562917357	0	0	0.0564064776752808	0	0	0	0.508	0.0241027814592819	1.08434595495792
TCGA-3X-AAVE-01	0.0966389910874169	0.0206726763164639	0	0.169020832922413	0	0.113384129469881	0	0.0706821937983256	0.104505411943761	0	0.00460441671322982	0.0201882595654878	0.0088353063894227	0.0516940306611998	0.132964050197488	0.150482084259494	0	0	0.0409753204520794	0	0	0.0153522962233367	0.015	0.221082275150892	1.00429218264873
TCGA-W5-AA2W-01	0.00548834878303793	0	0.00488236089704268	0.167641052428275	0	0.137480631462115	0	0.125888963185169	0.0327636168518535	0	0	0.0874956916958399	0.0315570848914121	0.0814766485660795	0.0841612291440147	0.160680002891263	0	0	0.0797729811272174	0	0.000711388076679414	0	0.659	0.00598535727121153	1.09977181838824
TCGA-W5-AA2Z-01	0.0269895412116389	0	0	0	0	0.0970327611586021	0	0.0264640465030481	0.10092789747145	0	0	0.231753901985117	0	0.12834978047281	0.0364734278737459	0.174741177267993	0.0105265771845545	0.0680740222758385	0.0711363526566299	0	0	0.0275305139385722	0.224	0.0716825194305888	1.0906754649608
TCGA-ZD-A8I3-01	0.0627956311490744	0	0	0.04335492744835	0	0.140356098924048	0	0.0162507365502636	0.0680315830883445	0	0.0288773962409035	0.0119816435291735	0	0.387663438318223	0.0883949115757452	0.142691744325165	0	0	0.00960188885070992	0	0	0	0.533	0.0207227836014759	1.12451071147596
TCGA-3X-AAVC-01	0.0991410683388535	0	0.0814605203102423	0.0699108783604218	0	0.104012836840755	0	0.105769914319814	0.0766210572727653	0	0.0641431394127892	0.00296359362885381	0	0.138820284376859	0.084787404891558	0.105627718866747	0	0.0319126874152807	0	0.033538770725717	0	0.00129012523934318	0.234	0.0675530151517547	1.05743542943649
TCGA-W5-AA31-01	0	0.00554225310663962	0	0	0	0.272629341058093	0	0.00785054456093334	0.0673308671429684	0	0	0.113255986183409	0.0281080362346283	0.351116401012108	0.0137215723329566	0.0986263483477292	0	0.00271578992127639	0.0171549183030062	0	0	0.0219479417962521	0.169	0.0836314588788271	1.09082979770017
TCGA-W5-AA39-01	0.0599234380171945	0	0.26022717637333	0	0	0.0769821250002255	0	0.0640928988923938	0.0111733362071177	0	0	0.0996504415425454	0	0.0909112133911843	0.0420279056211105	0.0427522707607133	0	0	0.230329866699291	0	0	0.0219293274948936	0.972	-0.0394788805443808	1.08255260724135
