B cells naive	B cells memory	Plasma cells	T cells CD8	T cells CD4 naive	T cells CD4 memory resting	T cells CD4 memory activated	T cells follicular helper	T cells regulatory (Tregs)	T cells gamma delta	NK cells resting	NK cells activated	Monocytes	Macrophages M0	Macrophages M1	Macrophages M2	Dendritic cells resting	Dendritic cells activated	Mast cells resting	Mast cells activated	Eosinophils	Neutrophils	P-value	Correlation	RMSE
TCGA-FF-8043-01	0.349926779740644	0.131387214115856	0.00443636496625501	0.113623578992472	0	0	0.00402616014444046	0.0291968590105111	0.0497617143211544	0	0.0484670378945725	0	0	0.176952266354495	0.0203577653038393	0.0718642591557594	0	0	0	0	0	0	0.001	0.334545374719995	0.957705274619684
TCGA-GR-A4D4-01	0.274847005965393	0.309777853295232	0.00635962218995034	0.0213015182253606	0	0.0699415886142722	0	0.0373635301248381	0.0248161110382703	0	0	0.00208910470678672	0.00900186318187391	0.164647411012503	0.0368145228746925	0.0362382595248935	0	0	0.00680160924593387	0	0	0	0	0.558485869539278	0.8293621900353
TCGA-G8-6909-01	0.0321266481578077	0.246027303166072	0	0.112173135512769	0	0.0300113345700635	0.0900480610989313	0.0321323078721653	0.0844103814794707	0	0.0202592549714026	0.0238463682461276	0	0.144508796528227	0.0536455870954673	0.0796548704009109	0	0	0.0465524208240028	0	0	0.00460353007658275	0.003	0.312891642866676	0.954953674456643
TCGA-FF-A7CR-01	0.226505787695216	0.139544717436504	0	0.122729743677963	0	0.00435225009177349	0.107520277829163	0.0291988156841755	0.000648282761978544	0	0.0511974123442593	0	0.00113814285531006	0	0.133910550322506	0.152926500387101	0	0	0.0178380916346353	0	0	0.0124894272794149	0	0.39593066706767	0.920609528532138
TCGA-FF-8062-01	0.0166738371712285	0.314383325428575	0	0.179301909747788	0	0.0297762960590698	0	0.0500307929863488	0.0572036607610189	0	0.0121908983277618	0.0196359932235651	0.00761698068369874	0.218633409290624	0.0397511298682936	0.0367661347621793	0	0	0.0180356316898478	0	0	0	0	0.541429414202216	0.843879504585153
TCGA-GR-7351-01	0.0593893527897125	0.239566323910624	0	0.0496683877239887	0	0	0.00621494991766648	0.0399039744683389	0.0427290713618114	0	0	0.0312234721766983	0	0.415879341935045	0.0347397485133773	0.0482914533916161	0	0	0.0323939238111213	0	0	0	0	0.686598075426161	0.744969892456391
TCGA-GS-A9TW-01	0.0486969279636494	0.180795156296171	0	0.0989331195621274	0	0	0.140233422228935	0.0241086098197323	0.00156048376422833	0	0.0348133381168034	0	0	0.193528435647845	0.0708787806329644	0.0255612017649612	0	0.145501021007244	0.0353895031953378	0	0	0	0	0.610587952406037	0.809055903012385
TCGA-GR-A4D5-01	0.0406652886993448	0.248436438991051	0	0.0651521903985806	0	0.0273318732486768	0.016570336366825	0.0588856711120301	0.0304368475449504	0	0.060198314725	0	0.0050551126060754	0.242248860376846	0.110315314628346	0.0818682556339473	0	0	0.00937375405086751	0	0	0.00346174161745877	0	0.635826261437902	0.790006425195524
TCGA-G8-6907-01	0.169627308887136	0.624180808317207	0.0108488279933827	0.00321478150584728	0	0	0.000524995052358111	0.019367965131305	0.0310841297125298	0	0.0196130497633077	0	0	0.0663910057235383	0.00770568302580747	0.0474414448875806	0	0	0	0	0	0	0	0.611949743766445	0.790927106160484
TCGA-RQ-AAAT-01	0.157351119718225	0.513890646027082	0	0.0212571837230296	0	0	0.0143889862427813	0.0926542047847192	0.013009966027168	0	0.0394880755227214	0	0.00862111566822731	0.096400852801024	0.0017617708793529	0.0307178756660913	0	0.010458202939577	0	0	0	0	0	0.503883801197046	0.865220264027172
TCGA-FM-8000-01	0	0.605297717198978	0	0.0202607783301179	0	0.0302923628163048	0	0.0386330995946723	0.0181075116938242	0	0	0.0144086177718318	0.0191548317813566	0.109906846464768	0.0302439276767278	0.10069610980959	0	0	0.0129981968618282	0	0	0	0	0.571662001775748	0.822241213740978
TCGA-GS-A9TZ-01	0.0222590085285544	0.191691254969361	0	0.0774135759263518	0	0	0.029293943061769	0.0392060258783534	0.100343538274665	0	0.0393221857189692	0	0	0.288041831809485	0.018472867998685	0.0945865031648798	0	0.0777110242395252	0.0216582404294011	0	0	0	0	0.57647200851403	0.82583592547585
TCGA-FF-8047-01	0.273657979399888	0.293412222251789	0.0834374900765212	0.0425990093582878	0	0	0.0324048201708131	0.0297024436642185	0.0253256726153768	0	0.0485358075091	0	0	0.0963124832444429	0.0173211933727222	0.0409299982643179	0	0.011031801085747	0	0.00532907898677513	0	0	0	0.425095873494287	0.908467745320148
TCGA-FA-A4XK-01	0	0.535217586249686	0	0.0128537431591749	0	0	0.00441123771212192	0.0264792020393314	0.0532905215461093	0	0	0.0203378329217836	0	0.289993113750326	0.000828375696004251	0.0284207229457291	0	0.00932964532529473	0.0188380186544386	0	0	0	0	0.645848314095222	0.773695891355474
TCGA-GS-A9TV-01	0.0332397255672059	0.0679041354868068	0	0.197826338223497	0	0	0.040356952948066	0.0512042303104577	0.0650147682875091	0.0341083063344278	0.0389295261849096	0	0	0.223716924146935	0.13979033193577	0.107908760574415	0	0	0	0	0	0	0	0.506986418226307	0.861281442917294
TCGA-RQ-A6JB-01	0.0888415513081793	0.441529411818276	0	0.0305464442502924	0	0.0163896546944287	0.0207268366601487	0.0297202430215633	0.0334680008047898	0.0124969572013533	0.0282496659417622	0	0	0.166198609084603	0.0600978740874775	0.0631663368994082	0	0	0.00856841422771746	0	0	0	0	0.50261417401345	0.863989925565123
TCGA-FF-A7CW-01	0.197802513503816	0.184821229177536	0	0.228113074368249	0	0	0.0269855770058449	0.0945922572880227	0.045619489176839	0	0.00162118074471937	0	0	0.147526917376939	0.0271530084638002	0.0416972652688816	0	0	0	0.00406748762535262	0	0	0	0.611033615426818	0.80077556257398
TCGA-FA-A6HO-01	0.281617951129277	0.0772566231911768	0	0.113283969955605	0	0	0.0246585021385908	0.0439153065454518	0.0433586409837866	0.0487290369887462	0.0126263771925555	0	0	0.239361366377091	0.0759851921138873	0.0307037722274041	0	0	0.00850326115642775	0	0	0	0	0.51087340556707	0.859264248597003
TCGA-FA-A82F-01	0.373001424547791	0	0.030397453220245	0.0980349462050794	0	0	0.034267034991763	0.0720625486883557	0.00438641946436042	0	0.0604898667247743	0	0	0.185061174650102	0.0416060423432137	0.100565745708196	0	0	0.000127343456120286	0	0	0	0	0.416283218774007	0.91015267446097
TCGA-GS-A9TY-01	0	0.620708611255935	0	0	0	0	0.0168847215450953	0.0642092697381023	0.0344776684012532	0	0.0104315801847237	0.0050288637434826	0	0.156993529639637	0.0278816973221566	0.0491432799502264	0	0	0.0142407782193873	0	0	0	0	0.604739987317774	0.800375149361892
TCGA-FA-A7Q1-01	0.233112658754002	0.591721547967839	0	0.0294034982397845	0	0	0.00374167035387371	0.0304438319144118	0.0137014219175955	0	0.0100862820179602	0	0	0.0364262865518104	0.00700138423702879	0.0443614180456946	0	0	0	0	0	0	0	0.669342203626179	0.743063369469473
TCGA-FF-8046-01	0.189421701148336	0.104266190657976	0.0450597692510945	0.110733418258563	0	0	0	0.0720420343558291	0.0659195830028921	0	0.0145395219439267	0.0325749064206665	0.014235499159397	0.183903681938697	0.0412035645060733	0.107623779149326	0	0	0.0184763502072229	0	0	0	0	0.57530741079547	0.829052856610397
TCGA-GR-A4D9-01	0.0984305225689874	0.350870579485085	0	0.129587153551812	0	0.0509274844931761	0.0901843406568347	0.0308867380186647	0	0	0.0649315631525339	0	0.00570839970578829	0	0.0449191704184012	0.130686259822655	0	0	0.00286778812606213	0	0	0	0	0.447836504215228	0.893728072223554
TCGA-G8-6914-01	0.108860992920816	0.0565836482730503	0.021282280121433	0.16612752768422	0	0.0198857157878203	0	0.0682696971989015	0.0502249358300682	0	0.00377296052448202	0.0382144850569152	0.00241206416585991	0.272075041416497	0.0253360036842562	0.149590443783685	0	0	0.017364203551996	0	0	0	0	0.541315087422097	0.843517313782217
TCGA-FA-8693-01	0.0509887721409088	0.0960197929285637	0.0345041987547151	0.122362672329995	0	0.0192349631422213	0.0373603170242817	0.0452845367807316	0.0302019644606882	0	0.0295745544466471	0	0	0.333935190694269	0.0791125679595681	0.10259189804347	0	0	0.0188285712939405	0	0	0	0	0.593992211502857	0.812302664072604
TCGA-RQ-A68N-01	0.186127130745585	0.150820025471488	0	0.141826571609773	0	0	0.0705989929524699	0.0683402023801132	0	0	0.018116625600415	0	0	0.202256439642062	0.0546239379175531	0.107290073680541	0	0	0	0	0	0	0	0.559119209161789	0.834961024838183
TCGA-FA-A86F-01	0.232274886245675	0.0446848745601474	0	0.148574243690803	0	0.0584213721467201	0.0236390262026055	0.133643637433137	0.0227245881599681	0.0178008936829301	0.0266057372500474	0	0	0.163579353557995	0.0633659325884456	0.0611090413849151	0	0	0	0.00357641309661104	0	0	0	0.480167143442337	0.876433805520604
TCGA-FF-A7CX-01	0.225485779881341	0.49297190947506	0	0.0294031025633681	0	0	0.00625966651704178	0.0413123434797722	0	0	0.0184784511001625	0	0	0.132074708793632	0.0292800323752288	0.0247340058143941	0	0	0	0	0	0	0	0.610959807643448	0.791623682056733
TCGA-FF-8061-01	0.239210668941276	0.31100526547712	0	0.0532246856361429	0	0	0	0.0216209743531265	0.0333699827423475	0	0.0029079650846051	0.000586585247626843	0	0.187858207310412	0.00855759193300986	0.134163229120581	0	0	0.00749484415375141	0	0	0	0	0.572786364923302	0.820762366089076
TCGA-G8-6906-01	0.0839990758082783	0.521715242435232	0	0.0485086074577191	0	0.0021762122125424	0	0.053562048085313	0.0218136482410015	0	0.0105243040908571	0.010280415730532	0	0.173528769572704	0.0253608228577672	0.0415787071637293	0	0	0.00695214634432386	0	0	0	0	0.504595515661964	0.863360277650739
TCGA-VB-A8QN-01	0.0954871111892912	0.432112247883202	0	0.0119482259993138	0	0.00727828667523314	0.0175935633591359	0.0715950820194065	0.00016788181378545	0	0.0655136582886632	0	0	0.177796286803779	0.0791091033315014	0.0413985526366882	0	0	0	0	0	0	0	0.547150515391147	0.83771274213078
TCGA-GS-A9U3-01	0.225132707346071	0.017888388336311	0	0.0593460439083726	0	0.0909992054149382	0	0.0736861234116422	0.0725957713343786	0	0.00336947323553331	0.0105911468036251	0	0.295979881472889	0.0854090564059432	0.0491574729199356	0	0	0.0158447294103606	0	0	0	0	0.516806535735869	0.856023236367386
TCGA-GS-A9TQ-01	0.535856439154813	0	0.0129702686959707	0.0658509378610854	0	0	0.00853172262338368	0.0479563452309454	0.00328442212061468	0.0173802919628727	0.0140415980509123	0	0	0.232490308038349	0.0259055816912964	0.0317827524671965	0	0	0.00394933210256055	0	0	0	0	0.546204972405345	0.837010885586554
TCGA-FF-8041-01	0	0.280339753476004	0	0.0790654149251337	0	0	0.0520980290589573	0.0726050308795105	0.0358136469412185	0	0.0367229277789642	0	0	0.310446753749077	0.0849602194058346	0.0288498626120658	0	0	0.0190983611732344	0	0	0	0	0.536858676925002	0.845949630207509
TCGA-FA-A7DS-01	0.163185377273079	0.235523189132119	0	0.167343289797615	0	0	0.151645236065577	0.0180685390720753	0.00239159879356226	0	0.0990951844567035	0	0.0152204417557429	0.00738890190193783	0.0609181164899198	0.0487348734806037	0	0.0035203019558368	0.0269649498252283	0	0	0	0	0.49087830812026	0.870532727132295
TCGA-GS-A9TT-01	0.146290514075143	0.354969181634787	0	0.00539565425428762	0	0.047164797982988	0.030171681077264	0.0408258668167887	0.0299567827897034	0	0.0681533307175764	0	0	0.203356467736654	0.0146732773795055	0.0541040347146335	0	0.00493841082066799	0	0	0	0	0	0.581224218469279	0.818377126271445
TCGA-GR-A4D6-01	0.389670343439711	0.106633794174788	0	0.187531299868281	0	0	0.0168722877265085	0.0755267603693814	0.0454058560671381	0	0.0319361340810306	0	0	0.0324948733542816	0.0273775097478678	0.0865511411710115	0	0	0	0	0	0	0	0.567709214415288	0.82306192803645
TCGA-G8-6326-01	0	0.00410709100598886	0	0.174504970333542	0	0.0502061906449216	0.0486135535451538	0.0772260723492793	0.101053402764401	0.0557701788277739	0	0	0	0.217366056129404	0.10409087802581	0.145613120343576	0	0	0.0214484860301497	0	0	0	0	0.616007498290621	0.798193644344669
TCGA-GS-A9TX-01	0.378039632092074	0	0	0.122187886871575	0	0.176272609981005	0	0.097124205617377	0.0815010058420075	0	0	0.0322341281300551	0	0.0519340700344656	0.0139842429480924	0.0336347449185124	0	0	0.0130874735648351	0	0	0	0	0.541102384335536	0.840188717359353
TCGA-FF-A7CQ-01	0.0677622283659863	0.147288250276538	0	0.195377266949763	0	0	0.210250520045676	0.00578251087276265	0.0167957854511039	0	0.0665344108717985	0.0276451249569914	0.0275417256992835	0.00874735242198651	0.0822379879252406	0.0597911267711905	0	0	0.0793266416018168	0	0.00379067964908031	0.00112838814078196	0	0.441689578468493	0.896350762805996
TCGA-FA-A4BB-01	0	0.301891088447567	0	0.0682431833110946	0	0.0195192324486566	0.0107594807080746	0.0916725759579841	0.116099491082536	0	0.0150310827733124	0.00503717570773464	0	0.24517183080777	0.0771792656935129	0.0374835896217042	0	0	0.0119120034400528	0	0	0	0	0.394159410658196	0.920547095314046
TCGA-G8-6325-01	0	0.144412873592975	0	0.119668586563058	0	0.0599537317059255	0.0034864036052831	0.0454592151460528	0.0284419912220729	0	0.00100776073328198	0.0175541058781574	0.00250954441167539	0.378735394063368	0.13855517660517	0.0449838740446497	0	0	0.0152313424283301	0	0	0	0	0.724640404339082	0.714992922281723
TCGA-FF-8042-01	0.112980289774261	0.196320171249546	0	0.117747448221706	0	0	0	0.0533850812372863	0.0588689077553483	0	0	0.0263446099068467	0	0.370049486715356	0.0279561793294453	0.0341762820935268	0	0	0.0021715437166778	0	0	0	0	0.666984537991249	0.7613444487348
TCGA-G8-6324-01	0.427181118462485	0	0.0564351641633957	0.0740208451178509	0	0	0	0.0350641404767568	0.198455974886126	0	0.0240124832495982	0	0.0190550467425992	0.0669819640764834	0.0348463567642143	0.0523592160081086	0	0	0	0.0115876900523826	0	0	0	0.588824313617913	0.812211277292369
TCGA-GS-A9TU-01	0.230733625030543	0.00367714263248797	0	0.211506989255814	0	0	0.0779053566491765	0.0384853519279571	0.078326388049599	0	0.0198502617671135	0	0.0141158672149464	0.225335361612623	0.0559341089178991	0.0337008381314713	0	0	0.010428708810369	0	0	0	0	0.40939198123289	0.912852147961337
TCGA-GS-A9U4-01	0.00330013199659076	0.0821681423675091	0	0.104900497835333	0	0.00439118921564211	0.0859570591791571	0.077631558895875	0.0661634117341785	0	0.048639892284238	0.0353147128134866	0.00800412500964185	0.083413363903547	0.244381487295753	0.0613769696021147	0	0.0641990833935867	0.0122563918715656	0	0	0.0179019826017809	0	0.643425846828024	0.76919674154155
TCGA-GR-7353-01	0	0.610794216604407	0	0.108905630699999	0	0.000116465289668127	0.00118436935709873	0.0703830208549883	0.0969509367307158	0	0.0127719914323854	0.00707281741765607	0.00131474197061266	0.0254826695053104	0.03128798398554	0.0301919367062803	0	0	0.00354321944533784	0	0	0	0	0.480015913295353	0.879405618708095
TCGA-FA-A6HN-01	0.153720618255826	0.327610974374563	0	0.0546278681080626	0	0.00438384080541936	0.0329236677938569	0.0669463744200458	0.0288099894266664	0	0.0657664990803793	0	0.00867998793206203	0.0525641269302906	0.103066218678801	0.0955503052332011	0	0	0	0.00534952896082591	0	0	0	0.632705213640478	0.787040745378276
