B cells naive	B cells memory	Plasma cells	T cells CD8	T cells CD4 naive	T cells CD4 memory resting	T cells CD4 memory activated	T cells follicular helper	T cells regulatory (Tregs)	T cells gamma delta	NK cells resting	NK cells activated	Monocytes	Macrophages M0	Macrophages M1	Macrophages M2	Dendritic cells resting	Dendritic cells activated	Mast cells resting	Mast cells activated	Eosinophils	Neutrophils	P-value	Correlation	RMSE
TCGA-L5-A4OF-01	0.106621002294943	0	0.0173363207233592	0	0.0489662945997307	0.370392237604512	0	0.060672602395007	0.0290956638842957	0	0.0989955246398793	0	0.0325275977398765	0.0676315597340538	0	0.023015406475737	0	0.0702662472593759	0	0.0744795426492294	0	0	0.644	0.0140455346457883	1.09903481365041
TCGA-LN-A49R-01	0.0174192508974386	0	0.000735450388242206	0.0753996074769749	0	0.116326438587569	0.0334612026901903	0.070734632971539	0	0	0.0147064877127962	0.0435856078011564	0.000765240012464364	0.10617550257114	0.138191049346495	0.274668726507098	0	0.0507329075565924	0.0570978954803044	0	0	0	0.03	0.180186886770898	1.02694734008007
TCGA-Z6-A9VB-01	0.0629536567315819	0	0.210909348308694	0	0	0.169197534935429	0	0.201024723009621	0	0	0.0573761704252249	0	0.0207204220530356	0.0927397522616235	0	0.146268969081254	0.00952655666831916	0.0241597417246161	0.00512312480060111	0	0	0	0.428	0.0398228503385656	1.05501139236363
TCGA-L5-A8NF-01	0.106355844351432	0	0	0	0	0.424311985835761	0	0	0.054209948174509	0	0.0463870844182407	0	0	0.16704261662771	0.0541838934034739	0.104737015635751	0	0	0	0.0391420870740698	0	0.00362952447905261	0.835	-0.0103623913003553	1.1078043977658
TCGA-2H-A9GG-01	0.191534544458467	0	0.0619914967042155	0.05835710949506	0	0.290813382922842	0	0.116141739770796	0.0221979849604381	0	0.0259478388371736	0	0.00920508310571648	0.0100667935200033	0.0565245952499119	0.155422397035043	0	0.000135969881640609	0.00166106405869261	0	0	0	0.42	0.0409242142833641	1.08036520300481
TCGA-IG-A3QL-01	0.0613806499110519	0	0.349725501168428	0	0	0.126450746681894	0	0.0297230662694577	0.0101053736885074	0	0.0400046761920922	0	0	0.247428919734972	0.0182559456572697	0.066912530273882	0	0.0228779517492481	0	0.0271346386731961	0	0	0.765	-0.0024332798653267	1.07046694700567
TCGA-VR-AA7B-01	0.0760169321027577	0	0.112290410980974	0	0	0.354317676085371	0	0.0160427609555989	0	0	0.00319953950929994	0.0319762201608563	0	0.282280199388863	0	0.0337259178735959	0	0.0675716327186254	0.0225787102240588	0	0	0	0.531	0.0260812929050952	1.08539670035766
TCGA-2H-A9GN-01	0.0338870839966454	0	0	0	0	0.383752523959394	0	0.0307406269347582	0.0401941492792474	0	0.0433962142432756	0	0.0170171113650394	0.134698049830872	0.0480487149892521	0.10701865273177	0	0.0411033876447339	0	0.0845002683878489	0	0.0356432166371641	0.92	-0.0265828803663294	1.10836721581843
TCGA-L7-A6VZ-01	0.119366139101552	0	0	0.0717426063452451	0	0.146850859016716	0	0.0225168964788527	0.0829052282966553	0	0.0686180439724014	0	0	0.139774818302732	0	0.128740648876863	0	0.178977171077561	0	0.0368044530529989	0	0.00370313547842254	0.508	0.0288862531222442	1.0823166287232
TCGA-L5-A4OF-11	0.122616772583942	0	0.0210575870656689	0.0532627057914843	0	0.312602754675345	0	0	0.00712555719488414	0	0.0756965659382155	0	0.0155684610023681	0	0.00930445210165681	0.0733784077896706	0	0.0199840129816481	0.227272574469558	0.0621301484055583	0	0	0.682	0.0094666235050025	1.09970529169717
TCGA-IG-A4QS-01	0.0343835319345766	0	0	0.0662698872112595	0	0.183723818947619	0.052237545513161	0.0421762434671577	0.00678834518488358	0	0.0632314592287704	0	0.00010328504170843	0.16392505172447	0.0528293473343288	0.295102496906753	0	0.0175047380425046	0.0217242494628072	0	0	0	0.649	0.0133285241680398	1.09341209758924
TCGA-LN-A5U6-01	0	0	0.0408036558323167	0	0	0.102537257187002	0	0.118992520624617	0.0214370441425006	0	0	0.0699537953225404	0	0.347329182904493	0.0587589871489589	0.113752935669831	0	0.0813238306580091	0.0385868278130252	0	0.00652396269670618	0	0.224	0.0747576678352333	1.08550361847107
TCGA-LN-A9FP-01	0.00682806450724177	0	0.0458871736732998	0	0	0.336542782416768	0	0.0922105340554323	0.00588639819431061	0	0	0.034291099179734	0	0	0.0340912776327441	0.268851676743319	0	0.0510001133511648	0.121261055963886	0	0	0.00314982428210039	0.216	0.0783451811206196	1.05324015467604
TCGA-JY-A939-01	0.0484408669390692	0.0446040428139901	0.0582657472309684	0.0641866209172542	0	0.280846529626696	0.0115064274828001	0.0245235741684218	0.0737136371175157	0	0.0695700354032548	0	0.00303870284760788	0.0346493044670505	0.117923770658992	0.135159556656245	0	0.0034692625431957	0.0301019211269395	0	0	0	0.017	0.216219296317135	1.00270674852595
TCGA-VR-A8EY-01	0.0583022892509546	0	0.170560602421953	0.0200142533566892	0	0.0897671212929661	0	0.0479776903235489	0.0507991373118135	0	0.0439631367046652	0	0	0.258365431161575	0	0.104263266649763	0.0153281746984401	0.0876231207099305	0	0.0530357761177008	0	0	0.244	0.0704187290038078	1.05556630870485
TCGA-IG-A6QS-01	0	0	0.00771283631223929	0.0769499878161034	0	0.184457644868424	0.0214284954599552	0.0470917361334669	0	0	0.0912875676925391	0.0280091315789954	0.0172803337769459	0.153549190922694	0.22280486869836	0.0652105520618482	0	0.0801812097303198	0.00403644494810826	0	0	0	0.001	0.361237076213588	0.957295464233771
TCGA-L5-A4OT-01	0.106742823181998	0	0	0	0	0.353677142011496	0.00598802501009973	0.033587546266254	0.0606951379964563	0	0.0538338603032383	0	0.00595053723857629	0.0174257435200843	0.0485425640087296	0.241910122446646	0	0.01152392154224	0.044600085474263	0.0155224909999179	0	0	0.677	0.0101990389080141	1.08618962847592
TCGA-V5-AASX-01	0.0835014096302449	0	0	0.123996888070952	0	0.242892669726149	0.0121698484757512	0.10529811126141	0.0492953624504802	0	0.0765153815693192	0.0098038528132364	0.00151224255675294	0.0900715516268778	0.118304207061029	0.0385082936729955	0	0.0219734203518533	0.0164254661198514	0	0	0.00973129461309736	0.252	0.0682303063421445	1.0872156170635
TCGA-X8-AAAR-01	0.209279017889203	0	0.0803859980775442	0.0590436928528745	0	0.244090816205436	0	0.104410862238812	0.0267645034376787	0	0.0249692998320064	0	0	0.0153004780504448	0.0808460673145051	0.0978620495477628	0	0.0391472016677531	0.0179000128859794	0	0	0	0.429	0.0395349376944492	1.07763363486486
TCGA-LN-A8I1-01	0.0263140449556664	0	0.000574596969078276	0.200171892882329	0	0.0702527210604347	0.0309776188602007	0.191514443374215	0.0142195201485289	0	0.0276443570254198	0.0516762542895978	0.0088781142062896	0	0.102332845388497	0.151412610048623	0.00121222429186767	0.0799937102034758	0.0351165473042285	0	0	0.00770849899154817	0.097	0.114527404377462	1.06143320839922
TCGA-Z6-AAPN-01	0.00698421892988812	0	0.0174767107052312	0.114878552287778	0	0.0979622140053714	0	0.0729632751792788	0.0913569308147174	0	0.0358664762014421	0.00016615664705664	0	0.23052665468478	0.0606791600177265	0.20444171927067	0.0316972971296916	0.00506486073405402	0	0.0268519554714375	0.00308381792087602	0	0.0570000000000001	0.140153684114637	1.04331246745632
TCGA-L5-A43H-01	0.0501469953016563	0	0.134836063855231	0	0	0.277738819891423	0	0.0672657536174641	0.0111668804926827	0	0.0405722134767333	0.000992965190711607	0.0098577486701755	0.0738317860124941	0.0902040159149166	0.104564234924425	0.00140296934774205	0.0703010891278628	0.0671184641764817	0	0	0	0.12	0.1044053189191	1.03599921023055
TCGA-L5-A88Y-01	0.0353075583482223	0	0	0.00814393847682864	0	0.166805604741263	0	0.0318765599629079	0.0558260478295243	0	0.0826262826851634	0	0.0143195536713413	0.243944829957552	0	0.195712540971107	0	0.0336361836205997	0	0.0558783346514836	0	0.075922565084007	0.08	0.121579982269282	1.05472514947268
TCGA-R6-A6DN-01	0.0333965320628959	0	0	0.0444101275260802	0	0.205379307144862	0.0185559794991639	0.103681708754352	0.0238108967023506	0	0.0554061871160774	0	0.00450157189156458	0.0957932350501539	0.0786681139522955	0.282928717780363	0	0.00507154865537494	0	0.0483960738644662	0	0	0.278	0.0636101751876591	1.06963062496984
TCGA-L5-A43C-11	0.029498191844679	0	0.176903246012946	0.147989325317313	0	0.308633769249431	0	0	0.00471431857638953	0	0.0384742078563576	0	0.0310139380722564	0	0.006170247813646	0.0659009861313476	0	0.00384570847003999	0.160926557460973	0.0259295031946211	0	0	0.213	0.079267114279966	1.05507433184311
TCGA-JY-A93E-01	0.0515627305184291	0.163163228381556	0	0.0764091449583752	0	0.216974281517646	0.0211122461997978	0.0464708648177229	0.0605551840638862	0	0.0472817784603232	0	0.0112417036916591	0.0628344326619731	0.0379712476952348	0.141947289676967	0	0.0553918886260827	0.00375725752190975	0	0	0.00332672120843683	0.104	0.111630230321741	1.04379020187116
TCGA-JY-A6FH-01	0.0170295167409382	0	0.0715763669407491	0	0.00448928306912041	0.319473231919859	0	0.0784924567608581	0.121390332129002	0	0.0921261120705837	0	0.0449753289341998	0.0521726941620655	0	0.0091908216954821	0	0.0408529981395032	0	0.13255719974755	0	0.0156736576900884	0.617	0.0165618785215551	1.09366915273211
TCGA-JY-A6FB-01	0.0602394052600059	0	0	0	0	0.352419067409473	0	0	0.053838249178044	0	0.0831214422721745	0	0.00217309377878867	0.107799837393176	0	0.180762199340798	0.0267934376297535	0.0763299049969714	0	0.056523362740815	0	0	0.601	0.0190677765073721	1.08553939490685
TCGA-LN-A49Y-01	0.0534609465861813	0	0.0818041597785431	0.0538511318102697	0	0.21667326655449	0	0.0793947163121662	0.0225736189509081	0	0	0.0453943513193397	0.0072284870552657	0.0978624301770143	0.0459374519505607	0.15731054907129	0.0156809071515011	0.0713344826636254	0.0514935006188452	0	0	0	0.858	-0.0144639223613188	1.08260945418012
TCGA-L5-A43J-01	0.0170749457150426	0	0.0153419426031132	0	0	0.316471890723846	0	0	0	0	0.0627319101327697	0	0	0.153266448206603	0.0483500975909043	0.251776547124736	0	0.0957903396547756	0.0391958782482095	0	0	0	0.222	0.0758487677873497	1.06680190049242
TCGA-V5-A7RC-06	0.0389188047553168	0	0.0142035977557371	0.0142745072527325	0	0.40065574633118	0	0.0175181480761573	0.0020165963067226	0	0.0292071853280364	0	0.0568177825523909	0.16359225667884	0	0.149246250103809	0	0.0323722338238977	0.0794328537060871	0	0	0.00174403732909272	0.254	0.0679557932949615	1.06443521485589
TCGA-LN-A7HY-01	0.0882678200655969	0	0.196402918602928	0.036161403557226	0	0.271011991708771	0	0.0226730604158784	0	0	0.0332264440046013	0.0230995313533816	0.00531739674792757	0.0528786727015905	0.0264561529447855	0.212401139680066	0.00533900999501025	0.00303600122754372	0.0237284569946942	0	0	0	0.23	0.0729441548061854	1.04240329554426
TCGA-L5-A88W-01	0.0890105843175898	0	0.109126476201447	0	0	0.157002301857346	0	0.0556915175261822	0.0323113781930505	0	0.0737945529146729	0	0.0173316482741553	0.163792509298227	0	0.147268793302627	0.0179050436804028	0.0145702111017651	0	0.0780557236498642	0	0.0441392596826709	0.417	0.0412952324858358	1.06128789502496
TCGA-V5-A7RE-01	0.0669938933171911	0	0	0.00263537484536264	0	0.302595524276745	0	0.107288691171523	0.117053901299432	0	0.0763068531346657	0	0.0131606378387583	0.0640112411034964	0.030227786066425	0.0186000813188812	0	0.0812523754345167	0	0.119873640193003	0	0	0.609	0.0178887566435491	1.09879685443832
TCGA-Z6-A8JD-01	0.126646815052125	0.105087508788619	0.0111125397646239	0.0461506807847106	0	0.132030867683117	0	0.0938341804332686	0.00498793577811891	0	0.0397264495286023	0	0	0.276062479834669	0.0383605405936552	0	0	0	0	0.12600000175849	0	0	0.002	0.324425596094675	0.956490344195506
TCGA-LN-A9FQ-01	0	0	0.0390423744739779	0	0	0.295755633096964	0	0.0874717141220215	0.0266759221452542	0	0.0254544655174811	0.0121884768505569	0.0412750585116307	0.292174213585674	0.0368065171726387	0.0781575620827248	0.0299972560647517	0	0.0350008063763238	0	0	0	0.257	0.0674688630410699	1.07444582974684
TCGA-IC-A6RF-01	0.149746627717435	0.109744298187718	0.0815076638994197	0	0	0.0964285283943007	0.0330505798988428	0.10172730341372	0	0	0.0966011786041463	0	0	0.135490637937559	0.0805230386353287	0.0692276059236735	0	0.0398346122325426	0	0	0	0.00611792515531441	0.208	0.0802256267895916	1.05115496372377
TCGA-IG-A4QT-01	0.143616567990105	0.242660554430193	0.0451036968238764	0.0669492532075898	0	0.146116735845304	0.00610805679092725	0.0219117716622641	0.0754877883024999	0	0.0569037761222941	0	0	0.0761965715827003	0.0146918420308143	0.0946224728835287	0	0.0096309123279034	0	0	0	0	0	0.546462360311798	0.841783269153535
TCGA-R6-A8W5-01	0.0594718392615219	0	0.0788635717076258	0.00498080720491241	0	0.176304560107896	0	0.0535545608578257	0.00498393977608063	0	0.0391099504337574	0	0	0.214680189610396	0.115033248039098	0.13641976448538	0	0	0	0.02497361085797	0	0.0916239576575358	0.087	0.117814252994742	1.04908657821518
TCGA-LN-A8HZ-01	0.0721666200080336	0	0.0931704402954849	0	0.00570420287417432	0.309359027911621	0	0.0449275315533109	0.0307487469156429	0	0.0589993637401998	0	0.0643075026207126	0.12531144694561	0.00749161367308128	0.0253685971748452	0	0.0379060215666173	0	0.124538884720667	0	0	0.831	-0.00947650020365265	1.08621695770448
TCGA-LN-A49L-01	0.00834246764286681	0	0.00445909634050285	0.0650555105077235	0	0.107614422777802	0.00545981358561807	0.135713540294721	0.0420365542219687	0	0.00979348705314783	0.00823368922294853	0.00700817283759327	0.16468545556575	0.0917408152676198	0.318049068736739	0.0017616634177318	0	0.0300462425272663	0	0	0	0.051	0.145274020113296	1.04217449179381
TCGA-L5-A43M-01	0.0397251945266514	0	0.012284571538182	0.0525961885816726	0	0.393472359851476	0.0245008738272933	0.0416896993169379	0.0706252992134422	0	0.0735271471619976	0	0.00924407771277289	0	0.0212851825725082	0.105692843129646	0	0.123574242072384	0.0275861821271684	0.000639451395335395	0	0.00355668697253141	0.25	0.0691325370874902	1.07969103016543
TCGA-VR-A8EU-01	0.00290432114108362	0	0.0394128261108459	0	0	0.224752510514727	0	0.119936742165444	0.00881953562652543	0	0	0.00685823060873688	0.000449238507811266	0.145654759820886	0.160744716526195	0.145616096742074	0.024148328339029	0.0726852592693535	0	0.0459730325461579	0.00112719879437078	0.000917203286759688	0.041	0.161370640318031	1.04099991028129
TCGA-L5-A88V-01	0.0956906992451212	0	0.020953998944213	0.0350044831931702	0	0.222679595614401	0	0.0689931886885991	0.0505729633631366	0	0.042180780982845	0	0.0338447266027	0.11518928563434	0.0477120532635107	0.155964316599662	0	0.00820388028827587	0	0.103010027580026	0	0	0.836	-0.0105044307839132	1.09030441905555
TCGA-R6-A8W8-01	0.041448711806872	0	0.0538158774396197	0	0	0.29091754718818	0	0.163071447443337	0.0762986189403385	0	0.0706440636058389	0	0.0112810291095507	0.14731120689145	0.0792452257138887	0.0212085580603066	0	0.0166996843191543	0	0.0280580294814629	0	0	0.494	0.0302714900285016	1.08932573999878
TCGA-2H-A9GM-01	0.0906330272493907	0	0.0275041234484537	0	0	0.243806085438305	0	0.0662899715091836	0.0733574746973052	0	0.108677706410045	0	0	0.158479204753464	0.0536578562738534	0.0722260124479978	0	0.0512152381623113	0.00202207899666941	0.052131220613021	0	0	0.58	0.0210494548105738	1.08342337224706
TCGA-LN-A9FR-01	0.000276903910509582	0	0.0315967241654054	0	0	0.313417595717653	0	0.0252500252103605	0.00179849231747832	0	0	0.0428909830044585	0.0262668669760114	0.229556873000363	0.000676505863688715	0.186273510251278	0	0.0271722827348372	0.110179966786698	0	0.00464327006125783	0	0.117	0.105262393099289	1.05314720095553
TCGA-XP-A8T6-01	0	0	0.462100018362808	0.0137419103828525	0	0.0572431869506717	0	0.0692064708743216	0	0	0	0.0298494275186556	0.0278024530622344	0.0233727676735741	0.0194386218459537	0.157588491988682	0.0614330987691738	0.0272137423349675	0.0510098102361055	0	0	0	0.252	0.0681889532953846	1.02846532211247
TCGA-JY-A6FD-01	0	0	0.0925144638754543	0.0544958172640297	0	0.145204178644424	0.029003245123137	0.0414352723846212	0	0	0.127744675022604	0	0.0109447084282265	0.0887327356166698	0.171654793569818	0.0549567843207993	0	0.162512963126053	0	0.0208003626241636	0	0	0.033	0.174456552107172	1.04784506041589
TCGA-2H-A9GI-01	0.0832548102113292	0	0.268924492752243	0	0	0.23507240519896	8.1815486603765e-05	0.0149707556939257	0.103866267438152	0	0.0753183381059296	0	0	0.0363519157451006	0	0.0673989314485755	0	0.0551215259230729	0	0.058186139041103	0	0.00145260295500431	0.274	0.0650838457245613	1.04253319408
TCGA-R6-A6Y2-01	0.0413710744620012	0	0	0	0.0340226234119343	0.125636924830833	0	0	0.0481963520314636	0	0.0732049300067828	0	0	0.327965003440516	0	0.0509528884323301	0	0.0508049056360515	0	0.153792884379177	0	0.0940524133689105	0.004	0.281961096645012	0.989869789293111
TCGA-JY-A6FE-01	0.00391681685719181	0	0.018938570368825	0.0588407184731686	0	0.0721277241418702	0.0135026955183707	0.0328970213038559	0.0289680790124744	0	0.0309020049876009	0.000360374575118316	0.0116021963676356	0	0.0404149832717898	0.63229020818587	0	0.0404453223634802	0	0.006886595792472	0	0.00790668878027688	0.00600000000000001	0.232592297764091	1.0181986496767
TCGA-IG-A51D-01	0.0359740264563871	0	0.0310670894621319	0.0213538023593662	0	0.140820324338703	0	0.121733665046557	0.0117085966267016	0	0.0871480528923797	0.0140746433652569	0	0.125688248325315	0.192520592232302	0.145731700108083	0	0.0479154925824051	0.0242637662044118	0	0	0	0.015	0.221301664664852	1.01580631600395
TCGA-LN-A49K-01	0.105368809396508	0	0.0869151760856303	0.0737820234741398	0	0.0509723172546951	0.00390335565053302	0.133514491636173	0.0168036393760783	0	0.0372856193559148	0.00617632596540266	0	0.17899929250956	0.13726557992196	0.121142766314062	0	0.0154871231943188	0.0323834798650248	0	0	0	0.04	0.162211720627162	1.02415387154029
TCGA-R6-A6KZ-01	0.0702360447567102	0	0	0	0	0.245656916550612	0	0.117804177134144	0.117209594986846	0	0.0254777745829145	0.00851728960123722	0.021236658046324	0.170249357317296	0.0453656290742255	0.0843350661102786	0	0.071890059457459	0.0220214323819519	0	0	0	0.223	0.0750685937701314	1.06448916250763
TCGA-LN-A4A6-01	0.0405599758399545	0	0	0	0	0.231652789949412	0	0.053465136577212	0.00615609182853054	0	0.0849795100392079	0.00274573572700704	0	0.204428421196828	0.147681506172998	0.190518033661432	0.0171231726150462	0.00978452741712648	0.0109050989752445	0	0	0	0.276	0.0643089256241322	1.08603718816981
TCGA-VR-A8EX-01	0.183181673138381	0.109799763173529	0.057786365770974	0.0722091832049605	0	0.0841478221452024	0	0.212002776657531	0.0015884242550482	0	0.0502795296992197	0	0.0243130432379716	0.013334861149977	0.0476365814664879	0.0575100471725011	0	0.0702632617868638	0	0.0159466671413531	0	0	0.099	0.113270483810695	1.04737609985454
TCGA-LN-A49V-01	0.104923019968921	0	0.0459243151297899	0.0315136041377293	0	0.161644620694075	0	0.0807500765260376	0	0	0	0.0430841024315847	0	0.0497182851166619	0.0581698645624331	0.317260217221625	0	0.107011894211142	0	0	0	0	0.857	-0.0139056779472813	1.0965229294418
TCGA-VR-AA7I-01	0.00977749415387982	0	0.0231685470203133	0.0851707200815917	0	0.263663369266782	0	0.0864365898041032	0.0188200799297476	0	0.0121820147001796	0.0549919639142206	0.0290256186178477	0.041424528293219	0.213472959457669	0.0489987470605861	0.024037971447822	0.0059045737476096	0.0829248225044286	0	0	0	0	0.401383710077067	0.924036891432524
TCGA-S8-A6BV-01	0	0.00522980124974292	0.00433450943594593	0	0	0.321649023573955	0	0.0416663848729203	0.0695501059789139	0	0.0530925398733398	0.0232978239356693	0	0.27378123833927	0.00125756252041711	0.186903258655002	0	0	0.0192377515648241	0	0	0	0.19	0.0848051825123661	1.07956118515163
TCGA-JY-A938-01	0	0.0507877672297696	0.0695741662241788	0.0670141892617777	0	0.161047622450906	0	0.065319207885073	0.109284259760882	0	0.00547992209592117	0.0571094019286058	0.0203371024649982	0.0603589949841155	0.167964003646915	0.0654053071475389	0	0.0192725224818064	0.0772840541973004	0	0	0.00376147824021081	0.004	0.281279707039006	0.976540089535577
TCGA-Q9-A6FU-01	0	0	0.0192598000855772	0	0	0.234663253752098	0	0.0844080434790109	0.0422737019138863	0	0.065178383767657	0	0.0176087039445943	0.155910304898962	0.0041077848562843	0.0707666234527543	0.195484474804478	0.0721790686784886	0	0.0381598563662102	0	0	0.528	0.0267528472503651	1.07880124070226
TCGA-LN-A7HZ-01	0.0144220578096106	0	0.00945573995393717	0.213431282412425	0	0.06059781245402	0.0466668630026877	0.0799595646304302	0.0634165643144457	0	0.0620361446016398	0.0363913907810156	0.0161706604493825	0.00801427235216074	0.0953074298371082	0.227222703672645	0.00436629915439198	0.00809576321952249	0.0544454513545774	0	0	0	0.002	0.310137039761978	0.962557651733249
TCGA-L5-A8NW-01	0.043329386647546	0	0.0076406041035189	0	0	0.239165850255464	0	0.0915530403489072	0.0197383969058657	0	0.0668223827425085	0	0.019548134177322	0.0147572908830635	0.014589011208588	0.257042654925701	0	0.0782603651472238	0.147552882654291	0	0	0	0.389	0.0451999793173234	1.06160552071858
TCGA-IG-A3I8-11	0.0630116143168326	0	0	0	0	0.218841871757194	0	0	0	0	0.049081422879078	0	0.0274787479097339	0	0	0.315706889263359	0	0.0092985933350345	0.243951457690043	0	0	0.0726294028487244	0.823	-0.00848573385749045	1.09520401739465
TCGA-IG-A5B8-01	0	0	0.0524154230638905	0	0	0.128319353468335	0.0013824105908974	0.0796478880743867	0.0325207368316212	0	0.0164938647781048	0.0159886932601957	0	0.497127130334192	0.00168633993366782	0.0883353991687281	0	0.0693843534742711	0	0.0132515216892898	0.00159329350727657	0.0018535918251433	0.098	0.114444328470315	1.09960759033536
TCGA-V5-A7RB-01	0.0736712361596198	0	0	0	0	0.261893501557489	0	0.0556221628626963	0.0993055921262373	0	0.103426447476412	0	0	0.0666643857543344	0.053571191477117	0.0906260560519025	0	0.0816453418744043	0	0.077222629925089	0	0.0363514547346989	0.801	-0.00642207110652916	1.09686381617815
TCGA-LN-A49N-01	0.0355195646632345	0	0.0187220418636344	0	0	0.22439635478897	0	0.0325456314016965	0.0714365604432895	0	0.118151286618263	0.00113174840666763	0	0.322787487484993	0.0348670114842514	0.110870020412116	0	0.00211363278589476	0.0274586596469895	0	0	0	0.032	0.177871896692779	1.03163156299656
TCGA-R6-A6Y0-01	0.00122832215432401	0	0.00475980300131692	0	0	0.362338712600149	0	0.0293678676595158	0.111211432491946	0	0.0369150522811101	0	0.0214215968640533	0.251487099287258	0.0112166663466822	0.0104229734872883	0	0.0650555250065647	0	0.0823551522394355	0	0.0122197965803564	0.385	0.0461210135390931	1.09087416508984
TCGA-L5-A8NT-01	0.0658235683773065	0	0	0.000292305895554842	0	0.22031112334912	0	0.0858205856675741	0.0375750029570539	0	0.0416807126613846	0	0.00568746309323705	0.113967622691435	0.0159343546076034	0.231460107341515	0.0261211191415671	0.0796123213579435	0.0690165047324002	0	0	0.0066972081263052	0.17	0.0901439392337739	1.04740965801981
TCGA-R6-A6L6-01	0.073217979215996	0	0	0.0128734554693303	0	0.201959735682976	0	0	0.1110510381599	0	0.0335312637203058	0.0161595886507548	0.00219176371318967	0.273950438807973	0.103706553047703	0.0818142038591379	0	0.0142018953459368	0.0460313042263317	0	0	0.0293107801004641	0.236	0.072398183968555	1.07394686444586
TCGA-LN-A4MR-01	0.0108664095920026	0	0.0563522283443358	0.0272310749265675	0	0.107783679082265	0.0121685655340168	0.088417461650691	0.0166496861250285	0	0.0655550006276629	0	0	0.37384371428085	0.122929469377986	0.106474971735001	0	0	0	0.0117277387235923	0	0	0.033	0.175396153674905	1.04502447548322
TCGA-VR-A8Q7-01	0	0	0.05628292977833	0	0	0.406190826300851	0	0.124568029816694	0.000543980482595204	0	0.0122524898628593	0.026502745109209	0.0145446843075488	0.15712061179551	0.0927429600107605	0.0358563288988062	0	0.0112017378722253	0.062192675764611	0	0	0	0.395	0.04367656009351	1.08406230025269
TCGA-L5-A4OS-01	0.0054199521926079	0	0.0670199153144327	0	0	0.166424916804334	0.00272751285476521	0.0648077927785426	0.05253206919601	0	0.0391441507906918	0	0	0.232214351569927	0.0560215045891494	0.236026654208389	0	0.0183256669360069	0	0.0450220337789533	0	0.0143134789861898	0.022	0.198886500104897	1.01412852126126
TCGA-L5-A4OO-01	0	0.0933328707282772	0.0830345514460865	0.0708867655516368	0	0.199472452774039	0.0373941134282043	0.101437341446845	0.0529324109143565	0	0.0567573227344688	0	0.00858681193774951	0.00340507089223769	0.137733631849747	0.0986185021367144	0	0.0201257201529697	0.0362824340066679	0	0	0	0.0600000000000001	0.139402987491173	1.03636890739763
TCGA-VR-A8EW-01	0.00563538483966292	0.0281612245581252	0.0555490292492907	0	0	0.0719320390863148	0	0.162311492765742	0.00033700043362375	0	0.0113231031506148	0	0	0.379190292134434	0	0.195663305849794	0	0.0413217455688912	0	0.0485753823635077	0	0	0.108	0.108352805112868	1.08117421775314
TCGA-LN-A7HV-01	0.0450942626288386	0	0.0755539624721448	0.037888096249402	0	0.193688099910906	0	0.0804977499288187	0.00460929618645688	0	0.0789633876178314	0	0.00926824111957262	0.135899797322967	0.00462430923722217	0.2216272576616	0	0.0661927476793965	0.00212814080318855	0.0234166636413363	0	0.0205479875403184	0.609	0.0176343557496043	1.07591428396175
TCGA-L5-A8NU-01	0.0309739885748646	0.0471732705713016	0.263985831609017	0.051503572759675	0	0.135926483700391	0.00429138445284867	0.074734687450774	0.0823930027167968	0	0.0388538615982939	0	0.0100119008881085	0.0143357772974883	0.0235873106770615	0.123363872450914	0	0.059637115435907	0.0377598753474626	0	0	0.00146806446909515	0.005	0.240976456547154	0.976510662547403
TCGA-IG-A3YA-01	0.0806071514514915	0.044236699228832	0	0	0	0.182504653433544	0.00248554029950606	0.0395560987240262	0.028307015157915	0	0.0281038934718929	0	0.00094288736462156	0.286551926788109	0.0359872889497196	0.145543182072691	0	0.110458586147006	0.0147150769106456	0	0	0	0.002	0.312088048480067	0.963884396289847
TCGA-L5-A43E-01	0.0746728236206846	0	0.0938215904454141	0	0.0619200885612636	0.269061540451911	0	0.0473765240624117	0.00582429643753233	0	0.156517913635245	0	0.0249810983226572	0.0189726718339338	0.0500266333921408	0.0342065752859893	0.00665932236337967	0	0	0.134130368895841	0	0.0218285526915955	0.674	0.0104527714039778	1.0932414418274
TCGA-S8-A6BW-01	0.0269571381663157	0	0.201177870856289	0	0.0315299494533509	0.341654374349342	0	0	0	0	0.0880863961838649	0.01149964796175	0.0452991222269087	0.0867339432122516	0	0.0520814902709432	0.0195449470346845	0.053482320286621	0.00264787068780021	0.038035594723793	0	0.00126933458608602	0.691	0.00765210046000406	1.07055728076837
TCGA-RE-A7BO-01	0.0485364630991263	0	0	0	0	0.116638013601557	0	0.0217615026107443	0.0650226076181286	0	0.0820321514493594	0	0	0.195956193433634	0	0.20652243498552	0	0.161757945250686	0.00033708522588195	0.0378041170938704	0	0.0636314856314927	0.298	0.0594949355207235	1.07864917286672
TCGA-L5-A4OO-11	0.145200636281735	0	0.137127740373083	0.0374371978947314	0	0.14241415430071	0	0.00539012419765079	0.00248268724155873	0	0	0.0205148819125849	0.0296946934850378	0	0.00575587238203164	0.180280040920508	0	0.00097496673477858	0.292727004275589	0	0	0	0.435	0.0384233574258943	1.06658990164247
TCGA-LN-A49O-01	0.00980259212249216	0	0.0245864147582524	0.00742202785349793	0.0158181267948937	0.288207376321181	0.0013419496351738	0	0	0	0.0525755941172955	0.0506140869989105	0.0400167614513722	0.20066353679944	0.110608303302971	0.0844487550257683	0	0.0965939314749878	0	0.0173005433437639	0	0	0.034	0.173398387663485	1.03462181366508
TCGA-VR-AA4G-01	0.0311947295780336	0	0.0215850910095841	0.0115253629799181	0	0.281333964202617	0	0.076975816197353	0	0	0.0737915513917595	0.0255075904350791	0.0129867536659413	0.0394623768717859	0.117192545020762	0.097490069005558	0.0255992589290176	0.154529325032232	0.0308255656803587	0	0	0	0.086	0.11837024149656	1.05832558841745
TCGA-2H-A9GQ-01	0.166034722583102	0	0.0427780182683787	0	0	0.202332616016146	0	0.0915631951436651	0.0431488719938976	0	0.0143286344277981	0	0	0.25850990430005	0	0.0655964061547415	0	0.0689949669431018	0	0.0467126641691195	0	0	0.925	-0.0285390906366088	1.1066073874508
TCGA-IG-A50L-01	0.0576083445427973	0	0.0723787943765045	0	0	0.167407971005792	0	0.0854059917986893	0.00410330888302342	0	0	0.0423821945169692	0	0.271663009936805	0.0362199503541399	0.179848424422447	0	0.0410890803517899	0.037264451917841	0	0	0.0046284778932012	0.079	0.123158544006226	1.04521776605257
TCGA-L5-A8NQ-01	0.0550967629268772	0	0	0.0577351527655846	0	0.135265020800639	0	0.0760547993601153	0.0234366754212289	0	0.0968752059051631	0	0	0.207947140929246	0.134032018768927	0.135570782256264	0	0.0175408255869324	0.0604456152790211	0	0	0	0.004	0.267853355846144	0.984127845329889
TCGA-L5-A4OX-01	0.0964395374503382	0	0	0.106356804285055	0	0.253878552082267	0.0399783668221688	0.101105489528172	0.040562878472482	0	0.054910662233916	0.00124924747948839	0.0144350266804307	0.00769995525168644	0.0329927825821838	0.122681475527322	0	0.101858813147208	0.025850408457282	0	0	0	0.431	0.0390378018085923	1.08355100256758
TCGA-IG-A7DP-01	0.0225263118127879	0.0174791544497267	0.0266888094759171	0.190545296268173	0	0.126276056672498	0.0331451775583237	0.0733408885388162	0.0601657158303693	0	0.0959334290366665	0	0.0116540111440695	0.0653514050751487	0.164207823319556	0.0895132460377935	0	0.0115352750638606	0.0116373997162927	0	0	0	0	0.495161984816734	0.868264550327903
TCGA-L5-A43I-01	0.0840256448570073	0	0.11465403509091	0.00240993395266729	0	0.310307780188087	0	0.0504739764565692	0.051539539971103	0	0.0815686546045025	0	0	0.0137135880457887	0.00966812263918266	0.165550595010686	0	0.0474496021444306	0.0225018380508508	0.0461366889882144	0	0	0.469	0.0332025420015627	1.06518563532545
TCGA-Q9-A6FW-01	0.0788516282299255	0.0559362704075397	0	0.0247146822710956	0	0.181484221405763	0.00587385977510553	0.0868640051751522	0.0463297897946113	0	0.0831982195457872	0	0.00189435429635315	0.157001525283027	0.000623413931842518	0.113019354675983	0	0.0919455544472696	0.033889322394474	0.031595752834938	0	0.00677804553113251	0.559	0.0227022094795839	1.07600755541093
TCGA-L5-A4OG-01	0	0.0224603937697824	0.0655833553871637	0	0	0.30369517755053	0.0449449157824902	0.0582611161087589	0.0325964730146109	0	0.13397981993314	0	0.00439263563144951	0.130580657385289	0.0173514520556384	0.0603351237626464	0	0.0956535284547698	0	0.0301653511637309	0	0	0.225	0.074037225023601	1.06277984506984
TCGA-LN-A4A2-01	0	0.00467171653275598	0.00177616954908776	0	0	0.26828362658016	0	0.0364369257752977	0.00640459261150115	0	0.0409309201034048	0	0.00214504388969628	0.428181359017968	0.00347824925762321	0.0321409600041531	0.00569221397518404	0.00137232672221506	0	0.168485895980953	0	0	0.105	0.111333431502345	1.09784166572335
TCGA-L5-A4OR-01	0.0122042884075734	0.0108775520562662	0.0551940787030804	0.00621156174008267	0	0.419372656387543	0	0.0939387796117018	0.0701329276220005	0	0.0544137005711002	0.00372992183493498	0.0288979202520249	0.122371349646274	0.0257788451208087	0.0357127760938071	0	0.0240862840025738	0	0.0370773579502283	0	0	0.299	0.0594121834322087	1.08041701425652
TCGA-IG-A5S3-01	0.0517758954084883	0	0.0413535703898502	0	0	0.224232840325622	0	0.207479496362585	0.0371245097172431	0	0	0.0470441376410001	0.0468532948969267	0.162360155502929	0.0656564815330546	0	0	0.00388777080235755	0.112231847419943	0	0	0	0.287	0.0617588509217928	1.0644893675397
TCGA-LN-A9FO-01	0.011408081275973	0	0	0.0362731528455989	0	0.237944904299145	0.066982670894977	0.135705467496337	0.0390355523107222	0	0.100025418057345	0	0	0.113515125195674	0.198816668032942	0.0535760886575418	0	0.00629545252275484	0	0.000421418410988669	0	0	0.25	0.0692050386759857	1.1012579952852
TCGA-L5-A43C-01	0.014876743309811	0.00885267114624996	0.0176115550447384	0.0148148708819651	0	0.123398513674291	0	0.033089264146498	0.0115961846707521	0	0.0799408577605376	0	0.0322614520091364	0.294530220960064	0	0.131829212214967	0	0.0716291515556783	0	0.128980653876586	0	0.0365886487487246	0.001	0.386199569678475	0.928964656618606
TCGA-L5-A8NJ-01	0	0.00850038780340059	0.247942769777437	0	0	0.166407067262764	0	0.151417969876253	0.0833354406217789	0	0	0.0133554400793631	0.0064688154256703	0.0449370480333839	0	0.0979964057299126	0	0.125174174730558	0	0.0433590049684234	0	0.0111054756910562	0.682	0.0094076481076028	1.0636664702339
TCGA-L5-A891-01	0.0901347547286802	0	0	0.00920290533815343	0	0.074820396357212	0	0.100665858993423	0.0731966444059749	0	0.106704703999592	0	0.048563562009673	0.110393738382217	0.00251377750594784	0.0594791816410306	0	0.113280937662584	0	0.182696123451991	0	0.0283474155235215	0.68	0.0100137298148015	1.09168036671323
TCGA-IG-A3YB-01	0	0.000805730972434768	0.0038223392958008	0.0890404495396868	0	0.143466623155015	0.019520139391927	0.0683008701948769	0.0621423981084943	0	0.0493665066830857	0	0.0243808246366302	0	0.110618508116005	0.276974059767634	0.0366646134206044	0.060058830499077	0.0548381062187274	0	0	0	0.033	0.174580826386642	1.02029492636929
TCGA-LN-A7HX-01	0.012943958739167	0	0.0272200304335738	0.0469362318955977	0	0.136581068303993	0.0135741042574723	0.018837915390397	0	0	0.037130681422922	0.0156779885112364	0	0.211931244677138	0.0932688658389344	0.246997768491155	0.0613528604010449	0.0333122388571532	0.0433983692996611	0	0	0.000836673480554266	0.277	0.0638112510445618	1.078928544884
TCGA-V5-AASW-01	0.027536047532291	0	0.101071946786905	0.0503790443578942	0	0.274584807931042	0	0.0487627804080337	0.128361756533759	0	0.0893102220950381	0	0.000813180502930656	0.0487649988916825	0.0804214819914812	0.0217840090491693	0	0.0614880384477111	0	0.0311525741064903	0	0.0355691113655719	0.625	0.0157908474862765	1.09258835307286
TCGA-L5-A4OH-01	0.0589350726277845	0	0.000816338341750391	0.00603767654312762	0	0.313116671268958	0	0.139465513543843	0.0528713939180048	0	0.0484476341631277	0	0.055424532080638	0.0535719768225701	0.0549602963123962	0.0804644836847133	0	0.127408867862693	0.00847954283039408	0	0	0	0.71	0.00460694300175623	1.09939761528243
TCGA-IC-A6RE-11	0.298853674422682	0.0721267461365557	0.0112561442255844	0.0796470929764968	0	0.0946288481712207	0.0103528327666992	0.114664961717996	0.0469296166525341	0	0.0623135271520972	0	0.00907318386270185	0.0146819244677054	0	0.0385014233171054	0.0463209022565828	0.0767128679531063	0.00819040941815358	0.0157458445027794	0	0	0.529	0.0265410950010731	1.09338079219647
TCGA-R6-A6DQ-01	0.079732367258999	0	0.0482279638327308	0.0144604688325438	0	0.237374336955838	0.00922477068980238	0.064539212023223	0	0	0.0141209309819746	0.00628520507109841	0	0.0333205917524665	0.124822193985235	0.135281958396516	0	0.0989930192597948	0.0927807807846525	0	0	0.0408362001751247	0.147	0.09678746055224	1.05050233149171
TCGA-L5-A8NK-01	0	0	0.0688724902503012	0.112947768971716	0	0.240256661777873	0	0.0508830579424741	0	0	0.0024542371717795	0	0.016648779212687	0.120640587366105	0	0.0859230286975051	0	0.0429241786047592	0.258449210004799	0	0	0	0.724	0.00309069139866452	1.08888173534438
TCGA-2H-A9GL-01	0.163023453103747	0	0.017514898399193	0	0	0.304785245290394	0.00276903325362644	0.0947081485473665	0.0236843838096108	0	0.0441901261640134	0	0.0126537958835332	0.0637179324197408	0.0468404514698728	0.165232476475294	0	0.0415625567328401	0.0193174984507679	0	0	0	0.441	0.0378768391886893	1.07333387463385
TCGA-IG-A4P3-01	0.00817457344600971	0.0792086306773387	0.00396953786476803	0.104640600159963	0	0.109471826902406	0.0534287896252978	0.132167668193011	0.0435598814270392	0	0.0858116543617417	0	0.00192655902599417	0.0799252447858541	0.12496454684599	0.0676896925821264	0	0.070665896409103	0.0343948976933585	0	0	0	0.003	0.300745448578569	0.967394063206957
TCGA-LN-A4A8-01	0.00310613992852965	0	0.0150812336144838	0.06255448261812	0	0.251111755388638	0	0.179663089078092	0.0288131553824237	0	0.0826595776222445	0.0131477197628176	0.036263006817795	0.136650765037858	0.0302705172094918	0.00281016798111359	0	0.0220785535953195	0.129711730557588	0	0.00607810540548565	0	0.386	0.0459567011581094	1.08203172530213
TCGA-IG-A3I8-01	0.0336116057897944	0	0.0917077952821346	0	0	0.271156974299764	0	0.118425482450738	0.0825257670258976	0	0.127137742744877	0.0225010591741976	0.062186923463098	0.138363580068374	0.00857388978487375	0.00414168669468614	0	0.0174672594971468	0	0.0222002337244192	0	0	0.436	0.038248811473202	1.082657493934
TCGA-L5-A8NS-01	0.0586647175627663	0	0	0.0480763009405867	0	0.347736851396316	0.0235378206240853	0.0325579266102506	0.0601125028551464	0	0.060214839177612	0	0	0.0325177628053046	0.0991435608280101	0.136961580644292	0	0.0587347788122662	0.0417413577433638	0	0	0	0.069	0.132673985632252	1.04577030902015
TCGA-JY-A6FA-01	0.0983397624373099	0	0.133836775774867	0.0179854902290113	0	0.17751146070128	0	0.0661274173321219	0.0559935984609233	0	0.0947471627505527	0	0.01049681765258	0.108172810320941	0	0.0919776590703917	0.0019019575037962	0.0812923364481126	0	0.0532418362219861	0	0.0083749150961263	0.913	-0.0255339024042539	1.08032280414122
TCGA-LN-A49X-01	0.0794724381523093	0	0	0.00306350034742651	0	0.131492874490643	0	0.0707903707371069	0.0643763166938512	0	0.0738436597390485	0	0	0.294591251236548	0.0925310247990968	0.11520246022912	0	0.0723574947562152	0	0.00227860881863481	0	0	0.499	0.029574195210603	1.10111792099311
TCGA-LN-A5U7-01	0	0	0.254588282313398	0	0	0.199917455393466	0	0.11452047586124	0.00258852229325629	0	0	0.050416923449402	0	0.0965756856603201	0.093534713536826	0.16033741615384	0	0.00757119434787982	0.0197009644982217	0.000248366492150722	0	0	0.609	0.0178016440335993	1.06447547946743
TCGA-V5-AASV-01	0	0.0111419389871207	0	0.0161182497516927	0	0.164951050399348	0.0177738904388615	0.165825930066483	0.0151475492655895	0	0.199051921035155	0	0.0376212054953239	0.0933465782269365	0.0463187153053827	0.191071426956125	0	0.0374776128130977	0.00415393125888403	0	0	0	0.274	0.0650979907368007	1.07660904950811
TCGA-VR-AA7D-01	0.00303882080348399	0	0.0158060654891324	0.00948123846865	0	0.221497280195731	0	0.0393649594142404	0.0417299995395355	0	0.0580653488725031	0	0	0.241230041059929	0.228070954513551	0.0200991781817869	0	0.0642503127438076	0	0.0573658007176495	0	0	0.001	0.358709640190371	0.958798709885352
TCGA-L5-A4OW-01	0.0607642388454733	0	0.00876089735199073	0	0	0.340113591585245	0	0.119696544219822	0.0660484577850473	0	0.107262909022196	0	0.0214964520623526	0.0893731583391893	0.0512797050620856	0.0207529857956853	0	0.041450815055135	0	0.0730002448757783	0	0	0.455	0.0350110724854798	1.09193797402013
TCGA-L5-A8NI-01	0.087979958480151	0	0	0.124815638440765	0	0.298152818639151	0.0203152754093854	0.104409463890133	0.0503394930642795	0	0.0390671068191834	0	0.014918287984974	0.00397092153675109	0.0793034547711329	0.162667124909704	0.0107554541460892	0	0	0.00330500190830017	0	0	0.223	0.0750965107442355	1.07809872355886
TCGA-VR-A8ET-01	0.00432017744672822	0	0.0329127258309919	0	0.0611811055988344	0.245114394241057	0	0.150700727837732	0.00385592699345511	0	0.00316646549902405	0.0248675335796327	0.00237337834926756	0.281915797071901	0	0	0	0.0570848378335325	0	0.0992919281845194	0.00834066913237658	0.0248743324009468	0.773	-0.00367217956242591	1.1145810349508
TCGA-IG-A8O2-01	0.00254408102948618	0	0.0343220143075154	0.14818801164612	0	0.0834834364175539	0	0.196737012713422	0.0707405713835254	0	0.0733197838015452	0.0194713049254119	0.0519924777578765	0.043426760255021	0.0247672840566069	0.0744731746062688	0.0474289085892408	0.0118542727368075	0.102795936979679	0	0.0144549687939189	0	0.148	0.0961806174464574	1.0517481365239
TCGA-L5-A4OE-01	0.0185557090218449	0	0	0.10752795862428	0	0.197121766882988	0.126228446584317	0.065646025745336	0.0908430149943999	0	0.108356458752253	0	0	0.0178923398450584	0.0480134973826504	0.11392648557701	0	0.0849944909379965	0	0.0208938056518656	0	0	0.182	0.0870983830816412	1.06985692590957
TCGA-VR-A8EP-01	0.143128580468159	0	0.0281591235949662	0.00359085551111559	0	0.317271165666067	0	0.114096799110555	0.0114953620971389	0	0	0	0.0602573043726913	0.168249104687605	0.018081124201919	0.00611393097370013	0	0.093011167176413	0.0365454821396705	0	0	0	0.724	0.00315779029002768	1.08946035762677
TCGA-L5-A88T-01	0.0946619914175977	0	0	0.106267852513486	0	0.157629800060487	0.0085363852150454	0.0208917901991923	0.0551291480449223	0	0.0601275228908416	0	0.0142050742437399	0.0306449930913764	0.00863145781992286	0.223169043511842	0.0672560165674317	0.0335337806651244	0.11931514375899	0	0	0	0.703	0.00623521529829631	1.0744837161223
TCGA-L5-A4OI-01	0.044681641971628	0.0185322313975885	0	0.041510856223504	0	0.16922664382319	0	0.00980619304510977	0.177933659662223	0	0.0340937643128452	0.0594599042024594	0	0.137845921751446	0.043123256336258	0.168665979649348	0	0.0113186047603064	0.0811284481840913	0	0	0.00267289468000204	0.646	0.0138404569133264	1.08597058926552
TCGA-2H-A9GK-01	0.0134348835637301	0.00104352101290293	0.0942314369554964	0	0	0.261394714988716	0.0025412921228883	0.105504243227535	0.0767464938437793	0	0.10416163156407	0	0.00708286911902698	0.0695962082982184	0	0.0633198864510397	0	0.119077066425872	0	0.0818657524267254	0	0	0.048	0.148736754118732	1.02771523329395
TCGA-LN-A4A9-01	0.00599608931388348	0	0	0	0	0.155559301488805	0.00471708995762947	0.120722666869756	0.0127679584986739	0	0.059082557630343	0.026390339488249	0	0.159118392366421	0.140142276421121	0.187040122305986	0.0235787668214883	0.0640935693603296	0.0407908694773133	0	0	0	0.003	0.294892947176753	0.973176697454588
TCGA-2H-A9GH-01	0.110512422680978	0	0.0112505459701889	0.0342439774840212	0	0.277171672455762	0.00680512190321412	0.0298517798608596	0.0320584410228726	0	0.0400363617526065	0	0	0	0.0287189169106018	0.349404067498339	0.0423281921705777	0	0.0132412761326609	0.0100723659916749	0	0.0143048581656429	0.616	0.0166610806331085	1.08273569056581
TCGA-L5-A8NL-01	0.0323525688851917	0	0	0.000569769071558608	0	0.234521771636864	0	0.0101962008880244	0.0300439750377588	0	0.0610751394018617	0	0.0112400542063743	0.248817296919501	0.00286795289301466	0.211882723370717	0	0.048795259407332	0.100554906765743	0.0044705338148081	0	0.00261184770125145	0.079	0.123236019333593	1.04820986997615
TCGA-L5-A8NN-01	0.0535861054955613	0	0	0.0422387936094276	0	0.240895388428055	0.00326499309960091	0.0946203717637257	0.0596379604550483	0	0.0655150741503309	0	0.00635967695435414	0.115566446639723	0.0715671211764002	0.230058281126621	0	0.0166897871011527	0	0	0	0	0.539	0.0250326824660496	1.08789766075864
TCGA-LN-A49P-01	0.0009538506124322	0.00144277506010015	0	0.0441308731833918	0	0.10648681047261	0.037649099864996	0.0568389512880199	0.0331403771330283	0	0.0585226992515767	0	0	0.213259238750129	0.0922290463849584	0.267721018047393	0	0.056841494050645	0.0307837659007196	0	0	0	0.001	0.337691061955732	0.952066466053757
TCGA-R6-A6XQ-01	0.135617795326061	0	0.0152335192913232	0	0	0.228235629125716	0	0.0829024133885774	0.193555328523806	0	0.00297652426030401	0	0.0230506113818146	0.0116186787489551	0	0	0	0.0827899609931427	0	0.2240195389603	0	0	0.618	0.0162743550179718	1.10820321582768
TCGA-LN-A4A4-01	0.0462124776400502	0	0.0443863814330258	0	0	0.292659096833542	0	0.0018364662749927	0	0	0.00975093757181638	0.024212221359831	0.0279269777491261	0.300823361652037	0.0531193737699985	0.11099826129669	0.0534814069443967	0.00303414066001556	0.0315588968144777	0	0	0	0.835	-0.0104410047272905	1.10841495964921
TCGA-R6-A6XG-01	0.250142235569254	0	0.0263467051446066	0	0	0.32039862267265	0	0	0.0855412665908928	0	0	0	0.00265101701454903	0.0883236518649931	0.0371526984700107	0.116129529999588	0	0	0	0.0733142726734561	0	0	0.402	0.0433327973613899	1.07777315904118
TCGA-L5-A4OJ-11	0.03000661975084	0	0.0438087944259457	0.0635287748962695	0	0.332341087776804	0	0.0915999704255008	0	0	0.0646640074486751	0.00746861548436674	0.0422992873947657	0.0379545968155328	0.0188773206158316	0.0158634414055274	0	0.00229380443516199	0.249293679124779	0	0	0	0.489	0.0311286008080141	1.09082921783064
TCGA-LN-A49M-01	0	0	0	0	0	0.0824277166308269	0	0.0670256837477242	0.00904625802360939	0	0	0.0169367816538054	0	0.618768726859251	0.0530169384025836	0.0627545361262386	0	0.0710036494747599	0.0190197090812006	0	0	0	0.074	0.126411739135084	1.13964019810258
TCGA-LN-A4MQ-01	0.0779524855315693	0	0.144690122682098	0	0	0.157566920001908	0	0.0938776286998081	0.039927063476908	0	0	0.0476812328670669	0.0440714228453602	0.0114485375713524	0.00384515814692612	0.117313652847422	0.0521725908539942	0.0317998323791473	0.129965465955762	0	0.0476878861406772	0	0.998	-0.0676552958392371	1.07969995656684
TCGA-L5-A8NH-01	0.0306887593066939	0	0.0690944112748913	0.00591450917852349	0	0.299913446546956	0	0.098234902613145	0.0400318541652428	0	0.101110471934526	0	0.0295166917924395	0.0274299698000629	0.0456161573058509	0.120503854802923	0	0.0228756484839738	0	0.109069322794772	0	0	0.43	0.0391381721586689	1.07385253233566
TCGA-IG-A3Y9-01	0	0.00735391330445101	0	0	0	0.0593587349728235	0	0.0546683090444429	0.0313649396437654	0	0.0285486025270362	0	0	0.638529928766248	0.0246610962067251	0.122444289530685	0	0.00627908323030679	0.0267911027735161	0	0	0	0	0.52771676418868	0.868210244585022
TCGA-JY-A93F-01	0	0	0.0419720750746066	0.095573368482908	0	0.178132784275565	0.06221032235945	0.107974823944434	0	0	0.146557040483395	0	0.0363425664717365	0.13534615148333	0.00950763904368094	0.0329649439743711	0	0.0537978579748486	0	0.0614433979031828	0	0.0381770285284912	0.89	-0.0204217063650361	1.1079393246557
TCGA-IC-A6RF-11	0	0.00986573608214368	0.237248879201327	0	0	0.184419800523915	0	0.159713603412071	0	0	0.127799077919635	0.000179787307616715	0.0526415721079266	0.0296194697570223	0.00527300061356412	0.0836967594571	0.0186789796507241	0	0	0.0593040517294959	0.0210393187537722	0.0105199634836863	0.839	-0.0110095078230527	1.07243345025104
TCGA-LN-A49W-01	0.0668341131571253	0	0.00142572489737588	0.0565139032502259	0	0.126175352031255	0.043700024139621	0.0791663244584956	0.0204418452878816	0	0.0364738930765644	0	0	0.0690274983693719	0.10570515813791	0.245564299902303	0.0728707163518924	0.0491630786124758	0.0199333974308487	0	0	0.00700467089665364	0.00600000000000001	0.236042800872744	0.990922094051747
TCGA-JY-A93C-01	0.0729905397956595	0	0.0928280005117939	0.0515160488953204	0	0.228447373377457	0	0	0.0443883273848991	0	0.0818964365089337	0	0	0.208009542800529	0.00508376986763202	0.12264885462027	0	0.0142168703690394	0	0.0728322562213935	0	0.00514197964707279	0.573	0.0215373725213625	1.08011242027119
TCGA-IG-A625-01	0.101366703727706	0	0.00743572493786066	0	0	0.243817280834659	0	0.0982237717389766	0.0288066742205035	0	0.0612443392772236	0	0.0267343008705111	0.0390537476753426	0.0734512269544184	0.170121454679405	0.0337519638833739	0.0386057241233121	0.0773870870767073	0	0	0	0.622	0.0160790487069896	1.0726588488886
TCGA-R6-A8WG-01	0.0550880995229418	0	0.0120998209658183	0.0213463579925063	0	0.130798174796843	0	0.0598952548697562	0.0972239329993757	0	0.0446688820444145	0	0	0.380850000605067	0.0399718901786361	0.142480882876659	0	0	0.005682836001485	0.00989386714649738	0	0	0.097	0.114893926281773	1.07216867569183
TCGA-2H-A9GR-01	0.0779553290858738	0.0901007053755059	0.052750085739256	0.0335635466733295	0	0.267299562965698	0	0.0561838036880664	0.0990791153558597	0	0.0366860899953585	0	0.0184429406484643	0	0.0573068048925689	0.159876360767349	0	0.0355328913499286	0.0152227634627411	0	0	0	0.274	0.0649742239799653	1.06152700670562
TCGA-L7-A56G-01	0	0	0.0785831579138921	0.0659588533672851	0	0.135979659314289	0	0.201309889830802	0.0101119628485455	0	0	0.0410729728362636	0.0269671985872721	0.133425900396434	0.207924657120494	0	0.0575121831255625	0	0.0403587323291504	0	0	0.000794832330010421	0.301	0.0586718607255657	1.09090004287768
TCGA-L5-A4OJ-01	0	0.054185239093138	0.233773599135426	0.0172755513959411	0	0.228913609173986	0.00331742280959225	0.0486833868633268	0.0908717761651228	0	0.0751627742634239	0	0	0.0925600644727871	0.00108092944590849	0.0665020531387743	0	0.0360995271171106	0	0.0515740669254634	0	0	0.458	0.0347884092565855	1.056589475529
TCGA-VR-A8ER-01	0.00221819853861433	0	0.077004843997299	0.0359721021763081	0	0.237512726966851	0	0.0829784849492678	0.00395495627570181	0	0	0	0	0.245761045008775	0	0.224687977459425	0.0196432852281025	0.0279469658216622	0.0334839136465831	0	0.00883549993141036	0	0.037	0.169698011914835	1.02818233288073
TCGA-VR-AA4D-01	0.224543728039227	0	0.0500712289813539	0.00443280309289181	0	0.315412671069055	0.0626721685737015	0.07318710362146	0.039526179276514	0	0.00881043807835437	0	0.00256986763627711	0.0993737547831906	0	0.0513385613702126	0	0.0473359220696083	0	0.0207255734081536	0	0	0.655	0.0123568475094736	1.08887488454798
TCGA-VR-A8EQ-01	0.010351947775814	0	0	0.0443820099364268	0	0.244729298863403	0	0.0177560247235519	0.108333283151828	0	0.0319697284911296	0.0292492565289989	0	0.262376966240972	0	0.103594572449782	0	0.0476574748170991	0	0.0900555237263886	0	0.00954391329460638	0.005	0.24228146294841	1.00049212143003
TCGA-XP-A8T8-01	0.0284809768059982	0	0.108322434565902	0.093322624621574	0	0.147338010924187	0.0522759944050555	0.140875489794428	0.0028864884193564	0	0.118586544459827	0.0033586390783794	0.0343662572674313	0.0205528806637101	0.0255201714197374	0.0660032098273262	0.00604367827442184	0.128646856170166	0.0155362000051572	0	0	0.00788354329734159	0.664	0.0116134659103233	1.08282156065615
TCGA-L5-A88S-01	0.0321187692003421	0	0.0915822242032751	0.00170259880793868	0	0.0878357366933614	0	0	0	0	0.00503848506188865	0.0146934508832189	0.00681116308415781	0	0.0368076505269595	0.538211438313373	0	0.056729027871236	0.126991472827343	0	0	0.00147798252690601	0.005	0.248480685439306	0.995206612801786
TCGA-LN-A4A3-01	0.105991030810659	0	0.23583261382128	0	0	0	0	0.175162696956928	0	0	0.0423293569947951	0	0	0.104485720207467	0.00994604354181864	0.0864332425859635	0	0.195615015832068	0	0.00364002355405385	0	0.0405642556949672	0.491	0.0307966592186519	1.05883890310242
TCGA-VR-A8EZ-01	0.0861509019104704	0	0.0641651674044981	0.123918240439988	0	0.0350904674349713	0.00651188752078915	0.0724890571881439	0.0464512579230243	0	0.0351013947911299	0.0308182151219909	0.0134135417020047	0.0374878356624667	0.180303411616862	0.190475956802651	0.0191052917531444	0	0.0585173727278653	0	0	0	0.072	0.128194472861527	1.0451696380261
TCGA-L5-A8NR-01	0.124405322962653	0	0	0.00725117138761413	0	0.123719560648509	0	0.0312410303079253	0.124252965575819	0	0.0189938822350808	0	0	0.130535781538081	0.0577748039920247	0.287833484349159	0	0.069053828802038	0	0.00977343270621476	0	0.0151647354948817	0.473	0.0329661460745426	1.08230989736788
TCGA-JY-A93D-01	0.0424180011559116	0.0907839281045982	0.00524404786554024	0	0	0.296310431079941	0	0.0510572797220386	0.00379888330399427	0	0.0631809658540511	0	0.0252807251335264	0	0.058944787355783	0.249014869987248	0	0.0372415926145225	0.0767244878228458	0	0	0	0.07	0.130900166160488	1.02939261246093
TCGA-IG-A97H-01	0.00036025918223386	0	0	0	0.00981630390777272	0.14595054239234	0	0.0177829497973439	0.0156443794122747	0	0.0293855938410352	0	0	0.380861345379114	0.000409225031692483	0.21089645424077	0	0.0044978086772783	0	0.177934992669777	0	0.00646014546836732	0.00600000000000001	0.231764275627564	1.03892777633821
TCGA-L5-A4OP-01	0.0470576445171542	0	0.0393972848054113	0.0227753444837291	0	0.35099458086473	0.0188983589839713	0.114559922351607	0.0487804811995103	0	0.128353099554999	0	0.00699967059525797	0.0148932382427844	0	0.0897090905442016	0	0.06395125560299	0	0.0536300282536536	0	0	0.28	0.0631598367238056	1.08153970251152
TCGA-L5-A4OU-01	0.0620812434390009	0.00878505260984189	0	0.0465909381272759	0	0.0929268175265801	0.0733292569300336	0.0862592815872517	0.0214761145900516	0	0.113055295315832	0	0	0	0.0869134485050821	0.197331142997875	0	0.140598494047282	0.0706529143238925	0	0	0	0.005	0.238549440438521	0.991328864924922
TCGA-ZR-A9CJ-01	0.0677431364235678	0	0	0	0	0.222822791813432	0.0201717883649747	0.0221583795984953	0.0609324195213447	0	0.100517159044911	0	0.00694614076553975	0.141328640519728	0.0320418345142547	0.155197820573475	0	0.0835584066421433	0.0282706056695665	0.018708618387015	0	0.0396022581615521	0.557	0.0228925774362008	1.07757527790147
TCGA-IG-A3YC-01	0.00759075820540506	0.0126982617549039	0.00448979616910595	0.128359902296968	0	0.00791158428890901	0.00914398007792464	0.114863579523111	0.098101401572425	0	0.0180883941485813	0.00307646099198305	0	0.432724804374209	0.038441736327873	0.0601962782035808	0.00173191269918847	0.00820412997073702	0.0543770193950951	0	0	0	0	0.540640574552618	0.840806679810551
TCGA-JY-A6F8-01	0.0419532433111302	0	0	0.000457065047217325	0	0.254956534072924	0	0.00122931150869124	0.191698613203505	0	0	0.0925522180548464	0	0.0925979851018412	0.0184596472926655	0.162674420412308	0	0.0575968103310857	0.0506532825970393	0	0	0.0351708690667467	0.534	0.0257583309937704	1.08557084466882
TCGA-L5-A4OM-11	0.209594700473848	0.0518028402133367	0	0.0220652858607528	0	0.231137895420786	0	0.0146600257742321	0.0151711810266221	0	0.046381566015084	0	0.0196992371225204	0	0.0246163179090873	0.0743999162913488	0	0.0202786853156105	0.241720140571706	0.028472208005065	0	0	0.624	0.0159507062834649	1.09127692544461
TCGA-LN-A7HW-01	0	0	0.0234420682801589	0	0.0186527727619763	0.345464536165247	0	0.00478928211607015	0.0171563686936515	0	0.0350371569861114	0	0.0548671949380649	0.426571087424691	0	0.017127838659563	0	0	0	0.0493384203378117	0.00755327363665363	0	0.204	0.0813192967656976	1.09951623992832
TCGA-VR-A8EO-01	0.0475570386113611	0	0.0567621228355398	0	0	0.131104520095781	0	0.0989007239079937	0.0412402114508172	0	0	0.00977241281604276	0.0743067818710382	0.358470784203642	0.00661816067339698	0.0172793234730615	0	0.0888332022702726	0	0.0691547177910534	0	0	0.11	0.107694818825312	1.06207194057779
TCGA-2H-A9GF-01	0.0275951315665453	0	0.0273788761649629	0.0186304362019754	0	0.163436274343397	0	0.0234992356393435	0.0869705523137302	0	0.103095290132032	0	0.0515700493246948	0.39837005484457	0.0252201591329287	0.0403167340406814	0	0	0.0339172062951386	0	0	0	0.222	0.0758801281645747	1.08567292270617
TCGA-R6-A6L4-01	0.162132084072251	0	0	0.00641664585963673	0	0.317552970686079	0	0.0136299294541566	0.12063489387482	0	0.0782927265306661	0	0.0117725632351259	0.165316208255	0	0.0382837880943792	0	0.0297350873403276	0	0.0562331025975576	0	0	0.889	-0.0196192400207852	1.10988567872752
TCGA-V5-A7RC-01	0.0838821609866483	0	0.0468038525229534	0	0	0.367186305253341	0	0.0552474159981314	0	0	0.0733930055958254	0	0.0167387116454362	0.0808309046517082	0.0900774759994717	0.0767157076092517	0	0.0402612736052435	0	0.0611939894991531	0	0.00766919663283608	0.728	0.00205440479913883	1.092669733725
TCGA-L5-A4OG-11	0.0367834264700303	0	0.103450926370031	0.088025105090873	0	0.249980070918889	0	0.0300282102585003	0.0370276459716493	0	0.055000909160128	0.00189771851947733	0.0489771511100532	0	0.0187786173820738	0.150955896216594	0	0	0.179094322531701	0	0	0	0.299	0.0593884774512289	1.05457791048646
TCGA-IC-A6RE-01	0.100366057500202	0.00377677390827887	0.00239149996738059	0.0932269655003141	0	0.196541574973585	0	0.03887458817063	0.143499976222699	0	0.0190444943666972	0.00727091344326351	0.0328207085624853	0.0359579390302435	0	0.150258864178231	0	0.0776423363407036	0.0970640828995468	0.001263224935739	0	0	0.7	0.00660947208667724	1.0819952699474
TCGA-L5-A8NG-01	0.207381434300282	0	0.00431769312871116	0.0410936840652476	0	0.195562661874834	0.00210310457551884	0.122107011235217	0.0121923565825594	0	0.0385010015378909	0	0.0230672680011796	0.0268391143444748	0.0203698446782097	0.106618659275532	0	0.128783328176267	0.0710628382240766	0	0	0	0.302	0.0584295530798079	1.06247086611173
TCGA-LN-A49S-01	0	0	0.00758490031799125	0	0	0.219344386451659	0	0.20738596623761	0.0263324051818091	0	0.0492894603527807	0.00751460627986237	0.0162801517124038	0.0215702806685568	0.151250290127928	0.0526507594575792	0.0616866872906187	0.136761015020975	0.0226380240560958	0	0	0.0197110668441302	0.252	0.0683676146253112	1.09042521463077
TCGA-2H-A9GJ-01	0.092059355074138	0	0.140063787184194	0	0	0.360625092358027	0	0	0.0592982476910273	0	0.0974957677601735	0	0.0167639180540947	0.0255730861879979	0	0.0583817858841572	0	0.0621862030685383	0	0.0875527567376524	0	0	0.538	0.0253311013857916	1.07413318947883
TCGA-LN-A49U-01	0.0735993098087585	0	0.249256651823991	0	0.00473703260427968	0.169652516510671	0	0.0191638579969945	0	0	0.0394094422913969	0.0441645570984094	0.0201964682638855	0.288002994704506	0	0.0694003196642727	0	0	0.0224168492328348	0	0	0	0.433	0.0386579492569068	1.06669881477
TCGA-2H-A9GO-01	0.11315944805633	0	0	0	0	0.266172430774269	0	0.12018841362989	0.0592922652155655	0	0.0671578973168558	0	0.0457344544467985	0	0	0.0858251613529266	0	0.0904593136695257	0	0.15201061553784	0	0	0.702	0.00643175071314241	1.0935269248144
TCGA-L5-A8NE-01	0.0592117028856824	0	0.118036701958628	0.0214466334647433	0	0.324888462918225	0.00782724022272378	0.10582099770235	0.07411445371792	0	0.0399869503575299	0	0.0124899017036925	0.0162451307551368	0.0425452127472026	0.146741397353029	0	0.0213062473255732	0	0	0	0.00933896688756259	0.453	0.0352043792299396	1.07489274223023
TCGA-LN-A5U5-01	0.0296005484178332	0	0.0624118967643839	0	0	0.25261352564395	0	0.105212635164759	0.0040471959667684	0	0.0270129623288024	0.0287911867691965	0.00867268441323163	0	0.0788074324395628	0.186466758286584	0.0375883669654434	0.123852273921767	0.0549225329177172	0	0	0	0.213	0.0790560356093198	1.05371216049344
TCGA-LN-A4A5-01	0.00423892771728576	0	0.0135078673712914	0.0154891595376007	0	0.201005728355431	0	0.102100627230559	0.0151219567891451	0	0.00145003936393758	0.0312914238859513	0.0226052419159245	0.248934967327914	0.0278292377382302	0.0630331943489993	0.109400887850629	0.110121986333871	0.0271315042202929	0	0.00673725001293784	0	0.076	0.125376826278066	1.04617564385063
TCGA-KH-A6WC-01	0.000963703230553696	0	0.101106129939424	0	0	0.223697133104851	0	0.127214255052397	0.0525309893466748	0	0	0.0705635888150233	0.0120606570130152	0.0430768260822861	0.057051467447667	0.156770057706814	0.00592453657781427	0.038516007576408	0.110524648107072	0	0	0	0.952	-0.0344515447119576	1.08935166723742
TCGA-L5-A8NM-01	0.0664937775594195	0	0	0	0	0.286755272610835	0	0.0928015639146323	0.0879825465953162	0	0.125610617531193	0	0.0161396277659129	0.14393716539136	0.0509868421211994	0	0	0.016189987504649	0	0.106660659109386	0	0.00644193989609723	0.111	0.107102954327708	1.05997500796418
TCGA-IG-A97I-01	0.00108230235616383	0	0.000282436981922798	0	0	0.0611218838007874	0	0.112362869298738	0.0162936629614826	0	0	0.0335722392853718	0	0.65640253215292	0.0377416706231437	0.0362430925127626	0	0.00645954177727285	0.0384377682494348	0	0	0	0	0.516516419991497	0.874269326999056
TCGA-L5-A8NV-01	0.108895771061422	0.0895036224297279	0	0.063399250248897	0	0.237556177520095	0.00179899961744077	0.048302613427855	0.0282334253993667	0	0.0716883453603833	0	0.0114813696857769	0.042408670565051	0.0149438295724689	0.11206462242864	0	0.0260454032386414	0.107662393250703	0.0357368159144789	0	0.000278690279052255	0.102	0.112378933089334	1.0411045394566
TCGA-LN-A8I0-01	0.0234966497751048	0	0	0	0	0.226456193774972	0.00927151320810315	0.0514757603436455	0.0244273124726809	0	0.0954687404141709	0	0	0.222862334252229	0.106831730113596	0.163153651636769	0.00335111147082291	0.0411422291369472	0.0320627734009583	0	0	0	0.404	0.0429930241707732	1.08826544913357
TCGA-L5-A893-01	0.279347283507616	0.0189400437985303	0	0.0742921526289529	0	0.180647001089268	0.0092434076515153	0.0488310789215373	0.0787785453707379	0	0.0909522116614881	0	0.00263996326761599	0.0434347392783807	0.0261469367408292	0.0979207973487543	0	0.0153921636677053	0	0.0334336750670689	0	0	0.11	0.107901528789967	1.05798451627702
TCGA-L5-A4OQ-11	0.00565609028288621	0	0.0357401715591947	0	0	0.412782257045103	0	0.0141200805068195	0.00026052051537673	0	0	0.110609918168912	0.00708126774660341	0	0.00167135787464756	0.266546773683639	0	0.00351553077097063	0.142016031845847	0	0	0	0.37	0.048252940897799	1.07959805165533
TCGA-L5-A4ON-01	0.0948424351531965	0	0	0	0	0.406213043528329	0	0.00238091934356048	0.0346044135828917	0	0.045709777954222	0.00551587043301368	0.0107964233367402	0.116956388220003	0.0811743815983179	0.071697330707654	0	0.11326396664044	0	0	0	0.016845049501632	0.707	0.00538707808023871	1.1048960480339
TCGA-LN-A4A1-01	1.65531064952985e-05	0	0.0180825035644592	0	0.0189704652020976	0.172612413875727	0	0.0228576679196249	0.0427106460242948	0	0.0682216179003378	0	0	0.457951352084461	0	0.0737625417799528	0	0.00450962702836157	0	0.120304611514188	0	0	0.005	0.242262254369433	1.0273711762192
TCGA-R6-A8WC-01	0.00824618914066699	0	0.0193505827072492	0	0	0.360362691815678	0	0.104292157040456	0.0316087530895927	0	0.0608622952504349	0.00364348076665329	0.0660299254354855	0.139949385915999	0	0.0107137999940763	0	0	0.19280841721862	0	0.0021323216250883	0	0.757	-0.00138352853040016	1.09883619711426
TCGA-L5-A4OR-11	0.0532369942677574	0.0310532923450988	0.191820334603543	0.149554147383799	0	0.239975893142182	0	0.0767662444171409	0.030332168873452	0	0.0413601368286958	0	0.00476198863367466	0	0.0174407977967589	0.113681459276249	0	0.00394965175210713	0.0413690413717712	0.00469784930776998	0	0	0.347	0.0511379314738503	1.06435671385007
TCGA-L5-A88Z-01	0	0	0.055714006000453	0	0	0.240008016958777	0	0.111619287998192	0.00628591642815548	0	0.0157686452970075	0.00284582461481647	0.0372551469184504	0.356418269060778	0.0147235496325869	0.0815362593252278	0.00208080727914826	0	0	0.0659685143201455	0	0.0097757561662613	0.195	0.0839649681099404	1.08029683794616
TCGA-JY-A6FG-01	0	0	0.13392031336384	0.0159512731675386	0	0.106099907412753	0	0.215208528310658	0	0	0.0927085961477964	0	0.00366135280839634	0.208696134925726	0.0135980712466545	0.0326524112835884	0	0.0785945813069165	0	0.0975201523422611	0	0.00138867768387184	0.486	0.0313146033797441	1.07477535484625
TCGA-L5-A4OM-01	0.0617664695283676	0	0	0	0	0.300596413270741	0	0.141240065198296	0	0	0	0.0808072987658782	0.0368170598604152	0.138917178846561	0.0461289942712244	0	0.0121027039117436	0.0837262833105112	0.0978975330362609	0	0	0	0.859	-0.0147045826896702	1.10105712148531
TCGA-Z6-A8JE-01	0	0.00238204661733381	0.0503240942062163	0	0	0.17862797740889	0	0.0540807342832795	0.0484373935190931	0	0	0.0393928422692381	0	0.432365979005024	0.0158286253191642	0.156431582652564	0	0	0	0.0168552871242166	0.00527343759497985	0	0.004	0.268658600022556	1.00577079009658
TCGA-L5-A4OQ-01	0.180130497401501	0	0	0.000585673097005369	0	0.256602056105598	0.026219990947622	0.152212586733784	0	0	0.105746296661051	0	0.00612768830581382	0.0589273984274166	0.0904946920501393	0.0421842380015414	0	0.0184327814439574	0	0.0623361008245706	0	0	0.403	0.0431984883960358	1.08477800509246
TCGA-M9-A5M8-01	0.0766712940221672	0	0.122531527338432	0	0	0.238278973318992	0	0.0560413710942572	0.0521577334527215	0	0.0797191247222745	0	0	0.13144915920282	0.0185305780830738	0.090120090232702	0	0.0528887196452608	0.0137253819477196	0.0352861636610717	0	0.032599883278507	0.657	0.0121555033871707	1.06864473691186
