B cells naive	B cells memory	Plasma cells	T cells CD8	T cells CD4 naive	T cells CD4 memory resting	T cells CD4 memory activated	T cells follicular helper	T cells regulatory (Tregs)	T cells gamma delta	NK cells resting	NK cells activated	Monocytes	Macrophages M0	Macrophages M1	Macrophages M2	Dendritic cells resting	Dendritic cells activated	Mast cells resting	Mast cells activated	Eosinophils	Neutrophils	P-value	Correlation	RMSE
TCGA-B1-A657-01	0.0407874035598642	0	0.0349002949153391	0.0923208255520478	0	0.152627927563615	0	0.040999838777459	0.0358388498288464	0	0.028506264221507	0	0.016338274925073	0.055261817586266	0.00367166685858115	0.44674687149138	0	0	0.0318906644675378	0	0	0.0201093002524838	0.041	0.164540398009606	1.02930509840234
TCGA-A4-A5Y1-01	0.151735804219877	0	0.102059548349348	0.0194221053673497	0	0.0625249349027561	0	0.0233486602558208	0.0101054543051953	0	0.0394878622047679	0	0.0306280248279258	0	0.0378981246709154	0.509056261786191	0	0	0.0137332191098523	0	0	0	0.202	0.0810816197339536	1.06572164983452
TCGA-Q2-A5QZ-01	0	0.00511726298749362	0.0565274028896589	0.0548955580243712	0	0.0659695456508191	0	0.00712109657660324	0.0597361847143579	0	0.00863414534331686	0.0354067522987803	0.0182128448120302	0	0.00760113271880649	0.598536241126927	0	0.016324859628465	0.0659169732283704	0	0	0	0.00600000000000001	0.250086349063764	1.00048022200553
TCGA-A4-8312-01	0.060221331415681	0	0	0.114082799501062	0	0.256643872908591	0	0.0823469346633444	0	0	0.0157108262276434	0.00497007825612496	0.0655699074780194	0	0.0220147891520217	0.181198022342342	0	0.0219829326192937	0.166664592795948	0	0.008449954999427	0.000143957640500726	0.376	0.0442881399045962	1.06843258479652
TCGA-UZ-A9PX-01	0.00152461305379789	0.00398872915654911	0.000170930074137726	0	0	0.286999442473229	0	0.00654668989748416	0.0557633849718684	0	0	0.080687289082075	0.0695496837114074	0.0272983976525574	0	0.187602916447146	0	0	0.279867923479748	0	0	0	0.516	0.0254546337085997	1.08836614742922
TCGA-A4-8311-01	0.066843270797158	0	0.0596074667726091	0.0813455823782205	0	0.259800772212437	0	0.017071541352412	0.0162675129620346	0	0.0460416907431709	0.0122951054292337	0.0415917142009034	0	0	0.22849308485847	0	0.00631059503916076	0.16433166325419	0	0	0	0.851	-0.013662073460028	1.08455603110978
TCGA-GL-A9DD-01	0.0203540181993624	0	0.00336024852899762	0.0150033734028667	0	0.126236636019397	0	0.00255312146056348	0.00460704367084291	0	0.021590965602523	0	0.0185659693924708	0.366961997708558	0.0126150980039288	0.374965364310158	0	0	0.0300222374633567	0	0	0.00316392623697308	0.001	0.325914532023042	0.984789350786063
TCGA-F9-A4JJ-01	0.0261203784584314	0.00696655541895765	0.0514886954035522	0.299518248534757	0	0.0360204655968627	0	0.0968372569434139	0.115868693468437	0	0.0286183995347351	0.00986599478644704	0	0.0416758269048974	0.0578796450714872	0.146101533990887	0	0.0105338600689001	0.067838740888373	0.00466570492986172	0	0	0.151	0.0943484139427814	1.06038015103267
TCGA-IA-A83V-01	0.0273212103724516	0	0.0286945001557915	0.0887416437321425	0	0.132700766162902	0	0.00717141990735918	0.0193330196545806	0	0	0.00229124620741322	0.00438843544225239	0.0585960741472747	0.0160544194898227	0.567945774616976	0	0	0.0467614901110333	0	0	0	0.001	0.377457408650692	0.935436447003918
TCGA-SX-A7SO-01	0.0233607337300108	0	0.00817920170184633	0	0	0.222211980008907	0	0.0069804282195593	0.0440020339382123	0	0	0.0613900418629709	0.0249978534321023	0	0	0.576296199721508	0	0	0	0.0325815273848823	0	0	0.122	0.109472989633115	1.07373842486563
TCGA-PJ-A5Z9-01	0.0197941256738815	0	0.05934693161225	0.0194331201549628	0	0.105193255337331	0	0.0022147241031466	0.0112306358973645	0	0.0148228857361793	0.00466906703238469	0	0.496142916138786	0.00354426198879329	0.178999628333033	0	0	0.0846084479918869	0	0	0	0.021	0.189070692839952	1.06581775239569
TCGA-F9-A8NY-01	0.0900206178833201	0	0.0513839430566197	0.202039005194772	0	0.245285316644874	0	0.0161714313821155	0.114163337054057	0	0	0.0754595745401519	0.0226891676741739	0	0.0468738967411545	0.0824641387765882	0	0	0.0534495710521737	0	0	0	0.428	0.0364449545814898	1.100028273221
TCGA-G7-7502-01	0.0167802382735221	0	0.00414954396545896	0.0115483890983014	0	0.112680057420054	0	0.00291709683823167	0.00287311077363239	0.000167348067414095	0.0131095604082022	0	0	0.659398975406714	0.0114658548078558	0.142009946715436	0	0	0	0.0228998782251764	0	0	0	0.574617076484936	0.835170137861609
TCGA-MH-A856-01	0	0.00613229135192883	0.0719657269961209	0	0	0.261339900387983	0	0.00266241947952864	0.0620283343691424	0	0	0.10513105962853	0.111151590919806	0.00304550859707634	0	0.21771334736635	0.0171554287718369	0.0119531338024502	0.0368802794593336	0	0	0.0928409788699129	0.513	0.0264166741549159	1.07806283931858
TCGA-BQ-5879-01	0.0560403937137959	0	0.0390806931333399	0	0	0.146557129752655	0	0	0.0516003689666134	0	0.00829411653926987	0.0212065214739202	0	0.0485077953633075	0.00295480046149706	0.268228361135174	0	0.020984003704017	0.297151868342062	0	0	0.0393939474143475	0.08	0.13164520169206	1.03803112798583
TCGA-MH-A855-01	0.0593604595460814	0	0.00396333411161817	0.163710402270965	0	0.212080166891954	0	0.0147219263375182	0.0114877121728695	0	0.019037752495131	0.000250285096274873	0.00729760588622099	0.0819878458369736	0.0219370535666114	0.3845311286419	0	0	0.0196343271458814	0	0	0	0.118	0.112907588060688	1.05569584743812
TCGA-2Z-A9JP-01	0.00338859633561526	0	0.000942546595260777	0.0719173306253263	0	0.165539718839721	0	0.000466667096744709	0.0215810150770408	0	0	0.0657427334709105	0.0150366263329567	0	0.0011515211613505	0.550775021422013	0.000345612100430028	0	0.100949908341949	0	0	0.00216270260068135	0.088	0.12909236545067	1.05794562078983
TCGA-DW-7840-01	0.00314690832631622	0	0.057233113972671	0.0985019278096711	0	0.26913721528477	0	0.000683368529867574	0.0167097814180987	0	0.0834983294645422	0.000674566925594785	0.0591087979531849	0	0.00277871574199653	0.269191442325623	0	0	0.139335832247664	0	0	0	0.304	0.0571351334697136	1.06287964103694
TCGA-DW-5560-01	0.05068979906603	0	0.0711588835917661	0.0892310262855094	0	0.214130665207344	0	0.0347106208655625	0.0496626572496462	0	0.0259575758134914	0	0.0629195152764681	0	0.00355597861069601	0.35565674682856	0	0.00758713337515576	0.0347393978297709	0	0	0	0.569	0.0190994978161414	1.07684890447954
TCGA-BQ-5892-01	0.0118271638025444	0	0.0737214472076297	0.253445691730743	0	0.160420433649697	0	0.0549002683986817	0.0562239515011361	0	0	0.0331688346691706	0.0314662906794089	0	0.0673147367018277	0.232629158907838	0	0	0.0248820227513227	0	0	0	0.17	0.0891571881068865	1.06150936228369
TCGA-BQ-5875-01	5.57169981864661e-05	0.00013287069645923	0	0	0	0.465878559886506	0	0	0.0420954739247487	0	0	0.0757630749504211	0.090756979213066	0.0761906533225651	0.0083145165986137	0.108787962575607	0	0.0134318612054335	0.102474618822569	0	0	0.0161177118058245	0.609	0.0139394008544113	1.09520563937206
TCGA-HE-A5NJ-01	0.0134073076690748	0	0	0	0	0.224656378223212	0	0.063318515748622	0	0	0.00540973381374975	0.0303814360387575	0.0162608924893195	0	0	0.319300144102391	0	0.00727619279415206	0.26808441168777	0	0	0.0519049874329503	0.934	-0.0271448829222211	1.10754750203842
TCGA-G7-6790-01	0.0599732801404401	0	0.169810998194809	0.00877059752349959	0	0.207808967605187	0	0	0.0417389047963369	0	0.0210043852583481	0.000856266894909301	0.0602503039528833	0.160621011676352	0.0105040696593777	0.239092795565632	0	0	0.0145300707140133	0	0	0.00503834801821203	0.392	0.0406654017470679	1.0619008866813
TCGA-B9-A5W9-01	0.0746160630160479	0	0.14420782053446	0.057602157189293	0	0.324017781189394	0	0.0144620108721043	0	0	0.0447147826698682	0	0.0148967515243824	0	0.0466574530757471	0.268290219084987	0	0	0.0105349608437158	0	0	0	0.87	-0.0166552193981127	1.08536550114506
TCGA-GL-8500-01	0.0162704299745586	0	0.118915149782346	0.159071116374502	0	0.106128279768614	0	0.0105101356110402	0.0273461591843402	0	0.0703928574199681	0.0021061459233521	0.0228981073996048	0.119615116207837	0.0211230190353552	0.225097275071418	0	0	0.0951077690848871	0	0	0.00541843916217714	0.968	-0.0369129581453653	1.09058768570469
TCGA-V9-A7HT-01	0.00103679557610319	0.00857499783015349	0	0.0293944458792985	0	0.178591565771903	0	0.00291945234318905	0.0179663969157772	0	0.035925933087806	0.0259516875096872	0.0169949777431663	0.0524025880895931	0	0.508252874563236	0	0	0.121988284690087	0	0	0	0.00600000000000001	0.255341989057328	0.994544024301228
TCGA-P4-AAVK-01	0	0.00074213888151543	0	0	0	0.201928968098885	0	0.000850631006366173	0.0362457196198121	0	0.00567274929120134	0.0621659050085296	0.0757668115429676	0	0.00786249631944804	0.427752989877522	0	0	0.171689928959389	0	0.00932166139436253	0	0.315	0.0547717198961787	1.07641671018368
TCGA-PJ-A5Z8-01	0.0345118265593732	0	0.00230632406251879	0.0182562490205615	0	0.157659748558666	0	0.0294966145207962	0.0185194927069144	0	0.0677577264730411	0.0259275715090859	0	0	0.0454621716145719	0.507936564276358	0	0	0.0289028103346806	0	0	0.0632629003634326	0.00800000000000001	0.247291531849662	0.9967507167725
TCGA-B9-A44B-01	0	0	0.0704259020853958	0	0	0.123908873412947	0	0.0502613269875182	0.0554353522467706	0	0.0408699216076887	0.0975125562348377	0.0536768259517869	0.120328953859615	0.0927788071254499	0.104792589026585	0	0	0.190008891461405	0	0	0	0.865	-0.0156965070313264	1.09354010587711
TCGA-UZ-A9Q1-01	0.0325497961450383	0	0.0726556791772763	0.106054073395483	0	0.176048160804642	0	0.0272528537995483	0.0485690804760362	0	0.0190599089969433	0.0173254876569939	0.0272027112772133	0	0.0383104945518681	0.350400821952239	0	0.00612427663862469	0.0718429817350757	0	0	0.00660367339301852	0.384	0.0421804395126061	1.06442039962113
TCGA-A4-A772-01	0.00131706277578053	0.00763654066839732	0	0.0256483410027701	0	0.158214256336337	0	0.00241978443159499	0.0396229955182326	0	0.0364708867052257	0.000679129255148224	0	0.258368914687297	0	0.422835165736438	0	0.00242168360489634	0.0443652392778813	0	0	0	0.029	0.178420208857478	1.05079848408967
TCGA-DZ-6131-11	0.182729324825598	0	0.0739878171479484	0	0	0.302868013434739	0	0	0.00559507205301897	0	0	0.11151906061163	0.0409509488406356	0	0	0.255514592841737	0	0	0.0214265104369689	0	0	0.00540865980772525	0.937	-0.0284346058957321	1.10227831897688
TCGA-B9-4115-11	0.0388778741120722	0	0.0817393127030319	0.0161769299945627	0	0.209836323046354	0	0	0.0314048808270594	0	0	0.0508624584984519	0.0367961445844208	0	0.0573368182619885	0.325193218306751	0	0	0.151776039665307	0	0	0	0.944	-0.0308839027634556	1.08834718574004
TCGA-5P-A9KH-01	0.0594686649039235	0	0.0346495135027813	0	0	0.105092636892418	0	0.0157119597497609	0.0504849553482012	0	0.021084167303067	0.0555158141357015	0.0261394000746202	0.136457978951697	0.0590187759614994	0.330520934473965	0	0	0.105855198702365	0	0	0	0.588	0.0168102395895304	1.08609803832753
TCGA-UZ-A9PJ-01	0.0652677362964521	0	0.0499744155997432	0	0	0.304495259335189	0	0.0459346859932629	0	0	0	0.0538702343224955	0.0118002223354736	0.0474954954913578	0	0.317604110146153	0	0.0410980137995967	0	0.0624598266802767	0	0	0.756	-0.00245507355641833	1.09034222884243
TCGA-UZ-A9PQ-01	0.0511016766000851	0	0.0897086471629819	0	0	0.197779629145886	0	0	0	0	0.0397567963664983	0.0261078199142007	0.0692702957802747	0.158229623565789	0.0111088818124556	0.304301691830264	0	0.0164023860346308	0.0362325517869338	0	0	0	0.685	0.00519244293301467	1.0870575929947
TCGA-BQ-5878-11	0.241054578596952	0	0.108101445042157	0	0	0.144010722677313	0	0	0.0256403124548316	0	0.0128825129566474	0.0168933779003043	0.0410730296322186	0	0.0736691865030154	0.303636520352411	0	0	0.0330383138841496	0	0	0	0.945	-0.0312222128844169	1.09281198069099
TCGA-2Z-A9JM-01	0	0.0115000196270473	0.0157368898307578	0.0595164522710406	0	0.229174807180054	0	0	0.0327482564042057	0	0.0240370386055042	0	0.044138595964218	0.0221104309655263	0	0.474592241151788	0	0.00448656160449014	0.0455153438883995	0	0	0.0364433625069687	0.0649999999999999	0.140509494022169	1.04410355235605
TCGA-A4-8518-01	0.0899370511321133	0	0.170568584070288	0.011510948452876	0	0.161129059290949	0	0	0.0112579913298859	0	0.0156232619993394	0	0.00415310380596978	0.135892729570916	0.0416961828986968	0.302233341734155	0	0	0.0242307581323056	0	0	0.0317669875825044	0.289	0.0600916258313958	1.05702012497868
TCGA-BQ-7059-01	0.00145522267332241	0.00170179434559681	0.00700977069774965	0.0659693231060377	0	0.0638445975994463	0	0.0270945612309773	0.013765806461001	0	0	0.0212177643101551	0.00997181931945781	0.092068465581757	3.6710976583985e-05	0.607765022261475	0	0	0.0880991414364396	0	0	0	0.001	0.326121381828443	0.97192042569926
TCGA-B3-4103-01	0.00232556164919143	0.00485219262615284	0	0	0	0.333556196865517	0	0.00491699410231717	0.0234836814811266	0	0.014028774486327	0.0329403904454866	0.0523342522968103	0.129014611579101	0.0124646004193269	0.227088705551897	0	0	0.162994038496746	0	0	0	0.635	0.0115268946062554	1.08669454031326
TCGA-BQ-7062-01	0.0379819464421414	0	0	0.121533432257978	0	0.179783018782755	0	0.0784799224528151	0.0257246351660688	0	0.00931232385574596	0.00304778739663597	0.000457761533992673	0.123192843396253	0.0032756682637023	0.358338310849726	0	0	0.0588723496021858	0	0	0	0.00900000000000001	0.239302369269721	0.996551130134215
TCGA-Y8-A8S1-01	0.072438106847983	0	0.0862259969408351	0.0887475966518515	0	0.051888296119891	0	0.0114357518240903	0.0109104914006103	0	0.0157172317671858	0.000916027179662041	0.0159818674588145	0.136067259507033	0.0109996304463578	0.489262465703247	0	0	0.00624686918329379	0	0	0.00316240896914451	0.001	0.380009397714129	0.93263046840002
TCGA-2Z-A9J1-01	0.00591697159984935	0	0.0883997266623226	0.0700280628787954	0	0.196512973833401	0	0.00865828624784821	0.0114854433859103	0	0	0.0128873514564783	0.0144760165734264	0.0779072995047664	0.0225632384319355	0.385393764249068	0	0	0.103161414768341	0	0	0.00260945040785667	0.111	0.118377881721952	1.04044055200882
TCGA-BQ-5891-01	0.0357135511706118	0	0.0631177684876795	0.0239624866454492	0	0.330058841198079	0	0.00867388250840572	0.0624035960926819	0	0	0.035244747688733	0.0242259102771517	0	0.0260675674886842	0.286058393597814	0	0.000826620101511134	0.0986877423564416	0	0.00495889238675689	0	0.666	0.00754653350271528	1.07891268631787
TCGA-Y8-A8S0-01	0.0257203983980407	0	0	0.0267261528374983	0	0.240687078075962	0	0	0.0431786760587398	0	0.024354731815934	0.0195743322184085	0.0303146909302992	0	0	0.397030550875873	0	0.00516405610030077	0.183048445865782	0	0	0.00420088682316101	0.782	-0.00538476422145221	1.09590374476481
TCGA-DW-7837-01	0.0446454424912775	0	0.0301166574392903	0.0173462504057952	0	0.232663819365976	0	0	0	0	0.0534901533916545	0	0.00784276122350916	0	0.0180792184302279	0.481598755859057	0	0	0.0925601900966205	0	0	0.0216567512965923	0.126	0.107687850101596	1.05181869577718
TCGA-P4-AAVM-01	0	0	0.00692847932270031	0	0	0.216168758022779	0	0	0.00623923326256992	0	0.0247437404438649	0.0891715262450116	0.0525031393205805	0.0586979047730862	0	0.392398457090557	0	0	0.153148761518851	0	0	0	0.23	0.0725392928955677	1.07151754695016
TCGA-GL-A9DE-01	0.0414244318546663	0	0.00888813895470405	0.042943015132931	0	0.174902213888721	0	0.019158555411309	0.0447914481858267	0	0	0.0412803093388852	0.00713595194254595	0.166549380814563	0.0245274505841141	0.419086922080765	0	0	0.00931218181096875	0	0	0	0.132	0.103019088709144	1.07062866942372
TCGA-B1-A656-01	0	0.0317577908265708	0.00330008853536502	0.0566002428346305	0	0.0647698456670861	0	0.0107110243379447	0.0465321980481446	0	0.0140899336568882	0.0264469422936036	0.0085783382489973	0.270815262665218	0.0118501945895772	0.419971187897689	0	0	0.0345769503982852	0	0	0	0	0.502186811457713	0.865957038153848
TCGA-BQ-7053-01	0.0755443419760418	0	0.0699050700515637	0.082946314335589	0	0.155241174872565	0	0.0600521723565927	0.0333210766690123	0	0.0252134866060194	0.00669940945941789	0.0358094604714105	0.127639529814687	0.041190803887141	0.282154173996229	0	0	0.00428298550373011	0	0	0	0.659	0.00830804837896914	1.08327771747739
TCGA-2Z-A9JQ-01	0	0	0.0672889333639091	0.0214833970869814	0	0.219170940913621	0	0.0457094989951001	0.0284207015474506	0	0	0.0519337638657435	0.0430505729720963	0	0	0.378054571268243	0	0.00150043965927013	0.12489192840122	0	0	0.0184952519263648	0.228	0.073026601271605	1.05590162358632
TCGA-BQ-5890-11	0.123536716735659	0	0	0.0988896864439142	0	0.13774364290404	0	0.0417083263626726	0.0270291804960004	0	0.040864950881294	0.00664425661954792	0.0931122102818401	0.113454304852418	0.0657965188906245	0.164585535932147	0	0	0.0866346695998418	0	0	0	0.239	0.0710808809849093	1.05255761335626
TCGA-EV-5902-01	0.14448143464124	0	0.144161369697374	0	0	0.128605221648835	0	0	0.0354381001356259	0	0	0.048520477346601	0.0101742179745747	0.215332581264657	0.0110892306664541	0.218353520350523	0	0.0123325288055772	0.0315113174685375	0	0	0	0.9	-0.0208028600822186	1.09251174062037
TCGA-MH-A857-01	0.0796907238695748	0	0.00977313883143321	0.051345042780931	0	0.148477654408745	0	0.00572389891224033	0.0309439567815197	0	0.0274147467358004	0.00977208242485813	0.11264285074693	0	0.0116546737014247	0.269188993069595	0	0.00901743700066629	0.232376757208134	0	0	0.00197804352814662	0.853	-0.0142763174408247	1.08876254010066
TCGA-IZ-8196-01	0	0	0.0263342762098436	0	0	0.311834232068835	0	0.0444632995675271	0.00658776047839619	0	0	0.0876049797526284	0.0318863444926864	0	0	0.304758446884078	0.00305596968818371	0	0.183474690857821	0	0	0	0.945	-0.031360331028635	1.10501775287546
TCGA-BQ-5879-11	0.0506863403628706	0	0.12768620310965	0	0	0.255076580914374	0	0.00455646565502344	0.0194384056098443	0	0	0.0986173790987166	0.0878029350152636	0	0.00623925006132989	0.248381004379595	0	0	0.0965713101177503	0	0	0.00494412567558287	0.972	-0.0383781893992613	1.08674841958817
TCGA-DW-7842-01	0.0405790458113211	0	0.0172461245172116	0	0	0.309893251815263	0	0.0259808728796774	0	0	0	0.0228834034257391	0.0730318382346358	0	0	0.393111945866781	0	0.00138267828023426	0.115890839169137	0	0	0	0.786	-0.00564419794116215	1.09352944462783
TCGA-SX-A7SM-01	0.0106895795821169	0	0.10144781135725	0.0774366956314719	0	0.0311574685589644	0	0.0430780010935824	0.0330047715070857	0	0	0.0184902658083389	0	0.0840080282184727	0.0119967825476569	0.554910683875653	0	0	0.0114390658159008	0	0	0.0223408460035062	0.466	0.0319597429708905	1.10757033860267
TCGA-UZ-A9PZ-01	0.0424442122854237	0	0.0374602351959456	0	0	0.219344126502498	0	0.0104815173946485	0	0	0.00441777742695824	0.033436367531841	0.00343445512870717	0	0.00078989482850034	0.280153768876245	0	0	0.331213678237444	0	0	0.0368239665917883	0.641	0.0105675098425366	1.09651269880464
TCGA-J7-8537-01	0.00894468157161576	0	0.0316794753042294	0.317673091221096	0	0	0	0.0840408029550391	0.111065661548812	0	0	0.0515901183062442	0.0369619877872302	0.0817794638718649	0.0847922475884586	0.0997139981499185	0.0136108536719	0	0.0781476180235917	0	0	0	0.071	0.135246038313354	1.04470732340842
TCGA-BQ-5875-11	0.0388937856010357	0	0.0940457585688648	0.0629921015290632	0	0.173932933913295	0	0.00176594514683737	0.0362818266544335	0	0	0.0659475168066601	0.0753350426715052	0	0.0293213067299656	0.266563909402249	0	0.00433113635003558	0.150588736626056	0	0	0	0.936	-0.0278175414354044	1.08268963658354
TCGA-A4-A48D-01	0	0.00459287840031596	0.000797378570332812	0.0321332505344606	0	0.114026977163785	0	0.00691295089841806	0.0221217279101279	0	0.00292336912092863	0.0340031753838519	0.00698656533258952	0.172217692122115	0	0.531144478940408	0	0	0.0721395556226673	0	0	0	0.004	0.2762910331018	1.0001109615548
TCGA-IA-A83S-01	0.000389505199215373	0.0047920411471142	0.0129527687015309	0.103553634676566	0	0.113240957785647	0	0.021940546486194	0.0397942704731021	0	0	0.0489698117546325	0.05926508155314	0.116268735072916	0.00868940462159344	0.341086851329274	0	0	0.122854899223842	0	0.00620149197523249	0	0.133	0.10180864859943	1.05304451031905
TCGA-GL-7966-11	0.0943433958116761	0	0.00692501130479798	0	0	0.329324562233869	0	0	0.019878213830784	0	0	0.0559771435305071	0.0352813033044477	0.0742814834745729	0.061892640493142	0.249396842339329	0	0	0.0726994036768736	0	0	0	0.691	0.0041823155489935	1.08525120776646
TCGA-UZ-A9PR-01	0	0.0038397238541282	0	0	0	0.168873977308098	0	0.00635366198389581	0.0214075262128842	0	0.0083324266446358	0.0331968393863814	0.0723537855567688	0	1.90982172626034e-05	0.5087386415554	0	0.00260575102468539	0.169435639039089	0	0	0.00484292921677082	0.688	0.00440773443097785	1.10976807962519
TCGA-B3-3925-01	0.00536346067904666	0	0.0263184174207346	0	0	0.404759562809694	0	0.00168759838298691	0.0024238734260131	0	0.00394855309655062	0.0234728262251404	0.0436540807815745	0.0143317194976779	0	0.317398568757096	0	0.00602057751118536	0.148477183945108	0	0.00214357746719237	0	0.327	0.0518951599608355	1.07009652027906
TCGA-A4-7734-01	0.0506575514765777	0	0.0228815328580713	0	0	0.41377810074148	0	0	0	0	0	0.0308723263157495	0.0255038507762146	0.01178938218938	0.0109352322879208	0.338209232268001	0.000324578723151186	0.00457021570098356	0.0904779966624712	0	0	0	0.463	0.0321149531227794	1.07880238893514
TCGA-DW-7841-01	0	0.0152653000133231	0	0.0763149823805652	0	0.365968645020149	0	0.0336157863362195	0.0263190577657328	0	0.0383782521071449	0	0.0680227675392275	0	0.0244572766025583	0.209778238937559	0	0.00122914230078931	0.135250088773723	0	0	0.00540046222300797	0.102	0.122294235801664	1.04263499874746
TCGA-G7-A4TM-01	0.0238974365218507	0	0.0653256857108808	0.0494850341541984	0	0.177165777879477	0	0.0103189423980136	3.41996706336042e-05	0	0	0.0322498638687148	0.00968024345528364	0	0.00570782860487192	0.340044364545025	0.0110327850805367	0	0.275057838110514	0	0	0	0.264	0.0665604595493673	1.06511818802529
TCGA-A4-A57E-11	0.0673015476370615	0	0.00697382640571188	0.0398090283906608	0	0.131511861844499	0	0.0343877855844179	0.0524204102234862	0	0	0.0812128266438818	0.0684199244428764	0	0.0151984844363003	0.343494067185402	0	0	0.159270237205702	0	0	0	0.94	-0.0294550816452415	1.09799867685071
TCGA-IA-A83W-01	0	0.00900897956188969	0.0556344695287772	0.0860603874542198	0	0.0940536050686916	0	0.0218250694800259	0.05770727850195	0	0	0.0426922163745889	0.0139643839898658	0.00590552048521974	0.00475629831495413	0.445170961414342	0	0	0.159912963431035	0	0	0.00330786639444036	0.268	0.0656500529962157	1.06624289319385
TCGA-GL-6846-11	0.212045606230729	0	0.101400954025693	0.006094485637325	0	0.194256607046336	0	0	0	0	0	0.0903244811465429	0.10975289630409	0	0.0536720672250447	0.141343005324716	0	0	0.0789366148033498	0	0	0.0121732822561736	0.962	-0.0357509102719735	1.0889534831506
TCGA-DZ-6131-01	0.0126339202736895	0	0.00146455275854926	0	0	0.24511472070774	0	0.00127680559048908	0.0051004364902319	0	0.0348434812101732	0.0570958165661069	0.0326440286595458	0.0328063555516753	0.00834847150019246	0.422069999722705	0.0389287616687588	0	0.103851166269691	0	0.00382148303045188	0	0.0600000000000001	0.145756302224043	1.03705411647606
TCGA-HE-7130-01	0.0480025054684885	0.0379587952248996	0.0771051418356788	0.0753186326616899	0	0.223368947428812	0	0.0520422376111395	0.051754844444028	0	0.0383304642716108	0	0.0521912881696692	0.0289093214562789	0.0489353930649646	0.174687925935609	0	0.0498139816247241	0.0399601124644139	0	0	0.00162040833799251	0.381	0.0428863839831018	1.05899499900774
TCGA-AL-3466-01	0.29336135350261	0	0.0279283075852551	0.04552003892482	0	0.170506805110632	0	0.0968516994793755	0	0.00290778387003121	0.0207338709380278	0	0	0.0869704626181835	0.0806057210363486	0.172924099188459	0	0	0	0.00110470201598982	0.000585155730267326	0	0.692	0.00416813730207575	1.09557763023951
TCGA-BQ-5878-01	0.0775551596062243	0	0.00888996478873996	0.0935044947140337	0	0.190228355720248	0	0.00311140500265845	0.083205917623012	0	0.0125651119724342	0.024495817641332	0.0595714856475866	0.00800603027894735	0.0241283818975458	0.37866569643052	0	0	0.0360721786767176	0	0	0	0.903	-0.0216756144868319	1.10089126715645
TCGA-BQ-7060-01	0.0357971905246035	0	0.0265147620625025	0.0523326683863949	0	0.23647175287656	0	0.00463500092087225	0.021585598730165	0	0.0249874055886711	0	0.0293811195298942	0.102387299458644	0.0139194492106195	0.42716534996483	0	0	0.0248224027462435	0	0	0	0.12	0.111832781244948	1.05709286258204
TCGA-P4-A5EB-01	0.0813061453390323	0	0.224642798980647	0.0207359269722805	0	0.0960553723727633	0	0.00479140350846151	0.0205939468416238	0	0	0.0257730048354525	0.00477057861926044	0.091755913439838	0.0114552248279792	0.397574557951972	0	0.0142390032739887	0.00630612303670084	0	0	0	0.598	0.0157087803232785	1.07832411617635
TCGA-BQ-7059-11	0.0578121688941281	0	0.0538007590274139	0.0359085951007744	0	0.114538833609463	0	0.0358237037575725	0.0310661915452929	0	0.0131453446980354	0.0585430792491176	0.134176695305996	0	0.0507667467003624	0.297869650244914	0	0	0.116548231866929	0	0	0	0.95	-0.0326927748126241	1.08946063499141
TCGA-2Z-A9JR-01	0	0.00660219842907382	0	0.0652090590468872	0	0.257037340608391	0	0.00522579719624127	0.0415747813575736	0	0.0313697444065819	0.0105564645462716	0.0414354315003921	0.148677420162069	0	0.304380640733939	0	0	0.0879311220125794	0	0	0	0.205	0.0793746722508657	1.06623921307348
TCGA-BQ-5885-01	0.0612201417276748	0	0.276567577936027	0.0859872001381739	0	0.112133556936942	0	0.0225028649584451	0.0229618872395305	0	0	0.0218397203310484	0.0481017430423152	0	0.00110153191989173	0.331776027646433	0	0	0.0158077481235186	0	0	0	0.565	0.0197535833385842	1.05853109073743
TCGA-2Z-A9J3-01	0	0.0318593299748352	0.000199036866796252	0.0300177520070106	0	0.280572256682318	0	0	0.0459472899843282	0	0.0369177612135726	0.0469109816778403	0.0268032085714783	0.15232246328874	0	0.186681068915647	0	0.0323419818215677	0.129426868995866	0	0	0	0.95	-0.0327380495665572	1.10330578988267
TCGA-BQ-5891-11	0.0941478752462639	0	0.068600306768419	0	0	0.269443771159524	0	0	0.02014969970404	0	0	0.031355371955616	0.0245635221951058	0	0.0338698112379719	0.415529758466906	0	0	0.0423398832661537	0	0	0	0.912	-0.0230698107892576	1.09640966138352
TCGA-BQ-7044-01	0.0582364839136862	0	0.14127556151733	0.12041475575931	0	0.203492287636172	0	0.0774491732381531	0.031971382851019	0	0	0.0141604235125091	0.00191489198014748	0.048599193897916	0.0568265014340796	0.225347722294205	0	0.00257244369767475	0.0177391782677975	0	0	0	0.64	0.010687886746993	1.07468494636821
TCGA-BQ-7051-11	0.20757192742476	0	0.145936411828291	0	0	0.188099729498696	0	0.0127880784308383	0.0373288227261644	0	0.0229762565861205	0.0294199590983997	0.0515357772131851	0.0134019592365893	0.0256010594696223	0.139294667589233	0	0	0.126045350898101	0	0	0	0.78	-0.00481782326309908	1.06803290503993
TCGA-B1-5398-01	0.0186575235747986	0	0	0.20839732308606	0	0.044642576019158	0	0.0258634994655538	0.0619271652640854	0	0.0451581233453813	0.000178756050884917	0.0202363246010151	0.0364012201863846	0.015155503874752	0.51209434776932	0	0	0.00747989633111877	0	0	0.00380774043148776	0.00600000000000001	0.250114292186628	0.999801458533229
TCGA-GL-A9DE-11	0.138292172121387	0	0.015220366154463	0	0	0.307482095068083	0	0.0358568002798261	0.0605058200389119	0	0	0.184536318574111	0.0352086373644632	0	0.00614224785118066	0.142494796285742	0	0	0.0742607462618331	0	0	0	0.93	-0.0263119724177592	1.12902558354324
TCGA-BQ-5880-01	0.020472144285759	0	0.00269823643880962	0.127915155821107	0	0.108786090080564	0	0.0271364034035998	0.100212347227158	0	0	0.0583643309655821	0.0117363726533906	0.0529038678282133	0.0177129810943559	0.368246082218615	0	0	0.103815987982845	0	0	0	0.023	0.185003143504935	1.01675478895713
TCGA-B3-4104-01	0	0.0140622915952917	0.0471106781754644	0	0.183357975800876	0	0	0.0527739928798481	0	0	0.0505206687485079	0	0	0.193455523059561	0	0.285294381658409	0	0.101358032006617	0.0720664560754237	0	0	0	0.646	0.0100122697141836	1.09333469573722
TCGA-BQ-5890-01	0.0533025404130449	0	0	0.118351115558721	0	0.14369209475295	0	0.023785019682485	0.0367038648423225	0	0.0269282326497773	0.0258216611603396	0.0468312753258054	0.213606292948744	0.0426618984491998	0.267006734504632	0	0	0.00130926971197969	0	0	0	0.035	0.171765732095239	1.03123906048839
TCGA-BQ-7045-11	0.10453319202729	0	0.169448131472343	0.0456151747285848	0	0.142903329474809	0	0	0.0318332562087268	0	0.0250021829007862	0	0.121259523761656	0	0.0105949249617386	0.26166260118822	0	0.0107228854804752	0.0643805057917892	0.00176447132624333	0	0.0102798206773383	0.567	0.0193143924309164	1.05644695312955
TCGA-2Z-A9JT-01	0	0.000498281216750942	0.00687035716202265	0.135962735660026	0	0.19489705584281	0	0	0.0403769841621253	0	0.00233191320193758	0.0300046292507426	0.0351045473462306	0.0193604736560175	0	0.483677952072573	0	0	0.0509150704287644	0	0	0	0.001	0.324655828436121	0.958716113133276
TCGA-F9-A7Q0-01	0.0309107366946042	0	0.112784034792164	0.127026787561836	0	0.315598530847806	0	0.0068243363047389	0.0374918935287275	0	0.0192720815501774	0.03928433496586	0.0459438311437249	0	0.00438778852616603	0.0594902097307005	0	0	0.200985434353495	0	0	0	0.228	0.0730150112792429	1.0652380901261
TCGA-BQ-5876-01	0	0.0034398547986964	0.0298348828465447	0	0	0.292224183262139	0	0.019030048686764	0	0.0118736657881289	0	0.043487805021899	0.00358044703202811	0	0.0145466707907147	0.500978518430436	0	0	0.0781562776487487	0	0.00284764569390084	0	0.874	-0.0172873951848781	1.11271069938477
TCGA-IA-A83T-01	0.032585400226091	0	0.00703192747813891	0.0898604467903555	0	0.0668996153569638	0	0.00219538957195135	0.0056703675396564	0	0.0192809219468113	0	0.0467255423540475	0.000957421326085706	0.00475543534987584	0.704187698416859	0	0	0.0198498336431636	0	0	0	0.001	0.366408825228952	0.953322858071804
TCGA-EV-5903-01	0.0291324378749349	0	0.0824546300195171	0.0380644313261879	0	0.297523657825388	0	0	0.047264419964533	0	0.00903410008001578	0	0.0615667677025783	0.0667564558535523	0	0.205722217730931	0	0.0114796944157453	0.140968203047781	0	0.00119615432633326	0.00883682983250253	0.356	0.0471259905257674	1.05746872073643
TCGA-KV-A6GD-01	0.00116996027761379	0.0390885097357202	0.0154730958078589	0.0970865454611405	0	0.0549762871948754	0.00187403302701885	0.0280730658153149	0.039105851988405	0	0.00735249253854794	0.00277108308755901	0	0.141207800481693	0.00830151043127197	0.563519764152981	0	0	0	0	0	0	0.001	0.371366219539913	0.945560101859695
TCGA-P4-AAVO-01	0	0.00332539316545777	0.0565950302151568	0	0	0.172208486079568	0	0.0472933108268618	0.0516776983076719	0	0	0.0884458659059704	0.0188214704194226	0	0.0490483698127189	0.382060875999679	0	0	0.119812357073177	0	0	0.0107111421943155	0.662	0.0080678960939007	1.08411810588328
TCGA-B1-A655-01	0.00420981368963441	0	0	0.0688298118438524	0	0.174797653788987	0	0	0.00989760897522246	0	0	0.0328931707455114	0.0571785106823461	0.0614165300926936	0.0280959534267427	0.439080857934517	0.000938772188183836	0	0.11828607093126	0	0	0.00437524570104972	0.162	0.0918541368519119	1.06414717920087
TCGA-IZ-A6M8-01	0	0.0143148476017213	0	0.0500334432089844	0	0.0734177470233991	0	0.0147809108738687	0.0290794871993166	0	0.0176571130250874	0.0116384507821829	0	0.206014107571272	0.00462929521626229	0.564871614179613	0	0	0.0135629833182922	0	0	0	0.001	0.3608026142879	0.96071284530739
TCGA-2Z-A9J2-01	0.0455723395470497	0	0.05830620948301	0.0911989682683108	0	0.134281175026077	0	0.0540931701351311	0.051197288302785	0	0	0.0427897794133092	0.0684663536281047	0	0.08976729369862	0.321958185754861	0.00105785602891278	0	0.03572784313836	0	0	0.00558353757546856	0.1	0.123013946133954	1.03601761185852
TCGA-SX-A71S-01	0.00210283210490786	0	0.0112266956415052	0	0	0.429557290062755	0	0.0175984944834659	0.0699148097696082	0	0.0140348606558444	0.0280644257377541	0.073779576279987	0	0.000437401388612255	0.204627886172716	0	0.0049026220542276	0.14039809762674	0	0.00335500802187657	0	0.514	0.0259062731836581	1.08470528706615
TCGA-P4-A5E7-01	0.0380791174691508	0	0.0206340237035681	0	0	0.289126355237018	0	0.00439903790844521	0.0022557001672518	0	0.0294622414208715	0	0.134574307861982	0	0.0104454390179773	0.378891473811392	0	0.00458516358560163	0	0.0849158040449514	0	0.00263133577179039	0.616	0.0132725999354934	1.09018537812312
TCGA-G7-6795-01	0.0748907197424777	0	0.0455378443755382	0.193392451870012	0	0.110702700204581	0	0.00576740455970438	0.0690123233099461	0	0.114825943388446	0	0.0228885741987216	0.000316751480925982	0.0145879659430054	0.267220511647991	0	0	0.00218042365024445	0	0	0.0786763856284063	0.671	0.00656255346096032	1.09505719897887
TCGA-B9-A5W8-01	0.0366933548258189	0	0.00610948354075384	0.093344684142382	0	0.184802261044334	0	0.0240413299816247	0.0452788276713474	0	0.0165674678518973	0.00142215124359041	0	0.0828209144654317	0.0249934752408729	0.419979534551916	0	0	0.024621325487459	0	0	0.0393251899525723	0.073	0.134232488900699	1.04595104844864
TCGA-MH-A560-01	0.00491381544505724	0	0.0623980290324783	0.0607232248852487	0	0.161956263409478	0	0.0103881962466176	0.0255579979511707	0	0	0.0488202113573294	0.0638332353579151	0.0773231467929324	0.013070794431992	0.430747285834743	0	0.00388692900344992	0.0363808702515874	0	0	0	0.34	0.0500234162537234	1.0796370197054
TCGA-Y8-A8RY-11	0.26206832934	0	0.16546335666149	0.0267029142098443	0.0506835441370807	0.108460405578389	0	0	0	0	0	0.0666099802466972	0.0598882432282481	0	0	0.204982614515599	0	0.0147226597515141	0.040417952331138	0	0	0	0.931	-0.0263599675603901	1.08478081742996
TCGA-DW-7836-01	0.0508613027881139	0	0.0210305959498388	0	0	0.43157330884257	0	0.00633455073971013	0	0	0.00984681448671634	0.012225832194356	0.0246621736559032	0	0.0226393336502405	0.233313437901698	0	0.0102823458710611	0.175321400343928	0	0	0.00190890357586405	0.566	0.0195382524576721	1.08073687840172
TCGA-AL-3467-01	0.145212434978621	0	0.100813791283116	0	0	0.220637248055382	0	0.120011792398771	0	0	0	0.116561782739382	0.0335979958149626	0.0807847669395078	0	0	0	0	0.182380187790257	0	0	0	0.94	-0.0294871975755278	1.10085782721521
TCGA-G7-6796-01	0.0938937758458256	0.0628980279902833	0.0408036173720192	0.214626451556046	0	0.158177120785967	0	0.0645364356357025	0.121499851531754	0	0	0.0439507259326188	0.0216196259836855	0	0.0369647536534448	0.118403753951484	0	0	0	0.0223140847339033	0	0.000311775027265965	0.119	0.112542595388074	1.05959315812376
TCGA-A4-A5XZ-01	0	0.013849225843133	0	0	0	0.207462138020757	0	0.000193485960791554	0.0398378688174108	0	0.112514875300059	0	0.0468352589976191	0.00866065794012529	0	0.497822313258702	0	0	0.0728241758614019	0	0	0	0.086	0.129956984076646	1.05037672944887
TCGA-GL-6846-01	0.0891783777728169	0	0.0464046588724452	0.0427588401843299	0	0.200985607275896	0	0.0170514673077261	0.0494556851392801	0	0.0185998468105659	0.00964787720549991	0.0855734375498458	0	0.0791621333341058	0.310938603183084	0	0	0.0502375283361759	0	0	5.93702822820453e-06	0.956	-0.0342237387035781	1.09352967140109
TCGA-Y8-A894-01	0.214025666004617	0	0.106731104515153	0	0	0.251056784379275	0	0.000432550636775381	0	0	0.015394818131213	0.0252852198582898	0.0265781889667423	0	0.0100522586842819	0.160931957700768	0	0	0.189511451122884	0	0	0	0.941	-0.0297015751081376	1.08675628583297
TCGA-B9-A8YI-01	0	0.0233180042971899	0	0.0101722373716967	0	0.277620908606351	0	0.00359737619825669	0.0467799761152146	0	0.0566876059209139	0.0126184250544731	0.0792340344551712	0.0198841159765205	0	0.334322979798146	0	0	0.128589014850755	0	0.00717532135531059	0	0.512	0.0264261564555968	1.07769327745088
TCGA-DW-7963-01	0.0315350013911999	0	0.100030357671719	0.0333421053799879	0	0.137900846408599	0	0.00736154599846746	0.0463025066796746	0	0.0147156257752344	0.00461495555628489	0	0.164508995537872	0.0136338226243692	0.388684979961087	0	0	0.0571789894905285	0	0	0.00019026752497702	0.073	0.134005748325802	1.04262045259244
TCGA-A4-A7UZ-01	0	0	0.109167655605223	0.265417562463122	0	0.144120165085318	0	0.0681131302112026	0.0337160338092036	0	0.00254845142787587	0.00788100851131998	0.0258484360170134	0.00889221885807776	0.0894558728579819	0.126145987291815	0	0	0.0830736065714196	0	0	0.0356198712904284	0.26	0.0674494696251883	1.06396188163606
TCGA-GL-A59R-01	0.00148409848519141	0.00248400168119013	0.00210237764879294	0	0	0.369350922805808	0	0.0190390489216313	0.0444833194044992	0	0	0.0376411259913832	0.0301624826833644	0.0401888033960493	0	0.0378811265465039	0	0	0.415182692435586	0	0	0	0.104	0.121314679623192	1.07665208292902
TCGA-AL-7173-01	0	0.0894047184200525	0.0857807939715473	0.0903174271990236	0	0.153046226664293	0	0.0606234602664104	0.0272324819378361	0	0	0.0120875643596545	0.0407164800170915	0.108486653228829	0.0664141439417959	0.217436266802749	0.00670067181439118	0	0.0340035422485263	0	0	0.00774956912779971	0.13	0.104150082286578	1.03674503397185
TCGA-BQ-5893-01	0.0676589129320848	0	0.0619628008790986	0.0748006917687735	0	0.226865603265595	0	0.0186830680077834	0.0547662388506817	0	0.05492265236484	0.0381808590437815	0.0519909804309986	0.0209568031747263	0.0410937502328553	0.158082841745524	0	0.0270220295328248	0.103012767770432	0	0	0	0.554	0.0208894065620511	1.07001744973279
TCGA-B9-7268-01	0	0	0.119419734178464	0	0	0.253502448192752	0	0	0.051651491333599	0	0	0.0491072091625843	0.0342371769262169	0	0.00669036305760191	0.362061936631283	0	0	0.123329640517499	0	0	0	0.61	0.0137385652203336	1.0732014784505
TCGA-BQ-5894-01	0.0515177389357325	0	0.0224723838400305	0.120524559711623	0	0.201287139103626	0	0.0463880452711824	0.105503816443674	0	0.0204804879362728	0.0109599461698539	0.0110113689073961	0.0539767851094076	0.0608417633071188	0.250827987735166	0	0	0.0442079775289158	0	0	0	0.031	0.17604778105426	1.01785284630098
TCGA-HE-7129-01	0.0129332831500635	0	0.0505744642633388	0	0	0.185020460858039	0	0.0166349273462986	0.0463158264707861	0	0.0130595354935263	0.0389709707564515	0.0258004691576682	0.120118016004966	0.00212116267848669	0.131776014841475	0	0.00278812677506038	0.35388674220384	0	0	0	0.531	0.023866621537999	1.09366980272336
TCGA-2Z-A9J5-01	0	0.00019422842601178	0.0292793082055346	0.0881191190158557	0	0.154224374872709	0	0.0132167696385422	0.00629889823520672	0	0.0382207361791903	0	0.0167782309555786	0.0974464471489784	0.00656209964027076	0.512431216620575	0	0	0.0372285710615463	0	0	0	0.001	0.340043723313923	0.954599466119602
TCGA-J7-6720-01	0.0433813019750103	0	0.0487045822866179	0.0388583792964738	0	0.0898110576113621	0	0	0.0191554715739426	0	0.0213040793148633	0	0.00928639487775653	0.111060349494594	0.0161882204747101	0.537682590825025	0	0	0.0583397964886147	0	0	0.00622777578102986	0.023	0.185474226933218	1.03628802764032
TCGA-2K-A9WE-01	0.00440959274380766	0.00335495914624354	0.0222819613473449	0.0315077215531873	0	0.0238137406385411	0.00186186660819364	0.0182163376108096	0.0361819744563923	0	0.0238145781921988	0	0	0.405744992766352	0	0.395744587995698	0	0	0.0330676869412308	0	0	0	0	0.51624140569569	0.864996005323816
TCGA-BQ-7050-01	0.0659940735114871	0	0.019355424013123	0.0766586131078141	0	0.133132999178897	0	0.0334778817846605	0.0720292097765778	0	0.0227195264165044	0.0104093204826043	0.0120618524053679	0.126734905063448	0.0384099262385591	0.377651598735777	0	0	0.01136466928518	0	0	0	0.038	0.169292572467447	1.02771912056258
TCGA-2Z-A9J9-01	0.021439935084617	0	0	0.10157188385298	0	0.0797779713817864	0	0.0143562634089527	0.0353093214017028	0	0.145138820753182	0.0172302179165335	0.0952849597636037	0	0.00622123965842967	0.341723708395054	0	0.000787991573256921	0.1411576868099	0	0	0	0.906	-0.0220865667603093	1.10587669692312
TCGA-Y8-A897-01	0.0475256325927359	0	0.0441638181760532	0.0913020057074455	0	0.0915209886045293	0	0.0342310754066061	0.0316862133616628	0	0.0113610238747464	0	0.0118519087133278	0.117249825580059	0.0444716168113074	0.429909110407308	0	0	0.0381478735061496	0	0	0.00657890725806924	0.174	0.0883661070558783	1.06571024265085
TCGA-BQ-7045-01	0.0341960571626543	0	0.121836700135861	0.0636465634138002	0	0.0696635667491169	0	0.0448912791249004	0.047160620694314	0	0.0102319556158332	0.0132370111993592	0.0202402535420001	0.0922451091484806	0.0136486165691675	0.266145911745293	0	0.0490748941610039	0.132651189732351	0	0	0.0211302710058644	0.304	0.0570625924740028	1.04903393727763
TCGA-A4-A4ZT-01	0.0296426841220186	0	0.0636485889752223	0.0357425430411059	0	0.278959832692691	0	0.0418491169764584	0	0	0.0339140845422138	0	0.0412183856139336	0.00551321953819602	0.0366380420313397	0.291220284813097	0	0	0.141653217653724	0	0	0	0.61	0.0137602179501254	1.07199152911274
TCGA-5P-A9KA-01	0.015080695347465	0	0.39082517196516	0.0723939399961394	0	0.138023419190351	0	0.0380593074220549	0	0	0	0.016738006140695	0.00460795413320908	0.0172197599351526	0.00249876787046847	0.252567697100124	0	0.0109446267595438	0.0377215998587869	0	0	0.00331905428084984	0.093	0.127262767642575	1.01494259106377
TCGA-5P-A9JU-01	0	0.00683457324437186	0.0590315508267745	0.0191432825918252	0	0.143090210386114	0	0.0728045007082386	0.000296192375122973	0	0.0254964025320127	0.0441746871497849	0.0556304977147981	0	0.00930182952835935	0.519807347653546	0	0.00296006136104709	0.041428863928004	0	0	0	0.742	-0.000687134490734608	1.1056544987598
TCGA-WN-AB4C-01	0.0261337977751503	0	0.0182463460164008	0.0634222779663583	0	0.0387533271404671	0	0.0338604135404213	0.00438515320742586	0	0	0.0342916001689668	0.0637015288872316	0.010654026331011	0.00477415532976573	0.673153605802253	0	0	0	0.0286237678345486	0	0	0.012	0.218800227308678	1.03631440585058
TCGA-Y8-A8RZ-01	0.0147891478586932	0	0	0.0232950001190491	0	0.127218617429832	0	0.0120999422069491	0.0787863571104175	0	0	0.0908698118266426	0.0388977131782776	0	0.00909897834539954	0.512032642168935	0	0	0.0921193672622017	0	0	0.000792422493602946	0.265	0.0662997033310305	1.08176171021023
TCGA-BQ-7055-11	0.166100190029797	0	0	0.0766916832881559	0	0.356596937506692	0	0.0173824465655961	0	0	0.036697440213928	0.00973870019630691	0.101997324008597	0.00579142912783281	0.0106561715975461	0.123667353334299	0	0	0.0946803241312493	0	0	0	0.895	-0.0200536834937366	1.10216959217826
TCGA-5P-A9JV-01	0	0.00954374916679908	0.00375237590286269	0.0939850309660098	0	0.177610208614138	0	0.022435532506778	0.0599323014320883	0	0.0842729908149928	0.040206204275371	0.075895087402835	0	0	0.261115165948883	0.000777024516140312	0	0.170474328453102	0	0	0	0.781	-0.0051544922517896	1.09483577495544
TCGA-UZ-A9PN-01	0.0503093258122596	0	0	0.137324791202882	0	0.257104791608462	0	0	0.0638223901194687	0	0.000786527473428231	0.0306960923253041	0.0303103195475238	0	0.0533510938730139	0.323001516542937	0.0101955947057003	0	0.0406604401683719	0	0	0.0024371166206482	0.314	0.055179477012717	1.07384253474859
TCGA-MH-A55Z-01	0	0	0.0332578212547133	0.0861380470197268	0	0.196862641396693	0	0.044377413339458	0.013905648922152	0	0.098554270281708	0.019687128183254	0.0909492919685489	0	0	0.310251434756829	0	0.00558549673403332	0.100430806142884	0	0	0	0.74	-0.000188286406462346	1.08912321887467
TCGA-B1-A47O-01	0	0.00240579366721322	0.0193059733993796	0.0254970399654143	0	0.130778251137659	0	0.0643537051012965	0.074766913167648	0	0.0403821115728577	0.0190831458539645	0.0168504755287705	0.0892462019334385	0.0111347714150868	0.435472516940729	0	0	0.0649010458463657	0	0	0.00582205447017669	0.11	0.118677128205013	1.05150198756095
TCGA-BQ-5881-01	0.0399235930639403	0	0.024181878231633	0.0840177432602871	0	0.133760052882264	0	0.0011279004763844	0.0214734414486825	0	0	0.0235177341219683	0	0.155232332238049	0.00583844767963686	0.510926876597155	0	0	0	0	0	0	0.001	0.339504997499811	0.960142017319153
TCGA-GL-A4EM-01	0.0520968881849282	0	0.067300029525012	0.076184678149866	0	0.0933215762833726	0	0.0247733791443182	0.0309698473828968	0	0.00163552631596949	0.00903114415147566	0.00996692039888301	0.273356514859024	0.0306794529542086	0.313696314894556	0	0	0.0166923487917762	0	0	0.000295378963713511	0.001	0.320206680340633	0.963624098344959
TCGA-B3-8121-01	0.0520272715284743	0	0.0125134857893332	0.0307475745819946	0	0.106963023901845	0	0.0217736728851918	0.0220928788229554	0	0.0435109738578053	0	0.00025884549264577	0.0700463245345465	0.0741708174471117	0.447078748818483	0	0	0.0879195838951746	0	0	0.0308967984444387	0.00900000000000001	0.241412621773919	0.995826759261156
TCGA-Y8-A8RY-01	0.0187474076362788	0	0	0.0716954262880912	0	0.125359739255305	0	0.0178808688970478	0.0232674068482291	0	0.0337651463235049	0	0.0206101177059825	0.0194072991041846	0.0177844521431447	0.498373384111683	0	0	0.150573733747349	0	0	0.00253501793919947	0.35	0.0480534145787889	1.08510930760955
TCGA-2Z-A9JD-01	0.0588419570257392	0	0.0890096772682905	0.0495416655384236	0	0.201850123660392	0	0	0	0	0.0955147183766525	0.0416972560144996	0.0865471233553857	1.61050277772096e-05	0	0.284681082867166	0	0.00881856781552762	0	0	0	0.0834817230501461	0.945	-0.0315461836027745	1.10201576929848
TCGA-P4-AAVL-01	0.032034978850544	0	0.032729694013089	0.0282193016060303	0	0.135760045072844	0	0.0124335778315266	0.0425510731052701	0	0.022306836062044	0.030998919960829	0	0.193489282757588	0.011148390090275	0.430300627191461	0	0	0.0275189406931712	0	0	0.000508332765328137	0.318	0.0541594864325245	1.09656249948287
TCGA-AL-3472-01	0.00533301854855813	0.00802937032309834	0.0192912866707011	0	0	0.207109912580819	0	0.0436071850270748	0.148962733170876	0	0.11605881210422	0	0.0460982590287024	0.0276937544816839	0	0.139491132433687	0	0.00322287694227116	0.235101658688309	0	0	0	0.75	-0.00117056852005813	1.09207213056558
TCGA-B9-A8YH-01	0.00432944272273659	0	0.00114050187781438	0.0441942065909428	0	0.159710209471763	0.00156979833512897	0	0.00142892572460572	0	0.0510710779153476	0	0.0256920293169959	0	0	0.481859475557845	0	0.00450980633846512	0.224494526148354	0	0	0	0.0649999999999999	0.139805261878788	1.04695164345932
TCGA-A4-8310-01	9.53940707654486e-05	0	0.0169928213766488	0	0	0.33898929506214	0	0	0.0573736110220397	0	0.0749112735939626	0.0110422765055447	0.0729692719526808	0.0395991202000531	0	0.189996431947243	0	3.33205447940193e-05	0.180033588869763	0	0.0179635948543646	0	0.807	-0.00820509588562839	1.08993251038646
TCGA-EV-5901-01	0.0711084033711822	0	0.141471880510458	0.0208878902328649	0	0.269828127962252	0	0	0.00615322862969473	0	0.0288119131441983	0	0.040453856903295	0.00680750982121243	0	0.340573668355166	0.0119432368150789	0.019447308339104	0.039641841060543	0	0	0.00287113485494981	0.135	0.10113898238	1.03607618387562
TCGA-A4-8515-01	0.0866351856224421	0	0.162297166344575	0.0238524942924978	0	0.147208580457799	0	0.0103138787710654	0	0	0.0228890620827244	0.019417102020938	0.0494465714204164	0	0.0190253267528239	0.398449142441372	0	0	0.0447574557492206	0	0	0.0157080340441255	0.917	-0.0244588725998601	1.08471529719645
TCGA-5P-A9K9-01	0.000896973934200004	0.00843316215689973	0.00861325957348862	0.0413600245876741	0	0.227405554125381	0	0.0274300298034441	0.0780597472201372	0	0.071569982645484	0.0616318377815698	0.102579589400534	0.0267531167230359	0.00924289197284551	0.204405692781714	0	0.00452578957407118	0.127092347719521	0	0	0	0.841	-0.0120283667150046	1.09459499100648
TCGA-B1-A47M-01	0.00379532735511393	0	0.0707453447792337	0.0541275582840906	0	0.120624077018427	0	0.0453972483170457	0	0	0.0042146711691378	0.0520181923493573	0.0179763564590054	0.0917709512990706	0.0333564950546348	0.202555980301932	0	0	0.0508915987333353	0	0	0.252526198879616	0.546	0.0221715539406345	1.10732007327086
TCGA-GL-A59R-11	0.14417085964105	0	0.0312365649286125	0	0	0.285863919261337	0	0	0.0595946981328662	0	0	0.104482031591282	0.0412000685066744	0.00171973001679227	0.00184504190833567	0.178107993829281	0	0.00604295008396198	0.141089290293385	0	0.00464685180642258	0	0.934	-0.0269805089649489	1.0975999583529
TCGA-GL-A59T-01	0	0	0.0729652839431668	0.0378738490918537	0	0.125230401619792	0	0.013821390765892	0.0208542571159477	0	0	0.0310496510912699	0.0249645489446751	0.0899669708370066	0.00312197451839208	0.455817216293316	0	0	0.114668224498429	0	0	0.00966623128025903	0.042	0.163516076631746	1.03182113830993
TCGA-BQ-7046-01	0.00168421846610246	0.00875218075913924	0	0.0496547736270059	0	0.19887358216489	0	0.00627541685953744	0.0528569387867688	0	0.0514560313735868	0.0130371540118352	0.0376627091700447	0.132985316175325	0.000945375411033593	0.393577808050797	0	0	0.0522384951439338	0	0	0	0.0659999999999999	0.138681905644061	1.04636945991763
TCGA-UZ-A9PM-01	0.0365255893695607	0	0.0230091834566523	0.0768404179666289	0	0.0788097813059478	0	0.00804511578004764	0.00406737156308908	0	0.0177677076691639	0.00141972417818784	0.00960541648726859	0.167674459484262	0.0130741891000389	0.529414348460772	0	0	0.0337466951783806	0	0	0	0.001	0.326708030257675	0.969831918266248
TCGA-HE-A5NL-01	0.029023529140929	0	0	0.0727298921178228	0	0.166065424158955	0	0.0126798704275726	0.03452918343074	0	0.000307767961458633	0.00724145283761996	0	0.115773851643339	0.0134804888143397	0.466556812521092	0	0	0.0789624786596439	0	0	0.00264924828648769	0.081	0.131090405521365	1.05442803614796
TCGA-BQ-7049-01	0	0.0995970431331856	0.254231620432338	0.0222888615665336	0	0.199322802202649	0	0	0.0468776438323641	0	0	0.0229940137556954	0.0187560020113673	0	0.00289924902633079	0.22189891799637	0	0.000232594804440969	0.0510691980604741	0	0	0.0598320531782519	0.376	0.0440209020536953	1.0436875248937
TCGA-A4-8517-01	0.0216330435018987	0	0.0249172748541517	0	0	0.213966866227081	0	0.0264640956952989	0.0214420366482815	0	0	0.0446222086311698	0.0291230487115718	0.170108576584746	0.00327091605824201	0.354307841902881	0	0	0	0.0901440911846771	0	0	0.311	0.0565319922599152	1.08820832620155
TCGA-5P-A9KF-01	0	0.00689106246727814	0	0	0	0.277991311738108	0	0.0487723549981033	0.0582503646377873	0	0.0827429141328242	0.00580768904977844	0.0295627934812159	0.175915700029651	0	0.277695620949743	0	0	0.0312158947736942	0	0.00515429374181584	0	0.461	0.0323353400847699	1.09068064024392
TCGA-P4-A5EA-01	0.0293378557316617	0.199807298252957	0	0.141260542083229	0	0.139410820664151	0	0.0428049603339786	0.0949069099848428	0	0.00169230665216108	0	0	0.149603023391155	0.050299388122902	0.138079694831856	0	0	0.0127971999511061	0	0	0	0	0.483406166107889	0.875496006010622
TCGA-P4-A5ED-11	0.204593422606445	0	0.0348304582395909	0.0122415630591828	0	0.372138406784352	0	0	0	0	0	0.0702916076233736	0.0169112823102216	0	0.0101254607854193	0.2131151665959	0	0	0.065752631995515	0	0	0	0.933	-0.0266039885720755	1.10406484964313
TCGA-HE-A5NK-01	0.00790084955556989	0	0.00449352141694707	0.0615495075020005	0	0.102143434738285	0	0.0110145956871108	0.00665051917530042	0	0.0462268665162761	0.0098496168763006	0.0190463242142068	0	0	0.579021156879739	0	0.00308628726615984	0.1447876945429	0	0	0.00422962562920396	0.001	0.401466435831658	0.921424184569225
TCGA-A4-A4ZT-11	0.0781611796359708	0	0.0997816178925234	0	0.0530706708205529	0.329460525859107	0	0	0	0	0	0.114099433515221	0.0463572864676303	0	0.00330462549692929	0.174426381621118	0	0	0.101338278690947	0	0	0	0.934	-0.0271923828955256	1.09669139887584
TCGA-AL-3471-01	0.0268743771024782	0	0.277729805247512	0.019779670050557	0	0.247995665432341	0	0	0	0	0	0.0283087567210654	0	0	0.0042535836148166	0.225788820735039	0	0	0.169269321096191	0	0	0	0.814	-0.00941830632802672	1.06426132974252
TCGA-MH-A562-01	0.015523256957606	0	0.00392445941854038	0.174809233617547	0	0.233481328180734	0	0.000433425414319454	0.0413082005882591	0	0	0.00884714258918426	0.0366714322241421	0	0.0304956197686454	0.381357684165245	0	0	0.0693245633633595	0	0	0.00382365371241706	0.098	0.124138742370839	1.04591501580016
TCGA-B9-5156-01	0.0385079281748376	0	0.034216039959718	0.0530819048809849	0	0.130326259972961	0	0	0.0145771422548062	0	0.0228865962656535	0	0.0762356217214944	0.120961212004169	0.00311001497304605	0.379576793639123	0	0	0.0636178407609213	0	0	0.0629026453922841	0.116	0.113528523509732	1.05471627762954
TCGA-MH-A854-01	0.0056013296893192	0	0.00361976030918121	0.0797949376997264	0	0.319156766062234	0	0.0133316141505873	0.0280141344531449	0	0.00664894901977231	0.043121284326166	0.0194759501426778	0.184549170542053	0	0.250015437384148	0	0.00943415685021785	0.0372365093707718	0	0	0	0.195	0.0836668883681331	1.07226281744726
TCGA-4A-A93W-01	0.0251629515349688	0	0.037301685574059	0.0511092715503702	0	0.298061600903301	0	0.0239031634467488	0.0377994204138623	0	0	0.0785475258164321	0.0330597126548374	0	3.93153407694519e-06	0.288962738038959	0.000653825110680736	0.000589641527822622	0.124844531893881	0	0	0	0.488	0.0291297253148384	1.07824767858223
TCGA-B3-3926-01	0.00861430077554707	0	0.0237977433970969	0	0	0.401157224679108	0	0.0099158182667855	0	0	0.0474170407149862	0.0170044689583873	0.128801077231465	0	0.00899422164915996	0.262103395037128	0	0.00193094520383403	0.0742046901294682	0	0	0.0160590739570333	0.706	0.00269608167675853	1.0883634975596
TCGA-BQ-5886-01	0.086494557557773	0	0.101027193929309	0.0553195078947833	0	0.122427531663721	0	0.00257245136185204	0.0447062132468559	0	0	0.0293474886995716	0.0234891596898506	0.135250152013933	0.0189268774122229	0.346980975729721	0	0	0.0334578908004062	0	0	0	0.069	0.136202673494506	1.03333253902735
TCGA-BQ-5894-11	0.210156983471434	0	0.0933884323031714	0.0819494266893893	0	0.14931867167183	0	0.0020499238998782	0.0146747458072014	0	0	0.0407257693123425	0.0407549630706857	0	0.00907844641501221	0.16573171483323	0	0.00209860869027059	0.0969848866027746	0	0	0.0930874272327796	0.972	-0.0382319078702367	1.09012767692283
TCGA-MH-A55W-01	0.00290796089064524	0	0.0665973286078033	0.0865530064698613	0	0.379343270422568	0	0.0250471901779688	0.040129649592788	0	0.0626294379539087	0	0.0213368190150298	0	0	0.180641594298625	0	0.0170717846859134	0.110744320522635	0	0	0.00699763736225383	0.312	0.0560278035115375	1.07201668014317
TCGA-A4-7997-01	0.00114540300816534	0.000994601112483674	0.012483114152026	0	0	0.413766910345958	0	0	0	0	0.0168656853459375	0.0715256148479221	0.100779225113674	0.0372427769506843	0.00701357942249138	0.11716210419359	0	0	0.219680968198003	0	0.00134001730906396	0	0.636	0.0113625471919893	1.09243488181396
TCGA-Y8-A896-01	0	0.00575291969493151	0.00353377681116307	0.0539945975820244	0	0.195915005988399	0	0.00835481821544368	0.0656349992891565	0	0.0410163906861926	0	0.0955636221399736	0	0.0293051620048502	0.383185825278579	0.00472309670743707	0	0.0987277896863887	0	0	0.014291995915461	0.053	0.15628763242357	1.02582514915472
TCGA-AL-A5DJ-01	0	0	0.112115189523442	0.467803737537537	0	0	0	0.112041649291974	0.0945924034073495	0	0	0.109276351650557	0.00773010307755964	0.0489553221331217	0.0213900954347401	0.0218994417202714	0	0	0.00419570622344809	0	0	0	0.00600000000000001	0.250677419172967	1.02680388394398
TCGA-G7-A8LE-01	0.1099571822433	0	0	0.0529013281465611	0	0.289396485258654	0	0.0036805007509223	0.0406668145438982	0	0	0	0.07426356558734	0	0.000419142123344402	0.320086069058833	0	0.00613545904360948	0	0.102493453243538	0	0	0.67	0.00670526355496473	1.09037319890371
TCGA-UZ-A9PS-05	0.00237725569436654	0.0111393103350836	0	0.0992343065539818	0	0.0156040431418393	0	0.00482913570548816	0.0609277260140588	0	0	0.0601049192917923	0.0117387915144218	0.111434811467071	0.0228569473862667	0.46980423936972	0	0	0.129948513525911	0	0	0	0.108	0.119899549106164	1.06193858558734
TCGA-B1-A47N-01	0.0642820121333823	0	0.0706723389066714	0.0990872156252427	0	0.352233241662066	0	0.0160266446561102	0.0470711683615567	0	0.0606928482553215	0	0.020088663605532	0	0.00588950120401163	0.251361083026346	0	0	0	0.0125952825637595	0	0	0.74	-0.000351378156840393	1.09892434950047
TCGA-2Z-A9J8-01	0	0	0.0767672088014223	0.0539857655939091	0	0.0680718385501606	0	0.0846209781384553	0.0165096378306193	0.0224044548359258	0	0.0133376840657634	0.0855838220677245	0.00807417669732113	0.088145847153322	0.435888150390589	0.0035362957554311	0	0.043074140119357	0	0	0	0.576	0.0183643712247111	1.08885968713375
TCGA-A4-7732-01	0.00146947371238742	0.00224309881580978	0	0	0	0.342490707210385	0	0.00144496497549169	0.0530265592264426	0	0.0101749462131987	0.0392775616396071	0.0258118996891739	0.00306874666038143	0	0.149092074036703	0.000485554144747713	0	0.371414413675671	0	0	0	0.375	0.0448314118276897	1.0990324390546
TCGA-UZ-A9PS-01	0.0501166245529341	0	0.116719610879835	0.0163150803903416	0	0.137098926541164	0	0.0467000278466937	0	0	0.024544147358931	0.0265860924095279	0.00581272252813474	0.124357945388371	0.0120291735359623	0.346329029071029	0	0.00844469987171464	0.0751173718470951	0	0	0.00982854777826577	0.568	0.0192231189403501	1.07617243051401
TCGA-UZ-A9PU-01	0	0.00337098568732947	0	0	0	0.419053703737711	0	0.000184534878189147	0.0343606533942582	0	0.00712815074290048	0.0794525359279146	0.0582363305885504	0.0468862473959277	0	0.179375086122692	0	0	0.169050392915037	0	0.00290137860949078	0	0.817	-0.00974839305483637	1.10253331526597
TCGA-F9-A7VF-01	0.000455452233242074	0	0.122847421387328	0.250501417949603	0	0.156720130948534	0	0.00769437823501863	0.0122306678042011	0	0.0584383350790696	0.0348902016617187	0.0293520180568616	0.0703652957543937	0.0024456182017733	0.143911171325283	0	0.00184637796350658	0.105941674269474	0	0	0.00235983912999239	0.345	0.0491491671450715	1.07157013715281
TCGA-B9-A5W7-01	0.00160466159867213	0.00074699825940124	0.00712544283322973	0	0	0.233535992664444	0	0.00293189666389409	0.037764057484034	0	0	0.026027486569954	0	0.3202094875977	0	0.12406812881216	0	0	0.225893163013037	0	0	0.0200926845034743	0.076	0.132904799934646	1.05674593791461
TCGA-2Z-A9J7-01	0.00331096016676222	0	0.158904547809536	0.0171628813074124	0	0.199720557205167	0	0.0758586313894833	0	0	0.0252048924681449	0.0516048073633941	0.0388452050037237	0.077232657735299	7.29731261636149e-05	0.138162258092814	0	0.00332423558794071	0.168479675353174	0.0403636467168311	0	0.0017520706741542	0.912	-0.0232537730833094	1.08210944653121
TCGA-UN-AAZ9-01	0.0732021240510185	0	0.0525697591458937	0.0696739355275999	0	0.242794747924305	0	0	0.0174435218121763	0	0.0355872929224748	0.0492322275846545	0.100637078965694	0	0.0283986027625045	0.123860582942425	0	0.00418839673635448	0.202100440476956	0	0	0.000311289147943256	0.922	-0.0254351323074924	1.09068340606465
TCGA-DZ-6135-01	0	0.0542277076108939	0.394891491581585	0.0438044087864093	0	0.160887681546881	0	0	0.0363716962353712	0	0.0100575691708242	0.00721384984773042	0.0103855793396812	0	0.0126723043598759	0.217814860387395	0.0202668639895614	0	0.0314059871437915	0	0	0	0.467	0.0317316112615773	1.04338725520029
TCGA-A4-A6HP-01	0.00225229025354723	0.000533873141883159	0	0.129295829820637	0	0.0574040556840992	0	0.0314528329339102	0.0449823383201971	0	0	0.0299828430813761	0.0306253625473223	0	0	0.48267289139746	0	0.00709364929488092	0.181563217077127	0	0	0.00214081644756013	0.141	0.0984694774563215	1.06248418082686
TCGA-BQ-7055-01	0.0859054000102501	0	0.13203866813513	0	0	0.174124850669712	0	0.0439535258281534	0	0	0	0.0750917165016249	0.072123687054318	0.0621014072146759	0.00663283065561059	0.274448376193954	0	0	0.0735795377365718	0	0	0	0.463	0.0321382956009027	1.05933111803043
TCGA-DW-7838-01	0.00202572052728962	0.0107469514691052	0	0	0	0.135450249094882	0	0.0379814521219008	0.0222096815164969	0	0	0.0200600128356175	0.0302990737424278	0.243492089306946	0.00970722938594076	0.394940952784821	0	0	0.0930865872145718	0	0	0	0.01	0.238104468269178	1.01305770993014
TCGA-DZ-6134-01	0.0974148311628985	0	0.0401107887632842	0.0748245292614167	0	0.13473808349625	0	0.00310398324530085	0.0372838333772049	0	0.039699544347501	0	0.0211870355500095	0.137248876471861	0.0281727662314921	0.350590376354782	0	0	0.0219413356022019	0	0	0.0136840161357982	0.028	0.18121431153943	1.01848697729335
TCGA-BQ-7046-11	0.236937558293617	0	0.149810438375201	0	0	0.216171476395898	0	0	0	0	0.00554187994446687	0.0288228014673187	0.0597522654001606	0	0.0356844150287792	0.226151451341716	0	0	0.034587719292298	0	0	0.00653999446054526	0.905	-0.0220546419784774	1.08057949539046
TCGA-HE-7128-01	0	0.004726734749121	0.0373364693336318	0.0753031292209727	0	0.170391095291721	0.0011697141845576	0.000826819982946514	0	0	0.038693517940164	0	0.0281377356044594	0.022185077644881	0	0.555830856972586	0	0	0.065398849074959	0	0	0	0.001	0.339802117331647	0.953007348390548
TCGA-A4-A57E-01	0.00150701027559436	0	0.010580220581201	0	0	0.359234383902299	0	0	0.0753690596710616	0	0.0541459519882759	0.0330646087020943	0.0998624336373459	0.0960820140360688	0.00802592462327342	0.122038424410063	0.00285781439236134	0	0.131558042595474	0	0.00567411118488729	0	0.935	-0.0273673486674485	1.09985630998455
TCGA-AL-3468-01	0.0277749655300914	0	0.0197656944552531	0.053095549193206	0	0.256299370824026	0	0.0144931083137677	0	0	0.0465047057981931	0	0.0298115460806839	0.157326562003834	0.00849057303542447	0.265780381459905	0	0.0146960360639313	0.105961507241684	0	0	0	0.872	-0.0168954465400948	1.09802943950724
TCGA-BQ-5882-11	0.107703151879881	0	0.0950495446395182	0	0	0.306823797468092	0	0.0224096324994982	0.0509227870572896	0	0	0.108641471226278	0.0504541499472259	0	0.00170988362854434	0.181621567925025	0	0	0.0722619376804999	0	0	0.00240207604814736	0.952	-0.0330010260409812	1.09698782550153
TCGA-5P-A9K2-01	0.00327522463319076	0.00830730893911795	0.00225524508607972	0	0	0.369607575178923	0	0.0231938102750837	0.0921690749834695	0	0.0508079452392541	0.0135582620941232	0	0.300366600992594	0.00514688005947614	0.0884578961230463	0	0	0.0428541763956414	0	0	0	0.57	0.0188554267447674	1.11030603907527
TCGA-5P-A9KE-01	0.0404049593291692	0	0.0816733032117186	0.058979318881718	0	0.0667191856175716	0	0	0.0060601566214669	0	0.0142294260839511	0	0	0.179722844166371	0	0.497043153083094	0	0	0.0551676530049391	0	0	0	0.039	0.168321713533986	1.04837480413067
TCGA-DZ-6133-11	0.0948437430310181	0	0.0946720786849057	0.00630553864906621	0	0.2415093547333	0	0.0587920322167518	0	0	0	0.136608990243843	0.0805875342684359	0	0.0121559216241656	0.214837925875269	0	0	0.0596868806732447	0	0	0	0.919	-0.0249426394557893	1.09346585295309
TCGA-2Z-A9JS-01	0.000178173985300425	0	0.0227926961241863	0.00786642111688371	0	0.30376888780098	0	0.0203666827806148	0.036624440037896	0	0	0.0837600319095564	0.0445895977862477	0.168124697612462	0.000635166240564497	0.0219330420680615	0.00193432728379542	0	0.287425835253451	0	0	0	0.693	0.00406263368221787	1.1036668972961
TCGA-IA-A40U-01	0.0341876338252222	0	0.0588129536462817	0.0945817802229908	0	0.257286155800655	0	0	0.00439669543217101	0	0.0395034750775907	0	0.0385439062180597	0	0.00733579178935295	0.37923308803556	0	0	0.0281797709524253	0	0	0.0579387489996903	0.338	0.0507011194032918	1.07077699454508
TCGA-SX-A7SP-01	0.0433210070305543	0	0.0560980932062518	0.0530821604264381	0	0.0546903032920756	0	0.0107635645915911	0.00483914528155134	0	0.00982626867785596	0.00612715443497037	0.00244142388022614	0.0411836448950298	0.0165183922150805	0.603334617412119	0	0	0.0977742246562559	0	0	0	0.004	0.270214530657147	0.994159677860509
TCGA-UZ-A9PL-01	0.0139870304721458	0	0.0523455345483434	0.0819753780240389	0	0.119869554314492	0	0.0377281552486656	0.0984421744938225	0	0.104893327506011	0.00775523217074829	0.00935073594222331	0.0486339042050463	0.0273169477304867	0.192172795648461	0	0	0.205529229695516	0	0	0	0.912	-0.0229176290324612	1.09245752408866
TCGA-2Z-A9JO-01	0.0829733516398503	0	0.0668409114819463	0.0381228854541234	0	0.0964193351446099	0	0	0.0197989934392053	0	0	0.0335976603178136	0	0.0249404646101346	0.0152560364787487	0.588018779934241	0	0	0.0340315814993269	0	0	0	0.028	0.180770542596429	1.03461630455533
TCGA-G7-A8LC-01	0.0897977953412076	0	0.00513547965038344	0.0868823723027869	0	0.270450720334134	0	0.0520385218351699	0.0618223871852288	0	0.0417205529151783	0.0611656068615013	0.0483687778367574	0	0.0221705769603653	0.231269656108198	0	0	0.029177552669089	0	0	0	0.798	-0.00731600863115616	1.10383909224525
TCGA-A4-8516-01	0.000308671169785874	0.00173372762917336	0.00242222845559384	0	0	0.313001316881949	0	0.0213231270529622	0.0753498899684233	0	0.0269763145558083	0.0071486960800108	0.0465407238063282	0.06204110482256	0	0.303109314933449	0	0	0.140044884643957	0	0	0	0.279	0.0618840833846029	1.06608088114776
TCGA-SX-A71W-01	0.0579473051232179	0	0.0553891288374566	0.0315017871368761	0	0.114206398325482	0	0.00918268560603967	0.0477571327349926	0	0.0258339758163953	0.056551586226334	0.025885837569421	0	0.012204255262437	0.360697171217119	0	0	0.20086501126646	0	0	0.00197772487776839	0.778	-0.00425805028411405	1.0864106619777
TCGA-BQ-5884-01	0.0709413920202413	0	0.0132567167738644	0.0491921503049196	0	0.191546007764264	0	0.0068550018639911	0.0276836098803931	0	0	0	0.0556744573488876	0.120270081276527	0.0150301478391228	0.447254959090056	0	0	0	0	0	0.00229547583773385	0.013	0.216129035745937	1.01495930519042
TCGA-SX-A7SQ-01	0.049429577802954	0	0.0663657383658415	0	0	0.18981670656265	0	0	0.018470145929965	0	0.00111126408666482	0.00873013032977955	0	0.0329316405798124	0.00580049467965495	0.387694321905396	0	0.013012064366573	0.215902557609724	0	0	0.0107353577809844	0.825	-0.0106469554390996	1.09401758402421
TCGA-2Z-A9JJ-01	0	0	0.0558087854463458	0	0	0.120773090060715	0	0.0299423836546588	0.0337687902332934	0	0.0602585308793466	0.000511882971686539	0.147180631677976	0.0902422554835868	0.0129173115969684	0.296329307814323	0	0	0.148033223246775	0	0	0.00423380693432408	0.316	0.0545926397318875	1.06397013886932
TCGA-5P-A9K6-01	0.00189626890356198	0.0114153202895192	0	0	0	0.197239686105334	0	0.022814996516777	0.0616940495531326	0	0.0170634645833887	0.0243800609712143	0.0292113166529863	0.127896537926109	0.00846966047801615	0.384693469527896	0	0	0.113225168492065	0	0	0	0.056	0.150406399650317	1.03689800484172
TCGA-A4-7585-01	0.0427027014907941	0	0.063941773929283	0.0903797551175133	0	0.173070834407461	0.00205457042145642	0.0507077427775444	0.0463316941881432	0	0.0261050897176087	0	0.0359760154556363	0.10606928094013	0.0680488276472905	0.276418265903419	0	0	0.0149364916664621	0	0	0.00325695633725843	0.0610000000000001	0.145015788178991	1.02796816361234
TCGA-A4-7915-01	0.103226208346855	0	0.0816622606183307	0.158688901062851	0	0.160012429440811	0	0.0554194585675231	0.0584895356734302	0	0.0381308466650808	0	0.00829989957583444	0.0301463762737337	0.056403519386915	0.169554760624436	0	0	0.0724345253702794	0	0	0.00753127839392008	0.383	0.0423332472551892	1.0637950351196
TCGA-A4-7828-01	0.0514302530682504	0	0.0301470865468044	0	0	0.318893258776153	0	0.0161700907171784	0.0270051291347545	0	0.0492019050966108	0	0.0829148477837725	0	0.0478743880716118	0.247491601729106	0	0.0144506472187698	0.0460892779655156	0.018115844885626	0	0.0502156690058462	0.515	0.0257643223139989	1.07082948013461
TCGA-IZ-8195-01	0.000311570470773199	0	0.0258839154634812	0.0448583561864869	0	0.306855484404009	0	0.00290638132738678	0.0331769824142431	0	0	0.081417873306126	0	0.269061325508653	0.000114946085222878	0.100142600275717	0	0	0.135270564557901	0	0	0	0.275	0.0632194937683074	1.08052857039374
TCGA-BQ-5882-01	0.0797976494033545	0	0.0756956001767482	0.405330072056137	0	0	0.00496068639082421	0.122673109536667	0.0962948139903938	0.00428043307765501	0	0	0.0114983262237651	0.0139482404185386	0.0893867012491754	0.0961343674767413	0	0	0	0	0	0	0.385	0.0420035757393261	1.10430628394833
TCGA-F9-A97G-01	0.0470811456098284	0	0.0340694101524354	0.0342898895031803	0	0.0691423907148571	0	0.0276582503328078	0	0	0.0120223342283621	0.00668532237935051	0.000823124628956443	0.279396965791705	0.0269411022591963	0.458759770426508	0	0	0.00313029397281248	0	0	0	0.011	0.232175817840094	1.03214527993044
TCGA-2Z-A9JG-01	0.0314884145374381	0	0.0564598439413568	0.0183187974360386	0	0.297640911742688	0	0.0495407123208197	0	0	0.0265954085222146	0	0.0117669548871589	0	0.0257348605216733	0.435542014386721	0	0	0.046912081703891	0	0	0	0.487	0.0291913251831628	1.08142631734024
TCGA-2Z-A9JI-01	0.0247825352798828	0	0.10367686774718	0.0721160019673415	0	0.142467344673962	0	0.0686368634045067	0.0258506297979289	0	0.0462608786615673	0	0	0	0.022169192046928	0.436542295930906	0	0	0.0109068233558353	0	0	0.0465905671339618	0.152	0.0939570287447973	1.05098278381169
TCGA-B9-5155-01	0.0899923438352185	0	0.0989332852953474	0	0	0.119920019101511	0	0.0378971540247055	0	0	0	0.071797100054488	0.00552335287515807	0.00571457440409237	0.00045219528072054	0.0775708702677706	0	0	0.492199104860988	0	0	0	0.388	0.0413624706628625	1.12267400352123
TCGA-BQ-7056-01	0.0400627423768867	0	0.0438235224475843	0.0726878327043695	0	0.1520000916946	0	0.067237469223417	0.0489929507273659	0	0	0.0225395306230244	0.0962563910897907	0.00140121997550831	0.015894627130913	0.431167416164286	0	0	0.0079362058422537	0	0	0	0.949	-0.0324788738660301	1.10939463008975
TCGA-SX-A71V-01	0.023023947969897	0	0.0249550200571933	0.0355758498289184	0	0.156661435391518	0	0.014149766378865	0.000174252198419078	0	0.0324511861031067	0	0.00525224428737763	0	0.00346542359597369	0.622202210164511	0	0	0.0820886640242209	0	0	0	0.029	0.180531468279969	1.03924521547042
TCGA-BQ-7061-01	0.0565958849459842	0	0.0267136519194708	0.0134800556851153	0	0.24799934799654	0	0.011506347905064	0.00456243513865042	0	0.0124771051322436	0.00487364055123641	0.0880578401641796	0.0937407796727735	0.0329511538482981	0.386059097624715	0	0	0.0209826594157286	0	0	0	0.11	0.119025135852275	1.04863882248689
TCGA-2Z-A9J6-01	0	0.00091335268789987	0.136689362682809	0.0455476114132383	0	0.216412935573195	0	0	0.0237011629095233	0	0.00958977871225135	0.00389482639716623	0	0.20762577251402	0.017766108037587	0.316590536590038	0	0	0.0212685524822716	0	0	0	0.267	0.0658651382026741	1.07202214589213
TCGA-SX-A7SL-01	0.0303067906587924	0	0.159013828462725	0.0182088588653905	0	0.168050662395515	0	0	0.052129006904476	0	0	0.0817831164922356	0.0137285025912922	0	0	0.167230711027521	0	0.00641865136956022	0.296677025327479	0	0	0.00645284590501393	0.865	-0.0157189761812347	1.09008239640327
TCGA-GL-7773-01	0.0251822267001667	0	0.0344827312824919	0.0640093850887111	0	0.271902356655332	0	0.0187910998084954	0.0168601075179187	0	0	0.07694211192582	0.0125746731333977	0.0286808741600389	0.000439312619916265	0.251399769117702	0	0.0153530628469434	0.0683941914241784	0	0	0.114988097718888	0.384	0.0421020314405535	1.07519949016553
TCGA-KV-A74V-01	0	0.0109619190489387	0.132222257529141	0.158205786595596	0	0.116725329291179	0	0.0451382307223662	0	0	0	0.0399554947091434	0.0057440246905738	0.0553692778456713	0.00669751364680062	0.364267088635296	0	0	0.0647130772852935	0	0	0	0.566	0.0194799677591993	1.07593571610075
TCGA-A4-7286-01	0.042580979588656	0	0.0184407575103261	0.0603726839205862	0	0.0885347847487408	0	0.00135236207931363	0.0407294959579408	0	0.0297508924111967	0	0	0.135232204285359	0.0189131272834079	0.5267091765583	0	0	0.0367795862349214	0	0	0.000603949421251673	0.019	0.199175494895543	1.03219584898288
TCGA-SX-A7SU-01	0	0.00215209598490964	0.0106541406416698	0	0	0.391167966350498	0	0.00527683813330647	0.0711412626571854	0	0.0495528533040728	0.0323534909667542	0.0378221139328815	0.0236687566610588	0	0.210075624508398	0	0	0.164114522893018	0	0.00202033396624705	0	0.779	-0.00472575588579926	1.09681289836935
TCGA-SX-A71U-01	0.000821107517223342	0	0.00233654083451518	0	0	0.341565224421541	0	0.00117235465054674	0.0515865928809429	0	0	0.0277157507698898	0.0570923145586841	0.00231718769185174	0	0.310032706239952	0	0	0.175401694976809	0	0	0.0299585254580445	0.444	0.0348155606805563	1.07737266220067
TCGA-B3-A6W5-01	0.0013395622791323	0.000305102803214003	0	0	0	0.239401272956973	0	0.00107498014676132	0.0353148765299146	0	0.0173799010111197	0.0573584610740698	0.0122549425668656	0	0	0.219575608897337	0.00144568607620939	0.0105280310304726	0.401654986274356	0	0	0.00236658835357435	0.243	0.0706483849693044	1.09030684927489
TCGA-G7-6793-01	0.0963087312615411	0	0.0214913979531622	0.0283475145968772	0	0.12736180220792	0	0.0165955591109836	0.0371348121785104	0	0.0262377763561137	0.00728317796634651	0.0163534580377683	0	0.00610572833683174	0.442903890990699	0	0.0818542922065693	0.0920218587966763	0	0	0	0.337	0.0508495195863519	1.06917745495481
TCGA-DZ-6132-01	0.0195562780234607	0	0	0.0415073541543584	0	0.0958017765344229	0	0.0100640001660435	0.0220309990743676	0	0.0123509555036596	0	0	0.228521288514498	0.0121994169374494	0.535722639442808	0	0	0.0145682226885439	0	0	0.0076770689603885	0	0.44091911352583	0.909834726094369
TCGA-BQ-5887-01	0.00592174814261622	0	0.0370261468965075	0.0698611416632599	0	0.131960693292439	0	0.015074990235881	0.00963770885392175	0	0	0.0375323449319888	0.0178334607370186	0.203639040647102	0.011129994636916	0.312922522448947	0	0	0.145257536109956	0	0.00220267140344633	0	0.022	0.185959328737223	1.02191176694749
TCGA-G7-6797-01	0.0323983441886975	0	0.0387111504898386	0.0411638810481524	0	0.240606349632759	0	0	0.0445631049950892	0	0	0.0347516984440071	0.00655902395262367	0	0.0566756911184162	0.273508869240704	0	0	0.210937579918423	0	0	0.0201243069712894	0.79	-0.00625610603732109	1.08528723654995
TCGA-DZ-6133-01	0.090763196199026	0	0.151746036498225	0.0105865578602086	0	0.199677664183337	0	0.0199956669488053	0.0455636406839436	0	0	0.0485427122815545	0.0676704439982278	0.0264281901354348	0.000366021683022104	0.317923810916882	0	0	0.0207360586113338	0	0	0	0.917	-0.024468186146634	1.08262940539509
TCGA-BQ-5888-01	0.0848721335293458	0.0360075811799808	0	0.113504862951819	0	0.0837063634041003	0	0.135350728712799	0.103897097862572	0	0.0161432295469623	0.0484762172795581	0.0192359103910077	0.0229763178750969	0.0294096827865349	0.251366463315793	0	0	0.0295884524123773	0	0	0.0254649587520533	0.221	0.0755970660353282	1.06054035477389
TCGA-B9-4116-01	0.0232673086522046	0.0175655784129361	0	0.0179555113449491	0	0.0845442193100832	0	0.115767735358445	0.0133755747545268	0	0	0.0857417446353793	0.00612643601838809	0	0.0135527645011718	0.228734363326702	0.0645871711208775	0.0197353578543383	0.300081464051356	0	0	0.00896477065864184	0.698	0.00363435126967524	1.09280577910435
TCGA-Y8-A895-01	0.0736779316372796	0	0.0618846937665435	0.0343993088170826	0	0.184418276049813	0	0.025983440416475	0	0	0.00102487787067521	0.017377065690331	0.0278654019169522	0	0	0.264985551637561	0	0.0155057800826359	0.131811755747498	0	0	0.161065916367152	0.788	-0.00592234283775781	1.08800734818383
TCGA-5P-A9JZ-01	0	0.00415754041865652	0.00151717991425935	0	0	0.248544087792921	0	0.00758642222051739	0.0490136458888105	0	0.0144695606162531	0.0445264910907233	0.0369418651078572	0.0722527677716809	0	0.407229668341542	0	0	0.113760770836778	0	0	0	0.198	0.0824431522360404	1.06570195959554
TCGA-2Z-A9JN-01	0.169658619096726	0	0.0541615348755728	0.0334804820606345	0	0.248277494469245	0	0.0223552082267141	0.0425888195067135	0	0.00557290050797553	0.0301569665032162	0.024700260900606	0	0.0131030694161487	0.248766804697929	0	0.00832500405999291	0.0988528356785263	0	0	0	0.681	0.00541364229128097	1.07567172569195
TCGA-DW-7834-01	0.00374668080216622	0.00419808666468272	0	0.00770199323941757	0	0.296301821152564	0	0.0031995096944615	0.0603217402809109	0	0	0.0300533909136499	0.0285140107564861	0.0131925640124999	0	0.42747290963867	0	0.0205468903169218	0.104750402527569	0	0	0	0.029	0.178193961811401	1.02195158314896
TCGA-4A-A93X-01	0.0020950176606622	0.00254968037276521	0.0159336755617633	0	0	0.495730964180502	0	0.00901562893491921	0.0387237179590001	0	0.00727914438518331	0.0794124170907647	0.0798288725733978	0.0922706517463938	0.0055393122986853	0.0249733262402456	0.000911393315813574	0	0.133890885662339	0	0.00674536091408879	0.00509995110347689	0.945	-0.0312196137140994	1.12256873291359
TCGA-B1-7332-01	0.0212949916292374	0	0.00634317676173916	0	0	0.199899538724934	0	0.0445663798418694	0.0408760354193304	0	0	0.0202969834179065	0.00715727318150035	0.163763487774074	0.0111968805879467	0.408922607986752	0	0	0.0756826446747095	0	0	0	0.103	0.121445600779766	1.05753337005816
TCGA-5P-A9K3-01	0.0291841146124112	0.00743218706649767	0	0.0797694331828946	0	0.137130301091196	0	0.0142766584986669	0.0183017313762736	0	0.0263333683975115	0	0.0763159582582132	0	0.0328451961045003	0.475882133794323	0	0.0845929179529363	0.0179359996645754	0	0	0	0.206	0.0788106413952948	1.07179966352944
TCGA-B9-4113-01	0.0194946514747481	0	0.0139666265069291	0.0927674947480191	0	0.0365482849111767	0	0.0142138089390152	0.0189626652383969	0	0.0271090724395054	0	0.00498733861133054	0	0.0118525573523533	0.593173625874772	0	0	0.157917724222342	0	0	0.00900614968141168	0.145	0.09680150095465	1.07752013762074
TCGA-BQ-5884-11	0.100027605465635	0	0.186480833219392	0.0766486719596138	0	0.254068413528422	0	0	0.0517701799740186	0	0	0.0348896725992845	0.036243588825502	0	0.0214878592835615	0.159756819716201	0	0	0.0786263554283692	0	0	0	0.657	0.00884341164321615	1.0649359112597
TCGA-5P-A9K4-01	0	0	0.0821595981209221	0	0	0.23735074226549	0	0.00928946624545294	0	0	0	0.0293520665571476	0	0.0209439745402746	0	0.502710408534266	0	0.0102233760445459	0.107970367691902	0	0	0	0.804	-0.00781322834231785	1.10440117033598
TCGA-O9-A75Z-01	0.0334549795955063	0	0.0188788429630903	0.0772392333027202	0	0.251625087523119	0	0	0.0219282912216227	0	0.00885434405488481	0.00893056383748392	0.00231137020897078	0.0343825400088999	0.00203367746104759	0.395135726804867	0	0.00365626490294659	0.141569078114842	0	0	0	0.484	0.029656452111289	1.08169150019
TCGA-A4-7996-01	0.0140783572786589	0	0.00214087572598817	0.0672758152436755	0	0.188854872058761	0	0	0	0	0.0355589119279517	0	0.02384898499076	0.141708987857833	0.0162141405117513	0.419090067513519	0	0	0.0519438980900202	0	0	0.0392850888010822	0.126	0.107664985627274	1.06559872087411
TCGA-B9-A69E-01	0.031818150307034	0	0	0.167084500305838	0	0.0937726046021364	0	0.0129153934099533	0.0291686505689802	0	0.0291625130504337	0	0.0700945312980993	0.0431998348476669	0.0365777711417837	0.46491252265478	0	0	0.0212935278132945	0	0	0	0.011	0.230434314775435	1.00403456356717
TCGA-A4-A5Y0-01	0.0616631332988503	0	0.196886349910618	0.00127930560114321	0	0.110773662437516	0	0.0630700261944921	0	0	0	0.0938225031837688	0.0168715584007407	0	0	0.322270427883442	0	0.0969686996167634	0.036394333472666	0	0	0	0.639	0.0108751924958653	1.06570723144605
TCGA-BQ-5887-11	0.156082089591063	0	0.0180928178393568	0	0	0.395273913239045	0	0	0.0266455300576644	0	0	0.0715286937079378	0.1367338640912	0	0.0168097645801073	0.131770237405094	0	0	0	0.047063089488532	0	0	0.907	-0.0223718047479802	1.10605017480954
TCGA-B9-4617-01	0.0596017295606435	0	0.134506127339812	0.0710894043889639	0	0.161715760298777	0	0	0.000873686969276673	0	0.00357583781809142	0.0257972491665033	0.0495401135264384	0	0.0129222170705753	0.223468629865984	0	0.000665989555643392	0.256243254439292	0	0	0	0.189	0.0850832700412133	1.04343266642377
TCGA-A4-8098-01	0.0438741039506155	0	0.00294855756498828	0.0231026664093997	0	0.164826240319623	0	0.0709423717951956	0.167676847219214	0	0.0466508320721795	0.0145354176546284	0.0601645058493422	0.123973925989222	0.0483208967473623	0.0477268489754004	0	0	0.175748344244108	0	0.00950844120872205	0	0.643	0.0103894732705804	1.08027272898288
TCGA-UZ-A9PO-01	0.000641307638244961	0.0196128583312385	0	0	0	0.244404909769754	0	0.00258850667512464	0.0292925767274674	0	0.0207676649150311	0.0205513195184327	0.0329724502239343	0.111618438963245	0	0.425655716775652	0	0	0.0918942504618756	0	0	0	0.056	0.152235224138063	1.03992658453143
TCGA-G7-6792-01	0	0.00305938641489493	0.00976426235621039	0.059029747458334	0	0.201229541392143	0	0.0351054637479317	0.0262089241932913	0	0	0.057458962802029	0.0255492700177138	0	0	0.30952765898453	0.100441651024349	0.0641732985585763	0.108451833049996	0	0	0	0.535	0.0232325313949564	1.07503469206833
TCGA-P4-A5E8-11	0.0751200897609913	0	0	0.0526677919676108	0	0.325488657576338	0	0	0.0650304623330211	0	0	0.0910679192182676	0.0572692887652564	0	0.0186381146322421	0.188409274778989	0	0	0.126261208735799	0	4.71922314856643e-05	0	0.893	-0.0189610224978684	1.1027509690286
TCGA-BQ-7058-01	0.0835554118456509	0	0.121359593492957	0.133241079987613	0	0.158372237234336	0	0.0241848823149936	0.0909037304424823	0	0.0278366773467378	0.0136494315392985	0.0283441218234104	0	0.0817331107674446	0.225271772546187	0	0	0.0115479506588891	0	0	0	0.814	-0.00928211968121057	1.08456364023579
TCGA-J7-A8I2-01	0	0	0	0.209271658325321	0.103000806332171	0	0	0.0788953294949029	0.128496433940957	0	0.0382945099693498	0.0629447303620704	0.100120618042302	0	0	0.111280125126928	0	0.167695788405997	0	0	0	0	0.792	-0.00646593687613165	1.11896840323627
TCGA-BQ-7051-01	0.0751580967116716	0	0.166134259713599	0	0	0.198926996561604	0	0.0171099266695333	0.0235805237561312	0	0	0.055011170097064	0.00957544477147629	0	0.00597090496874419	0.323940138967392	0	0.0451295957878342	0.0775990275833564	0	0	0.00186391441159388	0.902	-0.0212320434245878	1.0742597131273
TCGA-UZ-A9PK-01	0.00108675940463879	0	0.0120079416939154	0	0	0.296194807108227	0	0.0261571602710075	0.0530119048521528	0	0.00435247220442531	0.033353927801137	0.0333215311969669	0.213689469479386	0	0.220423315467354	0	0.00631976343952448	0.100080947081265	0	0	0	0.176	0.0876241136350225	1.06278852730027
TCGA-A4-7584-01	0	0	0.125036701848586	0	0	0.160416288120495	0	0.0433182111530736	0.0439992988710791	0	0.0263156858948367	0.0286931143878716	0.0222989495668171	0.0111239253671304	0.0117978214763419	0.240912802126764	0	0	0.247237791369722	0	0	0.0388494098172837	0.956	-0.0342417416019274	1.08848101700851
TCGA-BQ-5877-01	0.00520277988356128	0	0.0208906886835302	0.0734069691122226	0	0.181182574070973	0	0.0207916503781878	0.00542464539622125	0	0.0115581664887885	0.028777793741431	0.144082150745329	0.0240213949782329	0.0528438726668478	0.379358643885666	0	0	0.0340425135498749	0	0	0.0184161564191337	0.0649999999999999	0.140271184952932	1.03798441114233
TCGA-AL-3473-01	0.00690824721510211	0	0.0160460108675189	0.583615524835709	0	0	0	0.0210665538956976	0.0630831557841638	0.0237608956433779	0	0.0415543539994338	0.000744882585303267	0	0.0381942373643907	0.185000740762486	0.00396703873180467	0	0.0147797450316976	0	0	0.00127861328331512	0.001	0.354544806982972	0.965227100410138
TCGA-5P-A9JY-01	0.0296391564811929	0	0.100716538611708	0.102033477217816	0	0.18803089557243	0	0	0.0529118766123142	0	0.0620984792680876	0.0164876350336346	0.0464237456153094	0.00476707053353249	0.0554646545901839	0.304787155504067	0	0	0.0366393149597235	0	0	0	0.712	0.00229510560164663	1.07950280630165
TCGA-5P-A9JW-01	0.0299970226644098	0	0.0429102126362032	0.0824514634642303	0	0.125478297015575	0	0.00440448146959116	0.0362905645131523	0	0	0.0135550171773643	0	0.0713379994287307	0.0270647595480514	0.54012567031436	0	0	0.0263845117683319	0	0	0	0.011	0.231553529173406	1.00948315579639
TCGA-A4-A5DU-01	0.0447686645449273	0	0.0290055376567156	0.0687297358651885	0	0.242036598574231	0	0.013574485511441	0.0487641304919395	0	0.0782430226865252	0	0.00818210607956989	0	0.0183008205619999	0.448394898027463	0	0	0	0	0	0	0.687	0.00478298073471737	1.10144617037769
TCGA-SX-A7SR-01	0.000266505917294328	0.0029293383342383	0	0.0406736236046398	0	0.278334145652393	0	0.00345159340942395	0.0050002569482934	0	0.0343539087653512	0.0213151126998673	0.0224383846549369	0	0	0.315924022496165	0	0.00322872335457905	0.24259948173577	0	0	0.0294849024270476	0.097	0.125449713923434	1.04317594390477
TCGA-G7-A8LB-01	0.0865469203193285	0	0.108522479291023	0.0136856406859038	0	0.257917058851643	0	0	0.0311539960579687	0	0	0.139018979707123	0.0478381392313006	0	0.0269459663647052	0.229354696068337	0	0	0.0590161234226683	0	0	0	0.885	-0.0183548965435557	1.09195229089578
TCGA-G7-A8LD-01	0.0113976956098793	0	0.0127206162399473	0.0742963379648673	0	0.110347386700211	0	0.152963135202933	0.039672005116775	0	0	0.0957573439512509	0.048847005032011	0.0965522701131255	0.0349055971017925	0.200004641172819	0.000448122983239696	0	0.122087842811148	0	0	0	0.789	-0.00608772181736207	1.09101177779189
TCGA-MH-A561-01	0	0.00140834724693996	0.0899098472603107	0.105919467463271	0	0.211241206142587	0	0.0340987169473193	0.0416058612814561	0	0	0.0215797922838077	0.0113363050377359	0.0319082521521722	0	0.322202464290313	0	0	0.128789739894087	0	0	0	0.125	0.108331102685438	1.04000672680786
TCGA-HE-A5NH-01	0.0369137912946438	0	0.0103972751832725	0.00903089313910457	0	0.183135591069777	0	0.0144645158912084	0.0302047186156615	0	0.0332840755700645	0.00728866139440202	0.0808508635924692	0.108468229663829	0.0159662031344538	0.329372681305857	0	0	0.126633740953941	0	0	0.0139887591913161	0.644	0.0102251588605599	1.08644515286699
TCGA-Y8-A898-01	0	0.00600472964951694	0	0.0244616914175048	0	0.140942364925908	0	0.0190273279840558	0.0317618673278843	0	0.0334883818797714	0.005733456417926	0.0207544809601546	0.0454938916217829	0	0.601526045596138	0	0	0.0708057622193572	0	0	0	0.001	0.31325922168614	0.973735387743471
TCGA-2Z-A9JK-01	0	0	0.0114109875372365	0.0570719427475307	0	0.133117973825908	0	0.0228478983122553	0.0731739131527534	0	0	0.0429738781863927	0.0381466072963155	0	0.0543938523171544	0.434091509715752	0.0763149613810485	0	0.0542229492082679	0	0	0.00223352631938486	0.14	0.0990920171626289	1.05632979177094
TCGA-GL-7966-01	0.0313613318005322	0	0.0368380724634573	0.0742532032526569	0	0.0687838288487621	0	0.019830518814001	0.0545499956374118	0	0	0.0357415076266639	0	0.0867078816655233	0.0250332795465332	0.149617453377012	0	0.0062251155001699	0.411057811467276	0	0	0	0.137	0.0998313996169878	1.07181143460327
TCGA-B9-4117-01	0	0	0.0274991121289109	0	0	0.262939607376634	0	0.00077902902781792	0.00199920680303826	0	0.0488453939396523	0.011637151643211	0.0405568047985973	0	0	0.506129966125902	0	0	0.098710661625396	0	0.000903066530839826	0	0.141	0.0983763223155558	1.06258438013789
TCGA-5P-A9K0-01	0.00193594829009007	0.00653648875129193	0	0	0	0.251292353580977	0	0.00108866939133717	0.0424498474551846	0	0.0536906437256288	0.019425525504651	0.0366901542801188	0.11419759951949	0.000511226854167724	0.374316142901219	0	0	0.0978653997458438	0	0	0	0.313	0.0557013845076382	1.07740734993593
TCGA-5P-A9KC-01	0.000960840566460818	0.00779600792676459	0	0	0	0.301722469410351	0	0	0.0424177293042464	0	0.0252412680568152	0.0629735917371757	0.0668654644803601	0.0251080746656055	0.00111680793243952	0.341270363585853	0.000472148106709296	0	0.119182476748155	0	0.00487275747906348	0	0.639	0.0108281310531388	1.08900388358113
TCGA-DZ-6132-11	0.0617569468809192	0	0.0211684570696818	0.0775440580806287	0	0.162437654481107	0	0.0122523685765112	0.0674241651497512	0	0.0196607238506811	0.00710107622232628	0.0715684777951987	0.099423443064767	0.0302309608923006	0.301893130341752	0	0	0.0675385375943756	0	0	0	0.15	0.0953101830988622	1.04739659557424
TCGA-SX-A71R-01	0.0335531032161282	0	0.0001877209534174	0.0642306947943231	0	0.161851274219078	0	0.0202413368317053	0.0936114767744136	0	0	0.0552825261968318	0.0163339952166198	0.0822150312783887	0.00323608923944377	0.309147595368341	0	0.00361692680442222	0.156492229106888	0	0	0	0.856	-0.014612043217239	1.09629062772001
TCGA-P4-A5ED-01	0.0414575489609152	0	0	0.128994297674272	0	0.198677794096394	0	0	0.040382533757453	0	0.0499813265526367	0	0.0848979004805136	0	0.00484795074890607	0.432753470291814	0	0	0.0180071774370954	0	0	0	0.28	0.0618255249162526	1.07731376854149
TCGA-SX-A7SN-01	0.000994256827388675	0.000704785110405112	0.00426093057734921	0.0284837139460948	0	0.233572385677029	0	0.0176549483187886	0.0448947372258134	0	0	0.0760814492294357	0.120550443608478	0.0226529655378073	0	0.23126993157111	0.00413524357582728	0.0160703777615758	0.196070766516714	0	0	0.00260306451618247	0.393	0.0404245690055321	1.07118908173834
TCGA-BQ-5888-11	0.115648234696408	0.0504399588394398	0.017073350617415	0.0580250471247783	0	0.226433317709183	0	0.0535060705831794	0.0931264050597108	0	0.00237444961017519	0.0484944965914085	0.0255980769684901	0	0.0207847049267815	0.235435723034699	0	0	0.0530601642383309	0	0	0	0.164	0.0905005336042481	1.05197301380528
TCGA-5P-A9K8-01	0	0.00546560452872708	0.000941443360183758	0	0	0.325740883940529	0	0.0112998675359412	0.00216821265648031	0	0	0.0583384588971347	0.0388438486932408	0	0.000885918549980185	0.375989429481199	0	0.00269309379557168	0.177633238561013	0	0	0	0.757	-0.00251503142375706	1.09747912330219
TCGA-IA-A40X-01	0	0.00415467136392721	0	0.118772290175278	0	0.161386438133449	0	0.0520298962963792	0.117046633961917	0.0268831971959989	0	0.045265055450174	0.0530524223643179	0.0552927214204985	0.0297135316811786	0.13651375909203	0.000643246288946937	0	0.191680797529284	0	0.00620206720463361	0.00136327184198612	0.851	-0.0137271397606704	1.0973114357712
TCGA-WN-A9G9-01	0	0	0.00292989904285427	0.674646748132393	0	0	0	0.0507270215490112	0.0576004808846547	0	0	0.0507660402387187	0.0101834532129706	0	0.023966009231374	0.127093191969546	0	0	0.00208715573847701	0	0	0	0	0.476507599425873	0.897753068574316
TCGA-A4-7583-01	0	0.00619290331618887	0	0.108667608361947	0	0.308853096779788	0	0.0237361548244509	0.0798711080950787	0	0	0.066357422007925	0.046896241023654	0.0161276734651268	0.0227328055365287	0.18267887914506	0	0.0135604331013737	0.098675618945839	0	0	0.0256500553970392	0.829	-0.0111034580344912	1.10380943072693
TCGA-UZ-A9Q0-01	0.00586263155587277	0	0.000756390369233091	0	0	0.286757466128707	0	0.0118541898566442	0.0884285282391394	0	0.017425946576194	0.0608133321441584	0.0562230453731395	0.181163995586456	0.000547070152061659	0.0740181539757987	0.00940537795419101	0	0.206743872088404	0	0	0	0.755	-0.00208248452212634	1.09604794868308
TCGA-P4-A5E6-01	0.0258553311752457	0	0.0458102083795225	0.119620537948207	0	0.214501435007491	0	0	0.0466108384787155	0	0.0131365471516445	0.0148158379259388	0	0.0982498194759527	0.0286135848159728	0.357320354966557	0	0	0.0354655046747525	0	0	0	0.173	0.088675780138977	1.05954770134679
TCGA-KV-A6GE-01	0.0357017904193674	0	0.0315063233435362	0.0648843506504951	0	0.27571788101161	0	0	0	0	0.0179361710032819	0.00100405817154377	0.0072166321730582	0.0286114548060639	0.012425066934037	0.389931466925443	0	0	0.135064804561564	0	0	0	0.36	0.0462680984917865	1.07230826981538
TCGA-2Z-A9JE-01	0	0.0279809104710342	0.073069028548154	0.00695160119432247	0	0.13658935860667	0	0.0704660078836822	0.00306852237211931	0	0	0.0346619600263102	0.0524914491925858	0.11147877163346	0	0.395677586643456	0	0	0.0816317764288399	0	0	0.00593302699936617	0.452	0.0336672762719593	1.0812870458914
TCGA-DW-5561-01	0.00642542030150793	0	0	0.0904027279993951	0	0.333701632020612	0	0.00645057331084657	0.0130715765100951	0	0.0238356114325009	0.0120321106587498	0.0432894690652157	0.018300803547431	0.0121472892210476	0.299590672068358	0	0	0.140752113864241	0	0	0	0.535	0.023259934624587	1.08468214571247
TCGA-AT-A5NU-01	0.165367880820412	0	0.0831913748768976	0.0464316231978607	0	0.210815829818291	0	0.0478666106187842	0	0	0	0.00747099251901955	0.0116369560246179	0.0283961699882932	0.011758522952842	0.249486610989103	0	0	0.137577428193879	0	0	0	0.764	-0.00302562467906946	1.07486399197098
TCGA-4A-A93Y-01	0.0211149348765848	0.00882081735729024	0.0834640639802052	0.0482926620141901	0	0.122280513575082	0	0.0122763707429095	0.026223982537149	0	0	0.0126647617478456	0	0.204147575761164	0.0172824998268841	0.436426852012486	0	0	0	0.00700496556820907	0	0	0.001	0.392437332504732	0.927605812908062
TCGA-DW-7839-01	0.114470661466849	0	0.0683614344136501	0.0324838740813046	0	0.169386636727728	0	0.149799004682282	0.0381646626075676	0	0	0.0840342155583955	0.00655332243585625	0.111866584348434	0	0.0125175614081283	0	0.022303134052544	0.190058908217261	0	0	0	0.558	0.0204790360902278	1.07968489530663
TCGA-B9-4114-01	0.00976531378496659	0	0.00438854422370397	0.139873100883837	0	0.123131250932158	0	0.0234478845138158	0.0160589262050089	0	0.021849185040792	0	0.0356073894425996	0	0	0.373410642647416	0.00692184602190458	0.0145296962993047	0.176361333562525	0	0	0.0546548864419676	0.122	0.109441957804075	1.04679776350801
TCGA-G7-6789-01	0.0361976571346365	0	0.0238163147945823	0.0140297558552662	0	0.340196150987852	0	0	0.0836258821079336	0	0.0846339524350156	0	0.00342198472648423	0.0754672644965827	0.0131528121007384	0.20490080398053	0	0	0.0234441522515341	0	0	0.097113269128844	0.604	0.0144769875110427	1.08981972333441
TCGA-BQ-5883-01	0.0739575792100374	0	0.00543585704688763	0.063558988367807	0	0.246731061410567	0	0.0682332766760356	0	0	0	0.0325769749263892	0.0517111959644068	0.00604142250845496	0.0729682189808645	0.22769475492154	0	0.00447288316755939	0.14661778681945	0	0	0	0.859	-0.0148507742105214	1.08831117992101
TCGA-B1-A654-01	0.00455478864122633	0.0388467606132161	0.0790747640151473	0.0395911148975597	0	0.122940219624931	0	0.0323585621185673	0.0515156081456451	0	0	0.0502688888991356	0.0687913528168059	0	0.00329719242872044	0.395768578889795	0.0243542159363319	0.000895158397153237	0.0877427945757656	0	0	0	0.249	0.0688959499998981	1.05532156227174
TCGA-P4-A5E8-01	0.022376678100725	0	0.0155001145666051	0.12787248841766	0	0.159242659415126	0.0379218739965947	0.118780844848504	0.0410212958521407	0	0.0721369390588241	0.0506058430826041	0	0.11505685460987	0.00381737710986744	0.108028737007557	0	0.0814372337733894	0.0339347577133248	0	0.0046109445776679	0.00765535786953872	0.448	0.034193019464655	1.08750386691568
TCGA-BQ-7048-01	0.0411602855422138	0	0	0.0351921411904931	0	0.176142574530867	0	0.0184996533261124	0.0165227824584069	0	0.0265854789018265	0	0.0439211233556433	0.053605845960601	0.0400084403669656	0.495232681103316	0	0	0.0507351489827236	0	0	0.00239384428083097	0.158	0.0930843856221868	1.06895800958852
TCGA-IZ-A6M9-01	0.000404555901677652	0.00354334397027762	0.00318165932448539	0.063636794896709	0	0.192437343177053	0	0.0166857452134432	0.0394469106326023	0	0.0516881351235974	0.00349827569429563	0.03411475821215	0.153982459219806	0	0.251363662911513	0	0.025205541023001	0.160810814699387	0	0	0	0.262	0.0667060628045173	1.06468819581919
TCGA-A4-7287-01	0.250513980252047	0.0661651276988001	0.0339591643862636	0.0828167607542209	0	0.229836702951761	0	0.091513930065069	0	0	0.0212868232467958	0	0.0169035457003882	0	0.0140966040494665	0.138240371347133	0	0.0546669895480545	0	0	0	0	0.03	0.177492962681853	1.02426300214002
TCGA-A4-7288-01	0.0696189843529944	0	0.0844088882506681	0	0	0.114308850160113	0	0.0172408396704959	0.00626176946914537	0	0	0.0545449500106061	0.046768505528496	0	0	0.454428286693639	0	0.0480201652697948	0.104398760594047	0	0	0	0.908	-0.0224834900142397	1.09773014588105
TCGA-BQ-5877-11	0.128673738837472	0	0.121095794144611	0.0288020142506595	0	0.17457048389999	0	0	0.0157129644647803	0	0	0.0354617671839025	0.145850977223985	0	0.0167416569903284	0.303771674796865	0	0.00143783000874193	0.024452094080306	0	0.00342900411835803	0	0.755	-0.00203699970645878	1.07589488190684
TCGA-BQ-5889-01	0.0772611474069606	0	0	0.138592995369906	0	0.132529729328601	0	0.0616318162393794	0.150426146022204	0	0.0360627317357126	0.0168677042719888	0.0834250740802859	0.00549679860675165	0.0955682244567473	0.114876899716089	0.00681082912861676	0	0.0787473262052824	0	0	0.00170257743147545	0.005	0.262050206954812	0.98144446064702
TCGA-A4-8630-01	0.0504136402983737	0	0.121693079199113	0.0167931573965186	0	0.178762926432841	0	0.0524753793006112	0	0	0.00163382580294717	0.0315578172614485	0.00941516371088561	0.146597003876741	0.0136948093966183	0.260096993333665	0	0	0.116866203990236	0	0	0	0.718	0.0019759525307792	1.07616104867854
TCGA-GL-A9DC-01	0.00213158839118224	0.00235420820484688	0	0	0	0.348064313339146	0	0.00214719947447526	0.0600777405407274	0	0.0195695029655166	0.031130389253459	0.0242793120534297	0.120801021793272	0.000720586081847841	0.0774161580025535	0	0	0.311307979899544	0	0	0	0.345	0.0491865353613081	1.08673368888611
TCGA-2Z-A9JL-01	0.0315467523969933	0	0.269955035977954	0.0100454427108668	0	0.0928666924340856	0	0.0404032389655297	0.0154091364654022	0	0	0.0234774057432308	0.00096228355730145	0.159889752121467	0.0124202495689557	0.266276196620617	0	0	0.0767478134375961	0	0	0	0.11	0.118614021299772	1.02856155086992
TCGA-G7-7501-01	0.0813872363879956	0	0.05340346016687	0.0492745170245637	0	0.115443507632932	0	0.0870498421985048	0.0446986992660956	0	0	0.0352373404595133	0.0108617662025331	0.104005401197045	0.0286057606197178	0.3898787463412	2.8937384959283e-05	0	0	0	0.00012478511806968	0	0.0570000000000001	0.147201281520253	1.03461534925065
TCGA-HE-A5NI-01	0.00619129512873721	0	0.00721732115071306	0.0797344798673702	0	0.164317206761534	0	0.0123319371477076	0.0241019165105737	0	0.0108250288785942	0.027775749605631	0.00907670272871511	0.0243006788767686	0	0.378554978033546	0	0.0102853776875948	0.237569622550592	0	0	0.00771770507192289	0.198	0.0825608543100912	1.06343721473803
TCGA-DZ-6134-11	0.165884848202933	0.0338124363742067	0.0932923416314392	0.110666207448185	0	0.16818698920068	0	0.00726133633442154	0.0701927883989222	0	0.000755109227465306	0.0307071029990656	0.0258087829545967	0.0406195933324063	0.0291147271550443	0.141760771522146	0	0	0.0819369652184882	0	0	0	0.329	0.0516188390737862	1.05654282112926
TCGA-BQ-7044-11	0.153626993515123	0	0.0678467314324877	0.0698455050548504	0	0.181576130633972	0	0.00759552667825372	0.0677047814827204	0	0	0.0637296591561575	0.106900322082106	0	0.0313697951479144	0.240365187549469	0	0	0.00943936726694641	0	0	0	0.902	-0.0210960294759435	1.09002385513048
TCGA-B9-4115-01	0.00271524508516003	0.00148511656041023	0	0	0	0.301261980591863	0	0	0.00263744801702459	0	0	0.00688338695396338	0.0174616248015775	0	0	0.527112129231271	0	0.0023912512473978	0.127480584105713	0	0	0.0105712334056202	0.118	0.112981608530481	1.06226989411455
TCGA-HE-A5NF-01	0.0247053041817353	0	0.00573122542640738	0.0388283262288686	0	0.112854091895677	0	0.0042088027941053	0.00644933809831596	0	0.02336541292561	0	0.0161631177352292	0.199764585145043	0.0107999441767326	0.54409208814955	0	0	0.0130377632427255	0	0	0	0.003	0.281479441947275	1.00427166394834
TCGA-UZ-A9PV-01	0.0653764287942638	0	0.156575213868067	0.0124893804321652	0	0.218435895025668	0	0.0299849062933642	0	0	0.00188505479825651	0.0241436095050367	0.0144016545127067	0	0.0243657216703966	0.247617217294988	0	0.0229726210967557	0.181752296708331	0	0	0	0.898	-0.0205681557941251	1.07234746801648
TCGA-SX-A7SS-01	0.000944943560559168	0.00396432781680818	0.00118501202410571	0.120634456539695	0	0.115381708425717	0	0.0352758497277009	0.0332234815372237	0	0.0718659551606258	0.0176940672668894	0.0474503722366174	0	0	0.347967339764349	0	0.00271945752628952	0.201693028413419	0	0	0	0.777	-0.00407403102626551	1.0959021604771
TCGA-IA-A40Y-01	0	0	0.0787559182741164	0	0	0.135473390372508	0	0.128070206275121	0.0355725854216053	0	0	0.103683315428339	0.015050787043125	0.178931463654196	0.0249828889130818	0.190980781663247	0	0	0.0977823261514415	0	0	0.0107163368032187	0.469	0.0313578087060661	1.07446880948525
TCGA-BQ-7061-11	0.127925946553409	0	0.249283927189903	0	0	0.219294619856482	0	0	0	0	0	0.0588609227430296	0.0152743122240703	0	0	0.257009030419054	0	0.0350997102276646	0.0372515307863869	0	0	0	0.793	-0.00655677230169457	1.06408721384585
TCGA-UZ-A9PP-01	0.0243721673305101	0	0	0.0379548566558693	0	0.296554666547984	0	0.00267124493472121	0	0	0	0.0418738438372104	0.0204709496002106	0.0582036140124593	0.000639517021040078	0.348934739890476	0	0.0022412234021391	0.166083176767379	0	0	0	0.745	-0.000837397446259872	1.09564602919512
