B cells naive	B cells memory	Plasma cells	T cells CD8	T cells CD4 naive	T cells CD4 memory resting	T cells CD4 memory activated	T cells follicular helper	T cells regulatory (Tregs)	T cells gamma delta	NK cells resting	NK cells activated	Monocytes	Macrophages M0	Macrophages M1	Macrophages M2	Dendritic cells resting	Dendritic cells activated	Mast cells resting	Mast cells activated	Eosinophils	Neutrophils	P-value	Correlation	RMSE
TCGA-SH-A7BC-01	0.0133311510770469	0	0.024880122517743	0.0650556784503645	0	0.188434368652395	0	0.0336863235816965	0.0056680252141226	0	0.0322352590063862	0.0321701695817395	0.139681310205074	0	0.0799263885104885	0.359376573436234	0	0	0.0255546297667093	0	0	0	0.017	0.236089761423824	0.993954009324907
TCGA-LK-A4NY-01	0	0.0247693506501367	0.0422081354871367	0	0	0.375363755885068	0	0.116535143580227	0.0343168046056461	0	0.0915753170569929	0.0190724044792694	0.0502718079011107	0.0101402644311217	0.00536244445163803	0.219361800819895	0	0	0	0.00835263529601479	0.00267013535574252	0	0.293	0.051405376765779	1.08164861440139
TCGA-3H-AB3L-01	0.0671389220946871	0	0.0743038728290977	0.0184992012354201	0	0.14842021747347	0	0.0785512919457075	0	0	0.0660676227314566	0.0710545233974945	0.0103410096065799	0.01901327143518	0.0641065142247586	0.30220187997744	0	0	0.0692105488471842	0	0	0.0110911242015246	0.087	0.127064523853802	1.03237502200221
TCGA-3U-A98F-01	0.0431435412646573	0	0	0	0	0.235480875575016	0	0.00859656320455625	0.0252031155823625	0	0.0427748001553408	0.0303529525198873	0.0586525050611058	0	0.00576682467082452	0.480936884591017	0	0	0.0690919373752329	0	0	0	0.295	0.0506081796724795	1.08123769428552
TCGA-NQ-A638-01	0.00259551855619347	0.00510120682468155	0.00710413849317319	0.0820768504802363	0	0.0147803177405615	0	0.0690374876408466	0.11158846337057	0	0.00517925528644853	0.0467716229364235	0.0135428301026497	0.332689911843064	0.0464569164776799	0.203473268246653	0	0	0.0596022120008182	0	0	0	0.02	0.22318026201581	1.01497712797294
TCGA-MQ-A6BS-01	0.21493244217077	0	0	0.0428699790597221	0	0.122778899136123	0	0.0898110286067846	0.024105226317116	0	0	0.0556215654651643	0.0504085811737292	0	0.02625594568948	0.33570024700745	0	0.00429039912474281	0.033225686248918	0	0	0	0.305	0.0495831365235503	1.07013281205187
TCGA-ZN-A9VV-01	0.00214902840407511	0.00460970130677261	0	0	0	0.312750574786004	0	0.091267796134944	0.0173818441638441	0	0.0155521800719151	0.0691320516079971	0.0306413000158126	0	0.0214807640867879	0.394856939155214	0	0.00982066822789916	0.0303571520387343	0	0	0	0.166	0.0828493228640732	1.06775364227814
TCGA-3H-AB3X-01	0.0315570275246716	0	0.078515149202013	0.0960227444861313	0	0.057509861312502	0	0.0606694042156001	0.0266181045372758	0	0.0456521465604697	0.00169600144105918	0.0318314463031331	0.068251110036118	0.0563899279968341	0.409673586878164	0.00027190369743881	0	0.0353415858085891	0	0	0	0.091	0.119784661981195	1.04235180796281
TCGA-3U-A98G-01	0.0108868899631349	0	0.000417579282945961	0.0412947923060123	0	0.262733466479758	0	0.0619176931010867	0.000795870929570974	0	0	0.0255921062272732	0.0282496890182063	0.164370160278423	0.0488614280936899	0.338759699348642	0	0	0	0.0135765556405014	0.00254406933075548	0	0.018	0.227580834290927	1.00680875334238
TCGA-TS-A7PB-01	0	0	0.00601248821903729	0.174441434666137	0	0.0617669103046281	0.000558696985678538	0.0817768767213161	0.049101685644577	0	0	0.0648691937614233	0.0468109034974896	0.0652981044623788	0.0376432720497609	0.369171801233759	0	0.0385055444901234	0	0.00132695790820168	0.00271613005548937	0	0.12	0.0971381341077169	1.06291796659366
TCGA-LK-A4NZ-01	0	0.0336804842259326	0.103190560205196	0.000159134259206032	0	0.213171311027165	0	0.065204256245796	0.0592443911516643	0	0	0.0964430074403547	0.0721339641189219	0	0.0530116992808441	0.237651047002661	0	0.00368316723259017	0.0624269778096686	0	0	0	0.231	0.0656107826690714	1.0516412512592
TCGA-ZN-A9VP-01	0.0327077992962214	0	0.0505425381511413	0.110859487694202	0	0.104263068761334	0	0.112597176636382	0.00794908036587027	0	0	0.0260579029314869	0.175884793626528	0	0.0491039921094913	0.321129137801944	0	0	0	0.00890502262539806	0	0	0.308	0.0491198391257004	1.06921839479239
TCGA-SC-A6LQ-01	0.00832888020641128	0	0	0.0549468291708668	0	0.210064365159174	0	0.0295358035661189	0.00462126499386022	0	0.0700763412114544	0.0223852975806088	0.104105195664747	0	0.0349235609758159	0.446787164665246	0	0	0	0.0142252968056964	0	0	0.116	0.0992288985137541	1.06396923530353
TCGA-SH-A9CT-01	0.000221285267153667	0	0.0251186938340181	0.0571966661955533	0	0.257395062415067	0	0.0481072387912447	0.00363852472982175	0	0	0.0606773325054419	0.0675255745917969	0.0816823994668305	0.021697677619131	0.269587013591781	0	0	0.0917643666036518	0	0	0.0153881643885078	0.212	0.0706152023278744	1.05977813289962
TCGA-UT-A88G-01	0.00158069829231414	0.00286358596922863	0.000622905813952406	0	0	0.272819119829458	0	0.0224410326042992	0.0442984263450589	0	0.00229946216206319	0.0215463754423552	0.051853548951783	0.067209844049182	0.0481232885158166	0.243943611250169	0.015815576954962	0	0.204582523819357	0	0	0	0.487	0.0223671042436674	1.07745628696813
TCGA-UD-AAC5-01	0.00815361770148544	0	0.0404099090178802	0.137475101602941	0	0.086036522003433	0	0.0538546732108771	0.063471840493124	0	0	0.0249238380783081	0.225691885115828	0.000192715315921426	0.00841473227768492	0.287730001682291	0	0.00617116739204837	0.0480133540818532	0	0.009460642026324	0	0.187	0.0763569929420601	1.05746133797263
TCGA-MQ-A4LV-01	0	0	0.0493259212106563	0.333646520287205	0	0.0245411120404478	0	0.0940677340785188	0.0425472911351081	0	0	0.0184561650820996	0.0304927540330679	0.0562065061468423	0.105590748108709	0.245125247877345	0	0	0	0	0	0	0.005	0.311837506121218	0.964352479474848
TCGA-3H-AB3U-01	0.00406365058717801	0.020112408012319	0.00477938637664526	0.123816710135427	0	0.0623900860145279	0	0.028036330515399	0.10993185755031	0	0.0275631040724999	0.0511044063670466	0.101409090689597	0.00288968545014647	0.0324300265337756	0.267890718351466	0	0	0.163582539343663	0	0	0	0.389	0.0357807252693547	1.07058048997407
TCGA-LK-A4O0-01	0.0542027778000021	0	0.00467364288853729	0.0846047913090476	0	0.0542138333116606	0.00369441109867405	0.0375359791177996	0.0245347718737553	0	0.011639330025285	0	0	0.269146203441779	0.0448358422952817	0.395566576277396	0	0	0.0153518405607819	0	0	0	0.00600000000000001	0.304442238541088	0.981171691627678
TCGA-TS-A7P6-01	0.00439292157594489	0	0.0268621414646319	0.1191333632705	0	0.208130286816054	0	0.0192906100501102	0.0275918655292497	0	0.00572664352338956	0.0411910595191554	0.127070017064461	0	0.0410760399504205	0.363068429602178	0	0	0	0.0164666216339055	0	0	0.053	0.152663522154564	1.03283117261132
TCGA-3H-AB3S-01	0	0	0.013629947555016	0.062718752433942	0	0.246373741485821	0	0.0202702667197931	0.120226764054495	0	0	0.0870153543144222	0.108673015517117	0	0	0.326269595405371	0	0.000289513078119163	0.0145330494359035	0	0	0	0.309	0.0489901810248305	1.082831501483
TCGA-NQ-A57I-01	0.0157234391690151	0	0.0163871591677463	0.009764290121511	0	0.165325683855365	0	0	0.0294375792288331	0	0.0812020988488419	0	0.0052563854574837	0.114065575914395	0.0199199293744699	0.506770565900173	0	0	0	0	0	0.0361472929621664	0.187	0.0767311606162231	1.09034438837771
TCGA-TS-A7P3-01	0.00306026817627298	0.00103518347801837	0	0	0	0.4487485647636	0	0.0381747571907975	0	0	0	0.0262430973158734	0.10882448545912	0	0.00484595030519368	0.358474743394615	0	0.00282892735044049	0.00596273974890721	0	0.0018012828171615	0	0.241	0.0619484873319296	1.08165264348912
TCGA-UD-AAC4-01	0.0247459335170946	0	0.00271922897215936	0.0941699858516791	0	0.0611195855459263	0	0.0473415034191118	0.0441541089206722	0	0	0.0469281125814948	0.0158796886211758	0.0676345820920326	0.00349910740915109	0.424902320463149	0	0.00694693822800922	0.14906499643394	0	0	0.0108939079444043	0.411	0.0324399015281065	1.08637850912315
TCGA-UD-AAC7-01	0.0153791302034024	0	0.0579184967237681	0.147954281885259	0	0.0153315337620015	0	0.121438554541395	0.0227303146308135	0	0.0332871995332441	0.0150072936949913	0.0551577689199995	0.0294595286368858	0.0955274288966676	0.363344615032352	0	0	0.0274638535392202	0	0	0	0.111	0.101647025676845	1.05064762733055
TCGA-MQ-A4LJ-01	0.000110321527815052	0.0375034054115995	0.0316397461826632	0.162845572279685	0	0.0777634710230176	0	0.145848652751813	0.0146704538990772	0	0.0113900467634719	0.126040756588848	0.0511495100281705	0	0.0101343898580102	0.219439499481668	0.00554611897296938	0	0.104063400535847	0	0.00185465469534409	0	0.24	0.0621212867331029	1.07322331566117
TCGA-UT-A88E-01	0	0	0.0414793522226585	0.0822973260539477	0	0.108139023803522	0	0.0346042750144794	0.0750797961015094	0	0	0.116675615370085	0.0893828288422378	0	0.0671976574645346	0.315055433009463	0	0	0.0646617452165484	0	0	0.00542694690101411	0.255	0.0577389720146203	1.06997025247258
TCGA-SH-A7BH-01	0.00668926117517496	0	0	0.118093823673301	0	0.0301723754813453	0	0.0356344332563053	0.0654034798183992	0	0.010739118285952	0.0126608073528068	0.00789829487726814	0.013253376233449	0.120275575269708	0.521209757314384	0.000946196864760738	0	0.057023500397145	0	0	0	0.00600000000000001	0.300204459684772	0.975860014969889
TCGA-LK-A4O5-01	0.0011751282350404	0	0	0.150274924219908	0	0.186414143564397	0	0.0421581472711092	0.0285031323055868	0	0.0223159101562726	0.0312712716643223	0.128001334709301	0.0981913916886795	0.0605844476248658	0.222725006147406	0	0	0.0283851624131105	0	0	0	0.16	0.0840190541807364	1.06130578389327
TCGA-TS-A8AS-01	0.0413914130106182	0.0339899850248568	0.0446378422463549	0.080484603928442	0	0.223917025332246	0	0.0956457258403933	0.00647132962315127	0	0	0.0443498098521749	0.0756608746960393	0.00215462001982723	0.048555650863914	0.118949146877473	0	0.0681269923121837	0	0.0769976465269164	0	0.038667333845409	0.187	0.0763522137850168	1.05440441207853
TCGA-UD-AABZ-01	0.00139672887549196	0	0.0481202056561137	0.0885301383422295	0	0.063655240551171	0	0.164697525828551	0.0112338273614836	0	0.0383035920244668	0.0557810836669493	0.0396095385804252	0.250820790162725	5.66066751350024e-05	0.0168970008327328	0.00431060495614418	0	0.206442397328862	0	0.0101447191575189	0	0.427	0.0307089776290699	1.08401747433178
TCGA-SC-A6LR-01	0.0212311581758984	0	0.0261501265422584	0.0670342306806757	0	0.0528586784880943	0	0.0818072624845089	0.00925816943209432	0	0.0796350859718188	0.0553235973414067	0.12441682528606	0	0.0224600245328941	0.443569247133333	0	0	0.0162555939309573	0	0	0	0.394	0.0345956735138131	1.09110862460376
TCGA-MQ-A4LI-01	0.0526047143910662	0	0.0506965502866432	0.0902180014541104	0	0.174980395529611	0	0.0870667760496494	0	0	0.00723515731028132	0.0950950132487755	0.0764437879952562	0	0.0157955574723767	0.288331242885174	0	0	0.040863343379059	0	0	0.0206694599979966	0.551	0.0155810760658419	1.08208620012785
TCGA-MQ-A6BL-01	0	0	0.0636897313885986	0.331619528728214	0	0.0192947539765662	0	0.0800073483957786	0.0606360666186499	0.026723018650501	0	0	0.00215630133661925	0	0.198093758247175	0.202024363600323	0	0	0.0157551290575751	0	0	0	0	0.50215823353542	0.864919235596643
TCGA-SH-A9CU-01	0	0.0117000272130911	0.0337311701951499	0.0203311217115302	0	0.226026279299094	0	0.0773792586760429	0.0661610990781242	0	0	0.0992915044055166	0.0884232516426455	0.0213636331970088	0.0164767284655914	0.313294313233351	0	0	0.018350266666906	0	0.00148256577263247	0.00598878044331587	0.818	-0.0134635999383576	1.10053092193813
TCGA-TS-A8AF-01	0.00286250780933336	0	0.0360337442110506	0.095921999722914	0	0.1860897942543	0	0.0520328848383293	0.016380024994548	0	0.0443875260823789	0.0175027949427814	0.0733821288354192	0.0553450954580754	0.0315580371637271	0.26825974394185	0	0	0.110204385771512	0	0.00202587585409182	0.00801345611968992	0.279	0.0534450519808494	1.06106023933553
TCGA-YS-A95B-01	0.0013899309975963	0	0.0490694326514638	0.0348256137517185	0	0.106707713623971	0	0.0579536839087526	0.0329854074133273	0	0	0.115105235988298	0.0148545316845309	0.0274112806965497	0.0111934092453571	0.36121549169788	0.00757242530165755	0	0.179715843038897	0	0	0	0.705	-0.00117897180539342	1.09393582351777
TCGA-TS-A8AI-01	0.0111687558278589	0	0	0.0630342858852854	0	0.105023934264178	0	0.0358167090170157	0.0247494384502933	0	0	0.0179726105336014	0	0.24862893068299	0.0310315218378464	0.39076450890634	0	0.0108001991802708	0.0562526807569425	0	0	0.00475642465737893	0.075	0.136229165459397	1.06474652174733
TCGA-UD-AAC1-01	0.0261368246472855	0	0.0946420436418124	0.0498824949371773	0	0.0789293212955837	0	0.0672435209987988	0.0114747493684398	0	0.036180949794553	0.0270685094658566	0.0376558934446873	0.185249255508884	0.0514517343900025	0.311485499783824	0	0	0.0182755415671685	0	0	0.00432366115592666	0.319	0.0470239428277264	1.07663420771572
TCGA-LK-A4O4-01	0.00645617680486017	0.031090023000031	0.0265579758657143	0.0993811546142824	0	0.131148859222933	0	0.0538328038418887	0.0104526782172039	0	0.017543441159435	0.0618879480467739	0.0673650468791486	0.0596876237511645	0.0173153787806464	0.225158434188832	0	0.0672346778435522	0.0104128881611555	0.0883606017578655	0	0.0261142878645131	0.0610000000000001	0.146391075702743	1.02828799989218
TCGA-SC-AA5Z-01	0.0226219734026343	0.0117234363644123	0.0114153200927744	0.140894858446271	0	0.0945678281571877	0	0.0542061468223616	0.05470203456812	0	0	0.0489917843271682	0.0384795593735681	0	0.0389173390968552	0.343900462389877	0	0	0.137659417027799	0	0	0.00191983993097132	0.305	0.0497128793236246	1.06685149334302
TCGA-ZN-A9VO-01	0.0145333617970931	0	0.0640797746557614	0.0927752951439969	0	0.140247859204652	0.0153072626026185	0.0597238998021903	0.0158556352408629	0	0.0534764973594153	0.120767016075408	0.0278458711894814	0.0482476143435016	0.158326688616522	0.0865346127318144	0	0	0.101960071242225	0	0	0.000318539994457617	0.182	0.0781230662235142	1.0818478567774
TCGA-MQ-A6BQ-01	0	0	0.0555757820984187	0.0380180804979714	0	0.183365350727945	0	0.00410995475065491	0.0423615681419988	0	0.0459130802872461	0.0227957023770851	0.0938717465512004	0.0658310707573868	0.0563344201677945	0.344055286825207	0	0	0.0477679568170907	0	0	0	0.14	0.0906825206430807	1.05213851405018
TCGA-3U-A98E-01	0.0610783627886336	0	0.091056327599323	0.0616406698207303	0	0.121948922301167	0	0.107823108789527	0.00816734315419186	0	0.00151000209027999	0.067093702248912	0.074424428075149	0.0105532936872542	0.0146377287076954	0.229856473141254	0	0.0533682292815545	0.0968414083143275	0	0	0	0.165	0.0830435832743898	1.0386843558292
TCGA-3U-A98D-01	0.00262488304421068	0	0.0161403712085407	0.066074519074277	0	0.0941188073553934	0	0.0189503574797764	0.00389154173075664	0	0.0132984866179425	0.00673363959003579	0	0.283099806113731	0.0684890893809701	0.384216745481176	0	0	0	0.0415806050353731	0	0.000781147887816575	0.099	0.113780305185719	1.08971406437338
TCGA-3U-A98H-01	0	0.00155935612226252	0.106609638878758	0.0692570819679483	0	0.131358719544918	0	0.0521257799359477	0.0349407437422844	0	0.0168763679404527	0.0130814293165513	0.135807930305812	0	0.0408813975423913	0.36609465058276	0	0	0.0263955655446191	0	0	0.00501133857529436	0.086	0.1278883816165	1.03252773947659
TCGA-TS-A7P8-01	0.216779338618099	0.105331962041461	0	0.048061658568491	0	0.0524893602407784	0.000681883693115965	0.109643602600814	0	0	0	0.000457725592671884	0.0542657106098551	0	0.0263226697931039	0.38596608824161	0	0	0	0	0	0	0.01	0.276401223609487	0.978787602584501
TCGA-TS-A7OY-01	0.0189262758529383	0.0145067173092554	0.0151505258717814	0	0	0.0376888825910102	0	0.0550742273906962	0.0317283557814866	0	0	0.0196587876943824	0	0.452493598262742	0.0200293466066242	0.325073413656589	0	0	0.00966986898249427	0	0	0	0	0.61315470437495	0.790491768351172
TCGA-TS-A7OZ-01	0.0873062055922461	0	0	0.207530738211815	0	0.162626296255113	0	0.123391077350141	0.00853984820150091	0	0	0.0133902882098656	0.0186070020193299	0	0.0924334373375903	0.268681586193332	0	0	0.0174935206290664	0	0	0	0.193	0.0750083122824321	1.07151387158909
TCGA-UT-A88C-01	0.0224764333987033	0.0130089338900148	0.015942853581656	0	0	0.108114183509613	0	0.0680910360083246	0.078263924924645	0	0.0523623319012924	0.0644388634480728	0.100591623850847	0.0148234148906219	0.0348666705524329	0.255209483872866	0	0.0113528083209134	0.160457437849997	0	0	0	0.387	0.0360365365263578	1.06657039552293
TCGA-UD-AABY-01	0.0145493670277424	0	0	0	0	0.00729925616764812	0	0.00613086402823388	0	0	0.00369037839509709	0.00115960632809614	0	0.756538242203873	0.000189350389526853	0.167204846889461	0	0	0.043238088570322	0	0	0	0	0.759181213441798	0.656734006165028
TCGA-XT-AASU-01	0.0712213075354189	0.0339420821263098	0	0.0925792541699192	0	0.235073797904082	0	0.0954419133188487	0.0167097425992465	0	0.040436611543295	0	0.043759360897817	0.0385426642509251	0.0286370450904168	0.272165773702244	0	0	0	0.0314904468614771	0	0	0.23	0.0658873300441665	1.06519431713289
TCGA-3H-AB3K-01	0.0065048482706642	0.0034594443749723	0.000350412802693609	0.0200276355882578	0	0.0180021053032018	0	0.017396303449362	0.0340032837338343	0	0.025677229811938	0	0.0129198194631139	0.691100486809297	0.0110025100004989	0.123344260412122	0	0	0.0362116599800447	0	0	0	0	0.576483235597119	0.836521778362138
TCGA-LK-A4NW-01	0.057987062439045	0	0.00819839703760566	0.0456212850509719	0	0.152009991792987	0	0.076328735812608	0.0174424639276929	0	0.0133604481303116	0.0807239433109364	0.0161166033383546	0	0.0777282585066347	0.434590428598079	0	0	0.0168601786231143	0	0	0.00303220343165938	0.352	0.0421189229718778	1.08634305341154
TCGA-UD-AAC6-01	0.00405871565174812	0.00206862504895079	0.00693517725082676	0.126181327718375	0	0.0178016142330536	0	0.089522275928735	0.0252586954813803	0	0	0.0207853912010284	0.0371965856654164	0.0994765379079015	0.00411306764148819	0.549399280559537	0	0	0.0117084345016293	0	0.00549427120992962	0	0.104	0.109408201465775	1.07957339071834
TCGA-LK-A4O2-01	0.000807685624918011	0.000111830230721158	0	0.0344174862027333	0	0.0962103302797912	0	0.0121319833345262	0.0120538874186287	0	0.0220586497598817	0.0348496271513694	0.11583480800614	0	0.0113253146002105	0.555879991411898	0	0	0.104318405979181	0	0	0	0.035	0.176161915155555	1.03922188835409
TCGA-TS-A7P0-01	0	0.0294704638825253	0.0129346719568362	0.173778985630271	0	0.0149412080753599	0.000408890761680882	0.0792551388646774	0.116042781713752	0	0.00793396754880623	0	0.0489030864169193	0.0899877396146632	0.0966566491090741	0.257520588137304	0	0	0.0721658282881301	0	0	0	0.043	0.167371162534068	1.02031988037779
TCGA-TS-A7P1-01	0	0	0.0261530578342891	0.433041405494044	0	0	0.0136306601600466	0.0586351273539426	0.0385375765201189	0	0	0.0172945680301483	0	0.00562821429816156	0.130851334364637	0.248443823211593	0	0	0.027479361549709	0	0	0.000304871183310349	0.162	0.0831812995738079	1.08741092701141
TCGA-3H-AB3O-01	0.00364411303850971	0	0.000590236305966313	0.487859586467907	0	0	0.0466091530914216	0.0445764568791819	0.0621574938505333	0	0.0457949291723136	0	0.028732318100534	0	0.113407913390905	0.155536801004558	0	0	0.0110909986981698	0	0	0	0	0.428095954223368	0.912443544617396
TCGA-ZN-A9VU-01	0.0471908053869305	0	0.0406961697181648	0.0904574349635237	0	0.163895860771174	0	0.0257302037824841	0.005685097455364	0	0	0.0510611254323135	0.107894346454441	0	0.0191988312546482	0.392693880963955	0	0.0249964416834719	0	0.03049980213353	0	0	0.197	0.0742775920864036	1.06249383577822
TCGA-SC-A6LN-01	0.200695059819297	0.111428006749327	0	0.0873173771470544	0	0.0748989717689869	0	0.186388158333602	0.0289633093434305	0	0.0258439666553311	0.0373271851711357	0.0326001706614228	0.103039619960967	0.010313732146744	0.101184442242703	0	0	0	0	0	0	0.095	0.116712869481536	1.05209962716417
TCGA-3H-AB3M-01	0.00110986900384523	0.00306489024729374	0.00223229792770981	0.0691407742288974	0	0.280824079953701	0	0.0487800211149622	0.053811310559033	0	0	0.0360920671519586	0.0563326563213352	0	0	0.323068666595957	0	0.00658432097909972	0.113547938166724	0	0	0.00541110774948294	0.183	0.0777631878394559	1.06098356431249
TCGA-ZN-A9VQ-01	0	0.00636775773628618	0	0	0	0.162353173919481	0	0.014390600732741	0.11993066801332	0	0.00508347763178019	0.0717321924567271	0.108024838037724	0.180633746420817	0	0.233530347596932	0	0	0.0907590341417465	0	0.00719416331244527	0	0.241	0.0619459947689403	1.07066931754305
TCGA-SH-A7BD-01	0	0.0052946102842695	0.00738523427111907	0.0580821694158664	0	0.109639869743941	0	0.0218097283816781	0.0499178136014057	0	0.08525542322487	0.0684512817349749	0.139608961181495	0.0759619954644588	0.0282254994294599	0.262626398107835	0	0.0259268515607578	0.0618141635978689	0	0	0	0.217	0.0690117757496297	1.06614959512811
TCGA-UT-A97Y-01	0.0872516265095895	0	0	0.0568800295433542	0	0.155916228156232	0	0.103823227268437	0.0114418444786639	0	0.007748648294113	0.0237940746275695	0.0542476113818641	0	0.0453690965184933	0.453527613221683	0	0	0	0	0	0	0.272	0.054499254018989	1.07889174424089
TCGA-ZN-A9VS-01	0	0	0.00723490988672921	0.0756307466410712	0	0.123770651770657	0	0.0401692946766196	0.019754577951706	0	0.0843402328891904	0.115062941530718	0.204823613050677	0	0.0029511280197714	0.256395682193214	0	0	0.0698662213896466	0	0	0	0.27	0.05526652449858	1.08532867535233
TCGA-TS-A8AV-01	0.00179059509607917	0	0.000638006633169967	0.26634128008187	0	0.122249610702053	0.000376273591028696	0.0751987548464916	0.0235971462934443	0.0137463400170047	0	0.0372899310757264	0.00282396312089713	0.0729919320540814	0.0956829296412908	0.287273236846862	0	0	0	0	0	0	0	0.448537017724498	0.894523927993836
TCGA-MQ-A6BR-01	0.00193458793607302	0.00134387260667665	0.0662691371148256	0.0505564879721979	0	0.181249926885513	0	0.0222877499245667	0.0271057755117849	0	0.0541294941132604	0.00807770614865719	0.0342316762604155	0.226612441508711	0.0211606651646256	0.266216079309345	0	0	0.0377979322462293	0	0	0.00102646729711785	0.103	0.110864660526276	1.05299804222082
TCGA-MQ-A4LC-01	0.00478862482310941	0	0.0632703996739551	0.146560589609693	0	0.044263899562956	0	0.0504504331848245	0.0477919854838382	0	0.0316931373964485	0.111450077012437	0.0821879248921255	0	0.0415837939696172	0.274461053940065	0	0.0137455854596725	0.0770058975388851	0	0.0107465974523722	0	0.244	0.0614323471003621	1.06629279747149
TCGA-TS-A8AY-01	0.0584219942898279	0	0.0506428471732324	0.1280579212093	0	0.143467144708101	0	0.0865128335995478	0.0352220632183091	0	0.0237350741958342	0	0.0354792416387378	0	0.0609127534390641	0.357053358279889	0	0	0.0204947682481572	0	0	0	0.179	0.0792721229824906	1.05623346055375
TCGA-SC-A6LP-01	0.0225902052138745	0	0	0.0825692385797727	0	0.114795050362009	0	0.012732997250558	0.0273531092062932	0	0.0111102582476072	0	0.0401739082546123	0.0777739757105346	0.0281527739229562	0.566317925394419	0	0	0.0164305578573631	0	0	0	0.011	0.263274525562938	1.00088422061833
TCGA-MQ-A6BN-01	0.00532756689863402	0	0.00470014776169706	0.0711960184340202	0	0.0796128750921133	0	0.021257941661755	0.0990342266831447	0	0.0207282172275667	0.075432728517968	0.139000065077801	0.00696424410081376	0.0231145009788916	0.434565814592251	0	0.00627619167728102	0.0127894612960628	0	0	0	0.112	0.101249116164807	1.06363464269608
TCGA-YS-AA4M-01	0.0810650049767556	0	0	0.175721145400128	0	0.112424979855627	0	0.0394286833184003	0.0753494309273579	0	0.0178650832245579	0	0.0439252061634314	0	0.117244975390707	0.318083401719316	0	0	0.0188920890237191	0	0	0	0.001	0.403599092791303	0.915817425379754
TCGA-MQ-A4LP-01	0.00201314046995217	0.00733698027601547	0	0	0	0.290974042499038	0	0.0124629263490639	0.0536995316919936	0	0.0932465386822117	0.0160357738790071	0.0736158683702006	0.116209850294965	0.000512615256931476	0.326411165365322	0	0	0.00748156686529845	0	0	0	0.14	0.0906709290446592	1.06594834552589
TCGA-SC-A6LM-01	0	0.00200422248163114	0	0.0822428158286041	0	0.0385140403594676	0	0.0795766037801934	0.0418588536071724	0	0.00079748581534112	0.0329362284091517	0	0.23480689732072	0.115101444123807	0.338577221843547	0	0	0.0335841864303646	0	0	0	0.01	0.27770193017712	0.99130010925659
TCGA-3U-A98J-01	0.0408192457948174	0	0	0.138362736735228	0	0.112064982889137	0	0.0678945889482064	0.0305843907170096	0	0.108954498696622	0.0374480922685944	0.0347582337196938	0	0.026168953005769	0.367668567821249	0	0	0.0250657438752638	0	0	0.0102099655284094	0.239	0.0627885336006214	1.07772585343559
TCGA-LK-A4O7-01	0.0896835078294872	0	0	0.175918814620683	0	0.0454322070527482	0	0.118596963762315	0	0	0.0145792033173726	0.0316956614738905	0.190673089511122	0	0.0256699519976672	0.301335672602262	0	0	0.00641492783245168	0	0	0	0.641	0.00615172215930074	1.09206646678165
TCGA-YS-A95C-01	0.00330979109842925	0	0.000183302462047718	0.135391812823514	0	0.0866031536084028	0	0.0155420971183252	0.0505889591186141	0	0	0.0354662318777343	0.0494460531201328	0	0.00903231635240371	0.522256177665619	0	0.00333718292859177	0.0888429218261852	0	0	0	0.236	0.0641510068477152	1.08230114909875
TCGA-MQ-A4LM-01	0	0.00220888683410443	0.00172980810537183	0.192518330924691	0	0.0683517764463013	0.0170721304253754	0.0671927589578048	0.00892156749602299	0.0313527368581713	0	0	0	0.119509262332758	0.0805901581841616	0.410552583435238	0	0	0	0	0	0	0	0.545419796428356	0.838474035855822
TCGA-3H-AB3T-01	0.042435754775025	0	0.0215654969625622	0.12605877178756	0	0.0890126939635359	0.00161213364584323	0.0525473943871493	0.0298882385864884	0	0	0.0405112064262953	0.0269621146565145	0.0135076836497949	0.194721947629471	0.301632074499577	0	0	0.0595444890301827	0	0	0	0.002	0.358369532385606	0.943120685686118
TCGA-UT-A88D-01	0.301613810592701	0.167087926021404	0	0.0402867393587341	0	0.0812145492186386	0	0.0723117104743522	0.0558926589474429	0	0.0817471865734805	0	0.0271730132290982	0.0800261894215294	0.0271578514709064	0.0654883646917127	0	0	0	0	0	0	0.018	0.227649144031728	1.00966140307712
TCGA-MQ-A4KX-01	0.0964175258487922	0.046502965539745	0	0.0622831913258279	0	0.227122755429941	0	0.0784812074843189	0.000550268583378915	0	0	0.0574922549234014	0.110738675282162	0	0.0622005326116839	0.253835934249633	0	0.000388565159990814	0	0.00398612356112495	0	0	0.095	0.116320680199091	1.0434771499566
TCGA-3U-A98I-01	0	0.00203813804601528	0.00805511804364817	0.0494970617266068	0	0.284498942853137	0	0.0204873377331612	0.00169108111848182	0	0	0.0289560985561605	0.0429100508747276	0.125032035115895	0	0.418968315858528	0	0	0.00474700675909305	0	0	0.0131188133145451	0.11	0.102254852375908	1.07105165570343
TCGA-TS-A7OU-01	0.0172890388640389	0	0	0.046122087127858	0	0.109529868382383	0	0.0290846980499878	0.024723096023486	0	0.0293145527958536	0.0151590491650639	0.0963607910350461	0	0.0258220467629846	0.498565884518155	0	0	0.107042742703675	0	0	0.000986144571467984	0.171	0.0816517048620036	1.07059763285991
TCGA-LK-A4O6-01	0.149516517065559	0	0	0.123205521622426	0	0.121202831898881	0	0.111370899494398	0.021801405754503	0	0	0.0614170396389011	0.04119543555094	0.0151762324855367	0.033898452800051	0.302170001890179	0	0	0	0.0166198916678028	0	0.00242577013082268	0.169	0.0823185197136819	1.06049097384394
TCGA-TS-A7P7-01	0.0310573584651352	0	0.0225162303801149	0.0265305017061414	0	0.159770766796836	0	0.0573161457681793	0.0557785994484193	0	0	0.0540619678506753	0.0237243973096004	0	0.0343620570454087	0.27104001536684	0	0.0107355015613638	0.253106458301287	0	0	0	0.441	0.0284167959676401	1.07563994293979
TCGA-ZN-A9VW-01	0.0403584477086266	0	0	0.176323998606168	0	0.0777302167843764	0	0.036569574532851	0.0499382147149397	0	0.00404861126582647	0.00490084850004757	0.0944095610845065	0.000887067619882972	0.11819255716686	0.38526188297944	0	0	0.0113790190364746	0	0	0	0.025	0.207617525880455	1.01295821723212
