B cells naive	B cells memory	Plasma cells	T cells CD8	T cells CD4 naive	T cells CD4 memory resting	T cells CD4 memory activated	T cells follicular helper	T cells regulatory (Tregs)	T cells gamma delta	NK cells resting	NK cells activated	Monocytes	Macrophages M0	Macrophages M1	Macrophages M2	Dendritic cells resting	Dendritic cells activated	Mast cells resting	Mast cells activated	Eosinophils	Neutrophils	P-value	Correlation	RMSE
TCGA-61-1910-01	0.000414223640350893	0.0039999416827353	0.000839500748766962	0	0	0.196870069151209	0	0.0794815140733513	0.0936752654469755	0	0.0622061357672196	0	0	0.251195515859762	0.0330693754569241	0.235742312136031	0	0.00983397711019408	0	0.0326721689264802	0	0	0.198	0.075611957494194	1.0783169200064
TCGA-61-1728-01	7.06832413776819e-05	0.00684986659391208	0.0197423172195474	0	0	0.284966403254123	0	0.0312551307666011	0.0803631238758927	0	0.0352471347942157	0.00475660345717954	0	0.394324333651462	0.00133832022753257	0.138628102877418	0	0	0.00245798004073792	0	0	0	0.046	0.16149259402039	1.05807670952981
TCGA-09-1666-01	0.101827710074423	0	0.0190980824291083	0.0822714804207979	0	0.118249597279132	0	0.0692490969684331	0.0271097960997727	0	0.0319789372350396	0	5.91202171073848e-05	0.117411234234866	0.135622725538977	0.232384795076123	0	0.0431924427887466	0.021544981637474	0	0	0	0.042	0.167010658740607	1.02842102701129
TCGA-24-1469-01	0.102775584731702	0	0.102355999711031	0.0224522653475118	0	0.161853883804722	0	0.0446266853859992	0.054500335161037	0	0.0146390712607389	0.0267569295123437	0	0.266817502904047	0.093165555913994	0.0982353562816655	0	0	0.0118208299852081	0	0	0	0.085	0.122730013857817	1.04274339289569
TCGA-04-1348-01	0.00193710819354652	0.00323299087406125	0.00907511520045052	0.0630926307243218	0	0.0844725205936467	0	0.130065308038354	0.0497167170398424	0	0.0176868862299388	0.0311654177396011	0.0551790676706473	0.313427298815622	0.0747169851889126	0.145056772207837	0	0	0	0.0211751814832178	0	0	0.00900000000000001	0.279333467847163	0.98425170143825
TCGA-61-1917-01	0.0268202026384262	0	0.0370951422964341	0.0381649520750861	0	0.160891447539943	0	0.0285952136417117	0.0535308786593993	0	0.0219207414153317	0.0278137429000372	0.0251857091172484	0.273609422700867	0.0837097999818049	0.22266274703371	0	0	0	0	0	0	0.00900000000000001	0.280169116114456	0.982158096062622
TCGA-61-2009-01	0.000917601644860771	0.00259662212936957	0	0	0	0.244187419411273	0	0.0205984138595134	0.0343302054757887	0	0.0127274151025748	0.00678869348600007	0.0440703119299038	0.0972758497494685	0.100418255356428	0.306365335463723	0.00728344196555671	0	0.122440434425541	0	0	0	0.035	0.182699633741139	1.01757751181474
TCGA-31-1950-01	0.00155547409190562	0	0.252170679812289	0	0	0.194751621765207	0	0.0858277338436817	0.0860260149659125	0	0	0.0230848587434742	0.0109367402201504	0.050046715567434	0.171454003254032	0.0257275198249092	0	0.00498256471810658	0.0934360731928972	0	0	0	0.191	0.0783032105331562	1.05590749847197
TCGA-31-1951-01	0.00140662990155444	0	0.0625891624566453	0	0	0.314946042773055	0	0.0721555858763054	0.0471062201792773	0	0.0652592231543948	0.0132432364123382	0.0230344190945188	0.162620556157024	0.102246436957898	0.0461161240734922	0	0	0.0892763629634956	0	0	0	0.1	0.111636281728776	1.04575199514171
TCGA-61-1995-01	0.00920603641127244	0	0	0.0522713559120422	0	0.213931060049712	0	0.038252896443483	0.103803372751171	0	0	0.0359942773809135	0.0317569568229891	0.0412883320040013	0.052135073787824	0.398916916471903	0	0	0.0224437219646881	0	0	0	0.158	0.0876952296492455	1.06462505594732
TCGA-24-2297-01	0.101453232229906	0	0.178164209485596	0	0	0.210397885267874	0	0.084691014485582	0.0255422416639494	0	0	0.0387377900267872	0.0336295059301665	0.0705922689627704	0.0101359714311632	0.14158760125191	0	0.105068279264296	0	0	0	0	0.533	0.0202742319281441	1.0603432437289
TCGA-24-1555-01	0.0143301012273838	0	0.0392021705894863	0	0	0.337601527117021	0	0.0488600757868131	0.109983677452672	0	0.0456839142373199	0	0.042119811950354	0.298041563477119	0.00198410972893018	0	0	0	0.0521186638203626	0	0	0.0100743846125379	0.13	0.100613308585537	1.0641284897233
TCGA-25-1322-01	0	0.00178469843134971	0.0596531337496233	0	0	0.304408800745055	0	0.0756306571207143	0	0	0.0301466021945182	0.0553732808828248	0.0204917022960672	0.00589110625455084	0.00663600316851365	0.268360382568985	0	0.115482052573078	0.052796798129621	0	0	0.00334478188509938	0.334	0.050114400762514	1.06505714370723
TCGA-24-1427-01	0.0118157581119145	0.0136178161381035	0.0444360470890413	0.100053004934744	0	0.201684971007199	0	0.0703104716852987	0.0678332041286452	0	0.0248132095981431	0	0.0230270913157804	0.00699813533933507	0.0324744588418283	0.351732499823025	0	0.00379561861622524	0.0474077133707171	0	0	0	0.21	0.07124955028216	1.0599044979395
TCGA-29-1698-01	0.0762602831823416	0	0.091607321299208	0.0344122921752904	0	0.146694414618842	0	0.066420465004437	0.0895579796663526	0	0	0.0410639109752949	0.0291748585889473	0.0663784646377102	0.0796639785573855	0.261717812868786	0	0	0.0170482184254045	0	0	0	0.424	0.0360983813334738	1.0660360998908
TCGA-23-1023-01	0.0459984309012968	0	0.0134309328500951	0	0	0.23387365812413	0	0.131313263567007	0.0460901075398274	0	0.0215315885412798	0.0250090950494614	0.0299519129051772	0.181078075100703	0.150194283224013	0.0814009286916581	0	0.0055812556045208	0.0345464679008314	0	0	0	0.0679999999999999	0.13412572727422	1.0465653766458
TCGA-13-0924-01	0.0440118202195732	0	0.0420269010712263	0.172585092414535	0	0.0854029797549576	0	0.0834379238127922	0.0828069830078829	0	0	0.0435720051145336	0.0469683539866195	0.0522601169779116	0.0657021245818871	0.233157935720597	0	0	0	0.0480677633374838	0	0	0.031	0.191358583512872	1.01061294593065
TCGA-24-1847-01	0.0558323913489853	0	0.0461199428257469	0.165998535943849	0	0.194747087083378	0.00526761357157243	0.0316453739648397	0.074224175533883	0	0.0330044991387472	0.00187623859734581	0.0247574293305758	0.0534477948093179	0.118623421808144	0.174176440438427	0	0	0.0202790556051873	0	0	0	0.013	0.239322423998361	0.993814989191711
TCGA-24-1843-01	0	0.00587506120670757	0.100035209152944	0.0876941590384463	0	0.103655042131607	0	0.00934644578860133	0.0521240455740759	0	0	0.0265176670242287	0.00406591055183693	0.38044136243434	0.0368171193002974	0.193427977796915	0	0	0	0	0	0	0.004	0.373189102409418	0.94017371027334
TCGA-25-1321-01	0	0.00929311344706099	0.0119570682442502	0	0	0.334375817988412	0	0.0993675366235213	0.079616529042927	0	0.0169575165336373	0.0285455434472817	0.0691371238215611	0.174429264726591	0.012012105560875	0.0245621944612385	0	0.00371713275623114	0.12918531199646	0	0.00684374134995339	0	0.308	0.0552422766927991	1.07265559245508
TCGA-30-1891-01	0.053076566079524	0	0.0743851988326125	0.111023555916999	0	0.150569180039834	0	0.0115934834908461	0.03533724512658	0	0.0252787802977504	0	0.00118573991683952	0.145652867384039	0.0529368915167351	0.303256812025114	0	0	0	0.0131676298335081	0	0.0225360495396178	0.126	0.101642222429879	1.05087533366464
TCGA-25-1326-01	0.00177564588948876	0	0.0676753418843369	0.010360805063444	0	0.254822431289684	0	0.0325591223556334	0.0566192284121478	0	0	0.0450904429775848	0.0211577963852079	0.118953125436206	0.0945997769135365	0.27285535060175	0	0	0.0197641357727034	0	0	0.00376679701827627	0.046	0.161453392362638	1.02595346166041
TCGA-29-2414-01	0.189764050152559	0	0.173149096776758	0	0	0.0964572379293474	0	0.0535984956454026	0.0229605321066193	0	0	0.0293132645443635	0	0.303006713831847	0	0.0586621485163334	0	0	0.0730884604967706	0	0	0	0.302	0.0557567747600567	1.06491385928044
TCGA-09-1670-01	0	0.00364713752937705	0	0.0641833041487472	0	0.204767086923212	0	0.0430020730333977	0.034530013918391	0	0.0154820440673704	0.00824540413630929	0.0492047010630454	0.026640498073259	0.0394947157395896	0.357104184435135	0	0	0.153698836932166	0	0	0	0.274	0.0606540850331181	1.06521836435645
TCGA-24-2033-01	0.185942162916401	0	0.0861644690407786	0.187634364836116	0	0.119466429718719	0	0.0804207220306005	0.0602370989992901	0	0	0	0.0298797085121785	0.216730247925815	0.00259462166855434	0.0239190185244359	0	0	0	0	0.00624311067016973	0.000768045156941479	0.328	0.0515341044797214	1.07612165018106
TCGA-29-2414-02	0.042884165074071	0	0	0.0917916217505983	0	0	0	0.171003266364832	0.014480088627025	0	0.00525721577871356	0.0646041398013839	0.00209466684539868	0.185646883963254	0.124916377873135	0.169467870455144	0.0145886682864785	0	0.113265035179966	0	0	0	0.029	0.196229478919382	1.0146698618004
TCGA-61-1741-01	0.105463622184385	0	0.146813682956859	0.0244551912785442	0	0.057766682057818	0	0.0926140155102479	0.0488648576920428	0	0.00482166964348402	0.00454661920659617	0	0.26825816273918	0.0891177933937028	0.155456040141468	0	0	0.00182166319567191	0	0	0	0.155	0.0893726182814255	1.05704039055151
TCGA-31-1953-01	0.0125583809176172	0	0.000709774024928674	0.051064440339706	0	0.117911236340564	0	0.0366591740713179	0.0493691186782367	0	0.0262792178288057	0.0289842957037927	0.0344416887497265	0.255768629375071	0.0773723566514122	0.274808349071051	0.0138509772591476	0	0.0202223609886229	0	0	0	0.005	0.331797951961615	0.957742837779177
TCGA-30-1855-01	0.0592620429730515	0	0.00441262199822172	0.0710607920534594	0	0.162162454085942	0	0.062842412732855	0.098288339436835	0	0.0103306232504878	0.0181866467603076	0.0209734200863011	0.147582058295832	0.0828895741312766	0.249289681613996	0	0	0.0127193325814343	0	0	0	0.081	0.124629028744712	1.04465884794523
TCGA-25-1324-01	0.006393908783295	0.0285861383260697	0.0363833346627355	0	0	0.20481749363607	0	0.201239699509288	0.024262462584188	0	0.0770434933164869	0	0.0658981671064805	0.152144378795784	0.0465359590702096	0.0358012851185593	0	0.0465013303182315	0.0743923487726034	0	0	0	0.652	0.00739970899674444	1.08091301744655
TCGA-09-2056-01	0	0.00466964177899851	0.0496540484966235	0.0533335944543993	0	0.184592855406002	0	0.0338166592337939	0.0535589639887934	0	0	0.0316125556520577	0.0177028812307028	0.0418806767519623	0.0541684104293804	0.312740136446443	0.00752636568548603	0.0230743243024188	0	0.12829668496959	0.00127158781238253	0.00210061336096537	0.231	0.0678333492483631	1.06563541993352
TCGA-29-1701-01	0	0.0147573154335631	0.0284416035635807	0.0319502102048475	0	0.217689959423866	0	0.0569206079892482	0.0158054286946574	0.0434794506794402	0	0.0423156730911126	0.0267112382894798	0	0.115226608791368	0.307038945655235	0.000894372009244991	0.000147702500015877	0.0986208836743402	0	0	0	0.05	0.15553700233374	1.02734682068005
TCGA-25-1633-01	0.0764936255673995	0	0.00267257174943204	0.141234983317756	0	0.208733174966861	0	0.0606120300589252	0.0837989744574862	0	0.0163254214054302	0	0.0284115629221608	0	0.0771749360888037	0.285582996194014	0	0.00444340119985031	0	0.00414293211001516	0	0.0103733899618659	0.092	0.116833319835591	1.04945047858669
TCGA-25-2396-01	0	0	0.0631678065985697	0.0558710586707091	0	0.282405699704201	0	0.0763281788302105	0.0880519299972831	0	0.0291259160968824	0.0038169732856963	0.0282848807359788	0.106909314135364	0.123084468808075	0.096134100480256	0	0	0.0468196726567736	0	0	0	0.087	0.121426513891894	1.04566306506361
TCGA-61-1914-01	0.0352816600384675	0	0.106696191879716	0	0	0.0686436148145811	0	0.0841750965529969	0.00255485312134889	0	0	0.0366287160265253	0.0319989612904174	0.0356866330299409	0.171253556157285	0.38295133896061	0	0.00670100075120312	0	0.034100797287662	0	0.00332758008924546	0.035	0.183034541899341	1.02973980021721
TCGA-61-2094-01	0.0127994792675428	0.00737696181196928	0.0579638901869397	0.134228910098124	0	0.198213161560476	0	0.0454031301352494	0.0884173585378419	0	0.0416947974651646	0	0	0.128261666094528	0.105793458439541	0.179847186402624	0	0	0	0	0	0	0.00900000000000001	0.272955494217171	0.979488896329692
TCGA-29-1705-01	0.0622832968792262	0	0.0100874900715476	0.0153686935243785	0	0.205666101042511	0	0.0120753913663828	0.0324249971578298	0	0.026877214119834	0	0.00140926605052364	0.265895427956653	0.0569663454782172	0.304918894555901	0	0	0	0.00602688179699516	0	0	0.074	0.130094810008895	1.06066664034343
TCGA-36-1580-01	0.0152560568016021	0	0	0.0949981132812842	0	0.16100309407048	0	0.0285103618257852	0.0771974379225116	0	0	0.0421075392172639	0.0196109757105847	0.288795700326091	0.062904040356384	0.186729867588168	0	0	0.0228868128998454	0	0	0	0.051	0.154544903381271	1.04482211125056
TCGA-25-2401-01	0.0251450664450126	0	0.0102093252652637	0.0203365361408195	0	0.167059108279157	0	0.0550168670695367	0.0437888402977151	0	0.0111582527923654	0.0152375934457648	0.0689784326684851	0.0532320183131964	0.11684489240923	0.389363700603076	0	0.0100180794703651	0.00534394034150482	0	0	0.00826734645850781	0.013	0.233820829231721	1.00146416965203
TCGA-5X-AA5U-01	0	0	0.0531549897717062	0	0	0.305238730881946	0	0.107974424936849	0.00882113297305721	0	0.031486177455209	0.0257771940672826	0.00275204831692518	0.406191151828629	0	0.0037317989443641	0	0	0.0288909457047629	0	0.025981405119268	0	0.176	0.0816402333973512	1.09007636964152
TCGA-13-0916-01	0.0622149548028207	0	0.0311342264635543	0.0692623638434438	0	0.0700379144890694	0	0.128958975232085	0.063672660641586	0	0.00298859008871102	0.0096676473649466	0	0.251020018441473	0.17266205883535	0.122147043772942	0	0	0.0162335460240177	0	0	0	0.014	0.232247715233735	1.00899371932315
TCGA-23-2084-01	0.0622153085686546	0	0.082774250216343	0.0263766479895956	0	0.123664338253423	0	0.0412561381049833	0.0305729899644156	0	0.0239486138710593	0.0216984618811844	0.139225827747706	0	0.0720299230822516	0.248689924449526	0	0.102474196346707	0.0202873168769591	0	0	0.00478606264719234	0.226	0.068858557339879	1.05302684071894
TCGA-36-1577-01	0	0	0.034698736243303	0.171647607226291	0	0.0463602817233062	0	0.0155524138528305	0.0606289908675166	0	0.0481880894038837	0.0557338612519053	0.134055468660349	0.39583348570251	0	0	0	0	0.0315053763382211	0	0.00579568872988338	0	0.556	0.0182524359122245	1.11922216510261
TCGA-24-1551-01	0	0.00709447763827846	0.0496607897312669	0.0576750532945793	0	0.127958551130123	0	0.00608071257591522	0.0963375295441349	0	0.0153239255977206	0.0398431506681529	0.0506571393764288	0.270305501030487	0.0630565112233367	0.183551177408839	0	0	0.0323267200355547	0	0	0.000128760745182703	0.00800000000000001	0.297677328168121	0.969127585364688
TCGA-61-1998-01	0.00111608830354119	0.00376318316253967	0.00202866867480348	0	0	0.140102495771277	0	0.0179866392875138	0.0348352565095147	0	0.00857700425841773	0.0384453528614051	0	0.553366126799966	0.00425858382570737	0.184977164424669	0	0	0	0.010543436120645	0	0	0.00900000000000001	0.288620369125378	1.02867722353525
TCGA-20-1684-01	0	0	0.0588294059863144	0.116437388473518	0	0.0661333492411408	0	0.114986639654854	0.0494932590855043	0	0	0.0302861594861385	0.0253417478433122	0.247614581186764	0.0730431938928469	0.082388792012767	0	0.0275023953491509	0.103721731892807	0	0	0.00422135589488207	0.299	0.0563033148141409	1.06795161314586
TCGA-24-1556-01	0.0810524114701317	0	0.0457707098458892	0.0678653294080805	0	0.0985979594979485	0	0.0425118096078792	0.0583942076111294	0	0.0464785163392312	0.00437911391260467	0.0123185205474229	0.133346166968346	0.0852516422619138	0.224387430967968	0	0.0892950021514481	0.0103511794100068	0	0	0	0.095	0.11430765680195	1.04469980436919
TCGA-57-1582-01	0.0762507637029691	0	0.1926422843921	0.0347921796031509	0	0.165149977424754	0.000930958067629364	0.046172749511739	0.043618933323965	0	0	0.00170725159719938	0.034441400267916	0.0781463827942728	0.0738836041884731	0.238929691172011	0	0	0.0133338239538193	0	0	0	0.257	0.0634178174938849	1.04644891730724
TCGA-04-1362-01	0.0854922845771084	0	0.0255688277876056	0	0	0.247033122259242	0	0.0570742692105099	0	0	0	0.0679589810784575	0.0833172052557861	0	0.0210490791700277	0.30050784165097	0	0.110093416588928	0	0.00190497242136535	0	0	0.447	0.0326235688134452	1.07435675197725
TCGA-61-2113-01	0.0448164916299767	0	0.0627131251440574	0.031306111366158	0	0.164198979199934	0	0.0964020235550441	0	0	0.0300448500982167	0.00209643541431105	0.0136442149155289	0.111307496583419	0.105913808131915	0.247290701130421	0	0.0886556355023814	0	0.00161012732863657	0	0	0.143	0.0945001768760919	1.05684256449453
TCGA-24-1924-01	0.0495192970937267	0	0.0451126359456188	0.119525966956933	0	0.157007043296766	0	0.110830739478834	0.000856070987297027	0	0.00716369050730581	0.0192430216500239	0.0375720748971907	0	0.169279568275355	0.266802329295529	0.00240515765240233	0	0	0	0	0.0146824039630165	0.025	0.20842557895208	1.01392331658767
TCGA-31-1946-01	0	0	0.0245363193206738	0	0	0.105300248149431	0	0.0623647863957596	0.0609769282396085	0	0.00650600902844294	0.00647742352095857	0	0.438506707309273	0.0476828826868873	0.210375075249225	0	0	0.0372736200997409	0	0	0	0.00900000000000001	0.280939552333631	1.00457492411798
TCGA-29-1699-01	0.0675355952165052	0	0.0555311021594384	0.00229839757202828	0	0.0790479104127793	0	0.0541993709067451	0.0285675322254933	0	0.062431617622234	0.0114437690516301	0.0296424985928978	0	0.108917129833096	0.363751315664793	0	0.0709282317775686	0.0617128246261528	0	0	0.00399270433863801	0.037	0.177914795261317	1.017627307242
TCGA-61-2002-01	0.00345901981424036	0.0050666360253006	0	0.00949377906829043	0	0.275137734164172	0	0.0731410629830077	0.0769873824607995	0	0	0.072969576629564	0.0302264194755244	0.135341697464709	0.120464695759951	0.116808416260261	0.00639267355128634	0	0.0745109063428941	0	0	0	0.015	0.227810292117593	1.00072783217867
TCGA-24-2035-01	0.072044825490224	0	0	0.0561656417638227	0	0.144948552750928	0	0.0442032590434384	0.012288161736714	0	0.0275761409603594	0	0.0634668883520047	0	0.0612904160655067	0.450183762783243	0	0	0.050044659927161	0	0	0.0177876911265979	0.077	0.127967291346323	1.04341107608934
TCGA-09-1674-01	0.273004000470122	0	0.184222135929165	0	0.0183013166545332	0.0546347809348892	0	0.065244194251124	0	0	0	0.0367154000355534	0	0.296732458943537	0	0.0355147034397337	0	0.00341097227029715	0	0.0322200370710451	0	0	0.831	-0.0146544487401788	1.10242799215131
TCGA-29-1710-01	0.0294455806336937	0	0.0235661214685886	0.0831555468349647	0	0.186001920750356	0	0.0311601459172117	0.0816689284120312	0	0	0.0702252839131931	0.0131668256107901	0.0934689968856263	0.029688019183795	0.306242641735101	0.0259326179744975	0	0.0255108385038165	0	0	0.000766532176334529	0.026	0.207059200387328	1.00707824105914
TCGA-24-1436-01	0.0481361371660829	0	0.0548607205248241	0	0	0.19682133632443	0	0.0827121420749931	0.0299097356763249	0	0.0396364851163384	0.024636375903656	0.044299224324233	0	0.0149691319067731	0.23483464454262	0	0.175735311210958	0.0525868180498857	0	0	0.000861937178880365	0.092	0.116335727555664	1.0342129312178
TCGA-13-1497-01	0.00513381217379651	0	0.184715782090719	0.0167326349106259	0	0.189497059379106	0	0.109861086791295	0.0235919690883198	0	0	0.0537674125995294	0.0212161113898319	0.173513174101249	0.1061965695784	0.110042836041859	0	0.00116536277947282	0.00456618907579603	0	0	0	0.051	0.15442414993463	1.02186505423253
TCGA-24-2271-01	0.0943198065328316	0	0.0208126017969425	0.0320434463559667	0	0.295205836586632	0	0.117646052396415	0.0916196160070329	0	0.0311556834133678	0.0187272731846376	0.045054662899103	0.0734178176070935	0.0840643661777765	0.0788565668717993	0	0.000315310373527966	0	0.0167609597968739	0	0	0.142	0.0948711145821899	1.0608275050379
TCGA-24-1552-01	0.0310940865245361	0	0.236453916833948	0	0	0.0753249383858607	0	0.108138316523769	0.0313234383995879	0	0	0.0541001262622044	0.0160152490300691	0.249252558530665	0.0241655627182935	0.15525285132037	0	0	0.0188789554706967	0	0	0	0.338	0.0499216918968061	1.06093000161211
TCGA-61-1724-01	0.0850593711335112	0	0.0923438189337959	0.0210918746314245	0	0.140666620465305	0	0.0343320412007688	0.0506074401881597	0	0.0473815147379118	0.00333917633531929	0.0169093387624605	0.179890736257661	0.093046336765311	0.214993361291392	0	0	0.0203383692969791	0	0	0	0.142	0.0952794969480183	1.0481911441034
TCGA-20-1685-01	0.0201067760640584	0	0	0	0	0.186605869618573	0	0.0348279771376201	0.0451457605442835	0	0.0355691727407733	0	0.0146073471410406	0.116300578166607	0.0663049629695207	0.459595307916025	0.00231983766038068	0	0	0.0186164100411175	0	0	0.032	0.189875895947918	1.02989766582481
TCGA-24-1423-01	0	0	0.104674303175865	0	0	0.117244698809823	0	0.138648469096902	0.0293883895041499	0	0	0.0623546744453577	0.041879804850993	0.203576536096356	0.085996208853019	0.0338880376629692	0	0	0.17699811335635	0	0.00535076414821476	0	0.23	0.0680414671861826	1.05489103333368
TCGA-25-2398-01	0.00299017211388605	0	0	0	0	0.10247942329518	0	0.0375573069829991	0.0255309719651972	0	0	0.0633189475531406	0	0.547477569838309	0.0354147631250441	0.160774002758957	0	0	0.024456842367287	0	0	0	0.027	0.20442083234948	1.07544719518171
TCGA-29-1763-01	0.0637851176233193	0	0.0791205260893511	0	0	0.146368852101314	0	0.0519737351361913	0.0102325459797054	0	0.0065724928147907	0.014663967903612	0.0222575924072037	0.0538736237359379	0.0622668711460984	0.433490030781514	0	0.0475472643846585	0.00359291578730226	0	0	0.00425446410900156	0.272	0.0608556075930364	1.07232479834996
TCGA-29-1703-01	0.0331117910778005	0	0.0534934624123923	0	0	0.231860545260709	0	0.0768497967104828	0.0372254245276329	0	0	0.0594625920115614	0	0.190561157636182	0.0659961942651297	0.237646552890572	0	0.00706513571777212	0.00126946245862133	0	0.00545788503114347	0	0.246	0.0655977232378621	1.07101805760093
TCGA-10-0936-01	0.0682642606052662	0	0.128361169033538	0.111278678367479	0	0.153544822293804	0	0.132676532466247	0.0850561697845016	0	0.056027343709869	0	0.0194947506078357	0	0.0774484449015728	0.136288621595978	0	0.0205960094754343	0	0.0109631971584744	0	0	0.277	0.0596604689681559	1.06375475874038
TCGA-25-2409-01	0.00231841860443675	0	0	0.0333721264959482	0	0.230253334605814	0	0.0490411396593041	0.0725634793354708	0	0.021957345712137	0.0428708901493519	0.0335045543798972	0.113721848178144	0.0715939838848095	0.230744601189318	0	0	0.0980582778053683	0	0	0	0.132	0.0995802915363744	1.04992629598469
TCGA-30-1718-01	0.104525661445143	0	0.051309254397517	0.0796607321102902	0	0.152435171523592	0	0.0521079176863141	0.0529230217047979	0	0.0300634722665319	0.00331929270176439	0.03784128464928	0.0105551292953233	0.0527775995563555	0.291864684534763	0	0.0716407760505658	0.00739489004470398	0	0	0.00158111203305802	0.23	0.0679749965646345	1.05547815190964
TCGA-29-1711-01	0.00153849604586636	0	0.00830528559317547	0.0913707703384178	0	0.188647607990432	0	0.0972299546566324	0.0481024304130949	0	0	0.0608078999022715	0.0348192930280221	0.0715271166945477	0.161249016730246	0.137733306484963	0.00686077465301591	0.000155409669145367	0.0916526378001683	0	0	0	0.082	0.124013270689572	1.05207579080049
TCGA-61-2008-01	0	0	0.136972973063752	0.029128714139609	0	0.280472488918293	0	0.0704688300223951	0	0	0.00020007008173869	0.023146977833969	0.0206010172295098	0	0.0970938272888147	0.341915101421918	0	0	0	0	0	0	0.212	0.0707468983783072	1.05991764440236
TCGA-61-1740-01	0.0228221564495876	0	0.0432542259515496	0.0407974237670664	0	0.241417445438988	0	0.0781847844932946	0.0320567953711263	0	0.0348079729448581	0	0.0130923835383796	0.0525885618357144	0.164609590235461	0.268268078113684	0	0	0.00810058186029064	0	0	0	0.00900000000000001	0.278999857306938	0.979770764181085
TCGA-29-1785-01	0.00477523328496325	0	0.00258024194072642	0.0970091590736289	0	0.152511454128265	0.00247610990306384	0.0347934255214673	0.0855594112994777	0	0.00414938362267068	0.0588385175761971	0.0126689178634487	0.0141485162013428	0.138211176954551	0.275728639843888	0	0	0.116549812786309	0	0	0	0.011	0.25260657626405	0.98941612253496
TCGA-13-1506-01	0.100523304274574	0	0.0658154232276202	0	0	0.294038527945938	0	0.0800910733813379	0.0179161470767872	0.00788469527604046	0	0.0359723583566374	0.0714402759361416	0.13344674588369	0.0689399515114256	0.0112797613447004	0	0.0651676961409312	0	0.0454477890759352	0.0020362505682412	0	0.186	0.0799356918801224	1.05439267020999
TCGA-29-1781-01	0	0.00120829239219377	0.123133698210158	0.0849987918501859	0	0.0446723785928232	0	0.0616602170269516	0.0708618853213484	0	0.00457911439455013	0	0	0.247062791863888	0.107894405530458	0.224164562400324	0.00233930873593647	0	0.0274245536811822	0	0	0	0.004	0.354307244114434	0.941206501308379
TCGA-36-1570-01	0.0611294777959041	0	0.0775715244907892	0.00584095685437612	0	0.162859397529327	0	0.0398689438963703	0.0269513173828272	0	0	0.0397771387922789	0.0528243265589477	0.0229121445204667	0.0740446796406077	0.366538418628112	0	0.0696816739099937	0	0	0	0	0.224	0.0696757632596235	1.06179515586389
TCGA-24-1930-01	0.0380864560608208	0	0.0377653811570944	0.0145891472509122	0	0.214222651327813	0	0.0468334907796704	0.0460916008407965	0	0.0403834266834507	0	0.0112021546246455	0.0788328653691541	0.0765426343161372	0.394193669692779	0	0	0	0	0	0.00125652189672595	0.038	0.170698471647679	1.02627185683306
TCGA-13-0799-01	0	0	0.208035026982943	0	0	0.0760931407626762	0	0.21552246947458	0.0331610611423708	0	0.0509548680749688	0	0.00606264081244127	0.124432196952228	0.0731955645665121	0.00574109097240547	0	0.147063444064749	0	0.0597384961941264	0	0	0.205	0.0726349892734496	1.05477631805235
TCGA-30-1862-01	0.08165693678166	0	0.187514148322601	0.0767128406557957	0	0.214990906833007	0	0.0640873468724103	0.0366158580167112	0	0.011725714310622	0.0192175624585648	0.0418307943062761	0	0.0610452536025575	0.188580678286905	0	0	0	0.01602195955289	0	0	0.317	0.0538418120030958	1.05186226296217
TCGA-23-1114-01	0.148079145142772	0	0	0	0	0.283869532772822	0	0.0314996457276387	0.00353286466966687	0	0.0295798085091171	0	0.0127062516477343	0.284123796816031	0	0.0888928842944769	0	0.0771215985135094	0	0.0405944719062322	0	0	0.475	0.0295504387432093	1.09261749270868
TCGA-25-1626-01	0.0436356864490529	0	0.0190223363305435	0.108451855152845	0	0.173676198917979	0	0.0329133576184761	0.0437631639420521	0	0	0.0433277962218878	0.0715472832054081	0.000687630504121076	0.0296354565051942	0.244460062909584	0	0.0172065500290885	0	0.163450286625002	0	0.00822233558876594	0.157	0.0883527318888849	1.05886362059485
TCGA-61-2097-01	0.0258309422695769	0	0.00748363416902784	0	0	0.137856588415875	0	0.0949883187864033	0.014933656783621	0	0	0.0842709757049038	0.0350216091954891	0.209756842178505	0.0191261626088069	0.213098041771113	0	0.0631015317601154	0	0.0831218156313182	0	0.0114098807252448	0.153	0.0910992236898705	1.06677561464582
TCGA-24-1616-01	0.0410748332635656	0	0	0.0411006406298441	0	0.220456501474212	0	0.0154544469758329	0.0911347840648623	0	0	0.11727972776749	0.0491461410147091	0.0600564620369709	0.0787187989558549	0.190681265900624	0	0.0948963979160344	0	0	0	0	0.621	0.0114059882142128	1.10208444975591
TCGA-23-1109-01	0.0132185378498747	0.00779243436392513	0	0.0786267677774859	0	0.0415867064693662	0	0.0966664999806311	0.0651351556716285	0	0	0.033354954962535	0.0468677990711448	0.251299474936687	0.0267613974796206	0.317157594534322	0.0108428959789038	0.00426631492926942	0.00642346599460621	0	0	0	0.038	0.171332010594102	1.04002044715084
TCGA-29-2427-01	0.0356484493484378	0	0.0340601432437312	0.174734422431569	0	0.106237354364402	0	0.0294079969995839	0.0403747228734306	0	0.0406948082373099	0.00303102664870084	0.0035478135272179	0.0697207287373743	0.0911301221074125	0.33586766331588	0	0	0.0345201364149748	0	0	0.00102461174997518	0.01	0.263007846631261	0.982211332699296
TCGA-29-1695-01	0.00106440247707056	0	0	0.000185429358071911	0	0	0	0.0163721065463515	0.0545136767445085	0	0.0294798009015911	0	0	0.65912762857436	0.0553967236198942	0.170593817655121	0	0	0.0132664141230307	0	0	0	0	0.650023600623392	0.766833671602317
TCGA-61-1737-01	0	0.00039266839528122	0.00799238771914956	0	0	0.187367556115198	0	0.0617690414261477	0.0503970091101279	0	0	0.0646453565783372	0	0.231498793325735	0.0585882426100118	0.320288726079793	0	0	0.0170602186402179	0	0	0	0.035	0.182158126428468	1.03383092045367
TCGA-29-2425-01	0.0583413705057573	0	0.125802051934664	0.00690202768437095	0	0.0840833169029501	0	0.0542290430073433	0.0748819356073735	0	0.0675655578284041	0.0091710757840184	0	0.270199899673548	0.0818042994174773	0.163602212611182	0	0	0.00341720904291008	0	0	0	0.231	0.0677950266323454	1.06715044607216
TCGA-09-1662-01	0	0.00463445324189327	0.000511505703207585	0.0464353960864478	0	0.166782995273719	0	0.0286589831688531	0.08468729653496	0	0.0183393685441158	0.0429370804867714	0.0790174129483261	0.329706712069959	0.0305827270463354	0.162082544105688	0	0	0.00562352478972337	0	0	0	0.0610000000000001	0.144250602300568	1.0543184308584
TCGA-13-1512-01	0.00029795338033626	0.000859593280395539	0.0780565708017962	0.0556967839089108	0	0.090642477022641	0	0.0820773690164074	0.0213570622944558	0	0.00800224044047849	0.0176368989468882	0	0.288940576087174	0.130826597215355	0.22042269183344	0	0	0	0.0051831857717216	0	0	0.043	0.16574947551823	1.04488751165979
TCGA-29-1697-01	0	0	0.167800270102289	0.059133715495184	0	0.0670858612562797	0	0.132335873206686	0	0	0	0.0939885840790624	0.0235705499501024	0.140892164229465	0.0406744995953765	0.0815759597934847	0	0.0756054483087407	0.113687976948249	0	0.00364909703508008	0	0.682	0.00407875640111319	1.06986039911565
TCGA-24-2024-01	0.0649885559923686	0	0.10258133113798	0.0200754493008789	0	0.141102114434632	0	0.115384936017878	0	0	0	0.0680785849031092	0.0290964764372933	0.179652188602926	0.0513392487245602	0.218325941323741	0	0	0	0.00937517312463292	0	0	0.188	0.0794084419541135	1.05503538616593
TCGA-57-1583-01	0	0.0196704053267823	0.0456784171139907	0	0	0.201010457980749	0	0.0378791586800854	0.0622475966757208	0	0.0424586263789093	0.00471365936836589	0	0.406689218078771	0.00644706318532262	0.14636070672814	0	0	0.000371997878172368	0	0.0264726926049896	0	0.0570000000000001	0.1482622902005	1.06189517716975
TCGA-24-1562-01	0	0.0244272434992188	0	0.0558045836844823	0	0.22732536054281	0	0.00124067469623349	0.109446854845983	0	0.0311012581436995	0.00910741848908859	0	0.304820603670343	0.0388273498929193	0.170274542047111	0.00957968007848379	0	0	0.0180444304096269	0	0	0.05	0.156799460854561	1.04601897037636
TCGA-57-1584-01	0.045440690561435	0	0.102461201401765	0.0318736142633128	0	0.143296982158163	0	0.0376187962160848	0.0211489341341155	0	0.00455770074200134	0.0212775561597367	0.0741855323990034	0	0.0200320679697407	0.403027332205131	0	0.0738852502360406	0.0211943415534705	0	0	0	0.34	0.0492005783083116	1.06389346360413
TCGA-13-1411-01	0.0146749588604122	0	0	0.0571525492379447	0	0.116713307371451	0	0.00797065126592098	0.0679088501598464	0	0.054181576695764	0.00701629976297133	0.000344775927978324	0.291848338513018	0.0607715799588929	0.30099382972514	0	0	0	0	0	0.0204232825206598	0.002	0.439506312774087	0.902101302390214
TCGA-61-2088-01	0.05337798735211	0	0.0525543239654874	0.0142945943463849	0	0.0566008573065409	0	0.187153857813202	0	0	0	0.0651163085030257	0.0617368721326847	0.0224976564829491	0.0391491753932288	0.424852501441542	0	0	0	0.0226658652628446	0	0	0.83	-0.0144749676033911	1.10202636348501
TCGA-25-1625-01	0.0663705058535401	0	0.0340045605642194	0.0373694272606166	0	0.155214801509868	0	0.0509387221580082	0.0134501137657434	0	0	0.0400872156230544	0.0726179912512046	0	0.0705516771588332	0.403111070461022	0	0.0299952753908314	0	0.012048164508195	0	0.0142404744948642	0.17	0.0835879341499154	1.05992205674327
TCGA-24-2288-01	0.144839399510004	0	0.182803545917891	0.120282752645043	0	0.0935459779219051	0	0.0960429940771671	0.0495530617523188	0	0.0222819506437952	0	0.0137878274065906	0	0.0679546885950216	0.15441832767878	0	0.0534774711677107	0.00101200268377312	0	0	0	0.195	0.0774858632454927	1.04524106844914
TCGA-25-1623-01	0.019620240077328	0	0.0363495504720326	0.052562841589213	0	0.223390749761025	0	0.0963604074826406	0.0637926758004507	0	0	0.0182204422729488	0.0322209865881458	0.131118262967757	0.0770388864166549	0.226344962488078	0	0.00838372945541243	0.00748426951352982	0	0	0.0071119951147835	0.031	0.191020321761693	1.01338074369846
TCGA-25-1312-01	0	0.00423989782067296	0.00393920751153031	0	0	0.315114428560579	0	0.0684595506568869	0.0686595750278002	0	0	0.0307168931313738	0.0537638212404073	0.150177734350811	0.0702707263374171	0.0708637779155177	0	0	0.163794387447003	0	0	0	0.594	0.0136372267572251	1.08507473532229
TCGA-61-1725-01	0.0103017378397587	0	0.081375529119476	0.0598018181840886	0	0.187065530624519	0	0.073094871156235	0.00411722220854847	0	0	0.0342988650484426	0.00434630245637536	0	0.124747727371781	0.392812386933202	0	0	0.0211812446342501	0	0	0.00685676442332384	0.037	0.17553746886	1.02307736182138
TCGA-25-2042-01	0.0660897486229371	0	0.0334241007061226	0.0460034186312378	0	0.225762705711366	0	0	0.012821440766123	0	0.0172150252428792	0	0.0180629731367304	0	0.00882872098087904	0.388228008404643	0	0.0520290945310936	0	0.0825786755744635	0	0.0489560876915245	0.607	0.0124556330086808	1.08551379634141
TCGA-23-1026-01	0.010398574359809	0	0.00914950943038343	0.0512949036173983	0	0.242253657587038	0	0.0660607744049735	0.0684490690299709	0	0.0337191993632981	0.0683138046358756	0.0412235580210195	0.156151827180136	0.0803508891632706	0.101104011601899	0.00242351931306154	0	0.0691067022918653	0	0	0	0.053	0.149467547243679	1.03402580485581
TCGA-29-1770-01	0.0283351364741339	0	0.149460980223371	0.00827672705460749	0	0.0724034785001789	0	0.0523602708931556	0.0014036459019394	0	0	0.06237463166134	0	0.179017366234844	0.00875977926316494	0.332493219223999	0	0.0500799800170095	0	0.0495557451623848	0	0.00547903938987148	0.36	0.0444660439597849	1.0799118466848
TCGA-09-2054-01	0.00221401677986986	0.0282691650374499	0.0264501629079453	0.0673710094912787	0	0.325119724420084	0	0.129160341607025	0.00258817756264198	0	0.00833825421169905	0.0383165627278963	0.0867766419281369	0.134667700010819	0.0100380100607828	0.0736080677516522	0	0	0.0604007647819939	0	0.00668140072072506	0	0.397	0.0398257108718025	1.08023219706475
TCGA-61-1919-01	0.0196496909081321	0.0167509133916204	0.0146320041343232	0.0127797780280928	0	0.0884432392380574	0	0.0457256579954231	0.0200584608818795	0	0	0.0195198981336024	0	0.299973456113573	0.072672881607947	0.373563771107443	0	0	0.0101953511609112	0	0	0.00603489729899467	0.003	0.393743239577162	0.933747348702649
TCGA-61-1900-01	0.239956947573798	0	0.161508946384587	0.0066923549672959	0	0.0988847641267714	0	0.102547979391782	0	0	0	0.0837350966960603	0.0235204500569762	0.045383028420207	0.0525107608354611	0.185259671547061	0	0	0	0	0	0	0.948	-0.0313596397431278	1.08996546927079
TCGA-24-1558-01	0	0.0119419388856347	0.00136835031657176	0	0	0.177457762830432	0	0.0432359414197034	0.0407372578526468	0	0	0.144586644442404	0	0.372590250938997	0.00859781746947952	0.151780288163	0	0	0.0446232934796415	0	0	0.0030804542014886	0.092	0.11692833972762	1.08199431929087
TCGA-59-2354-01	0.0821009854322321	0	0.0229954821554844	0.0498236174767197	0	0.207538247612247	0	0.0422920236874072	0.0547035198093268	0	0.0658431161507642	0	0	0.162819699897177	0.0934840263562621	0.21839928142238	0	0	0	0	0	0	0.037	0.175027503309228	1.02275957932268
TCGA-09-2051-01	0.115054998507517	0	0.110222503056242	0.00213980207176174	0	0.112915728784243	0	0.0961641811169967	0	0	0.0347437252302803	0.0296310307508488	0.010751944094017	0	0.00576014511554323	0.279718084561977	0	0.161194199369978	0.0240156027038612	0	0	0.017688054636735	0.209	0.0715406500163429	1.04699081312747
TCGA-09-1667-01	0.0310928938574235	0	0.00473416838013914	0.02449421903488	0	0.200480943392016	0	0.0926552597416171	0.0405537772475035	0	0.0324779593984506	0.0301346250635335	0.0182571710921411	0.240026034017028	0.139778017498508	0.124725967058344	0	0	0.020588964218416	0	0	0	0.013	0.237777725033593	1.00268941503714
TCGA-23-1809-01	0.00564290206179263	0.000522298710502093	0.0634589594962253	0	0	0.213254344614848	0	0.0723658004279572	0.0477869605339316	0	0.0304588726276761	0.0462876335153216	0	0.47007949586181	0.000444025760727236	0	0	0	0.0496987063892084	0	0	0	0.354	0.0465416143396789	1.11567085863908
TCGA-31-1956-01	0.00585235882929425	5.35663250525437e-05	0.017655494665337	0.0957085680183126	0	0.151613236655329	0	0.0193229582252994	0.0874231085557076	0	0	0.0259772411466236	0.0113938688658206	0.224462552844079	0.0671906110989804	0.26167455168755	0.00420906321889611	0	0.0271377061491948	0	0	0.000325113714523213	0.003	0.398316623998656	0.920132388569341
TCGA-13-0730-01	0.07337146912653	0	0.010710425598155	0.196230657667654	0	0.0380589849465697	0	0.0619645433088936	0.0441469385861266	0	0	0.0447234605372505	0.0111218739637025	0.252478529845302	0.00909026749031948	0.211134660903532	0	0.0410828363569894	0.00588535166897548	0	0	0	0.3	0.0560773267796877	1.08447114868864
TCGA-04-1519-01	0.0190976746214998	0	0.184677183702365	0	0	0.208462655249592	0	0.066162153163519	0.0407895577824167	0	0	0.0573627249061154	0.0212395511389322	0.12836690766229	0	0.0455239028188313	0	0.0774863818773649	0.150831307077073	0	0	0	0.328	0.0515002143654402	1.04750747365153
TCGA-25-1870-01	0	0	0.0348900074938879	0.0566852790118674	0	0.158169727227134	0	0.092922952166257	0.00745629356263848	0	0	0.105427611710077	0.0262745881136139	0	0	0.235260372017299	0.00361358925128675	0	0	0.261063729638916	0.0128905971024395	0.00534525270458303	0.528	0.0207559358191967	1.12312961549609
TCGA-29-1688-01	7.34804291676205e-05	0.00476128678930459	0	0.0140516195081582	0	0.194388811448421	0	0.0926065393043311	0.0203837796249425	0	0.0107365193289001	0.0341449584667644	0.0267392099166317	0.105095638424941	0.0970663647565258	0.355113844167586	0	0.0305000729106096	0.0143378749237169	0	0	0	0.052	0.151802673265426	1.04002281303542
TCGA-61-2104-01	0.0729446265390451	0	0.0516033064596983	0.0233059098563738	0	0.156582675312651	0	0.0747689726027798	0.0721775551620054	0	0.0252692339487665	0	0.00627121380710121	0.131454254192945	0.151299919354298	0.225102240469404	0	0.00161065764704551	0	0.00760943464788597	0	0	0.0679999999999999	0.134024288186985	1.04342588305869
TCGA-13-0801-01	0	0.0870809841202938	0	0.0251836847276541	0	0	0	0.0484793498336368	0.0531217341666547	0.0250432685662687	0	0.011931354555316	0	0.348182401661895	0.0541502728714643	0.329062345384696	0	0	0.0177646041121205	0	0	0	0	0.597297569503972	0.802195094952546
TCGA-24-1928-01	0.0286411947025524	0	0.0533410475746601	0.0286206238285292	0	0.239420266790894	0	0.179270371096111	0	0	0	0.0582617846199991	0.019350214562163	0	0.0798184917846622	0.2965220760263	0	0.00348360549036896	0	0.0132703235237609	0	0	0.535	0.019869221257421	1.08710185244461
TCGA-36-1569-01	0.0373047634530297	0	0.0633154801960833	0.0608969032390812	0	0.197265566621073	0	0.0730842485271285	0.065644162235307	0	0.0568031946786605	0	0.0272605140772806	0.0709026377565423	0.0480273243782635	0.282629829754731	0.000531188262546987	0.00613613137991758	0	0	0	0.0101980554403545	0.08	0.125483463945967	1.03602580086438
TCGA-25-1315-01	0.129396770083773	0	0.325730512466238	0.0221555547674409	0	0.0359437515235747	0	0.0942911075826416	0	0	0	0.0735615702470731	0.00602134334826409	0.00293244340764282	0.00606628144089588	0.240663209441509	0	0.0632374556909463	0	0	0	0	0.834	-0.0150472928394424	1.06542000080344
TCGA-24-1418-01	0.082089129352434	0	0.0057626253977642	0	0	0.300220636475815	0	0.110899094221562	0	0	0	0.0210923670747656	0.0454465252960022	0	0.0544594526919899	0.26185159001242	0	0.0542003512707311	0.0639782282065156	0	0	0	0.384	0.0416430262388122	1.0683252549641
TCGA-24-1428-01	0	0.0251296075631054	0.012082676930233	0.0279382543555822	0	0.0929106672436965	0	0.0302775608884668	0.0808260173034421	0	0.025456594716848	0.00674498858032096	0	0.480762703291023	0.054999459678717	0.151190642375075	0	0	0	0.0116808270734902	0	0	0	0.543550701271695	0.840590616836844
TCGA-23-2077-01	0	0.00751389258649121	0.00558858932357426	0.0390831710050629	0	0.0834721039372125	0	0.0537592557236531	0.063221193184669	0	0	0.0101687891983047	0.0349920785497197	0.135335153054328	0.0756056146876178	0.33959326935796	0.00117138298369969	0	0.150495506407707	0	0	0	0.094	0.115074691714039	1.05038851238158
TCGA-09-1669-01	0.0815355857743414	0	0.064238894705903	0.0734422979468251	0	0.19083165465294	0	0.113783035679163	0.0665204179556556	0	0.0317583523683967	0	0.0214417718131037	0.128255135467993	0.0808545349026727	0.144511973685339	0	0	0.00282634504766632	0	0	0	0.0620000000000001	0.143614833439256	1.02995739825226
TCGA-24-1430-01	0.00959359084546311	0	0.0757598844300422	0	0	0.282217873042995	0	0.071766067880971	0.0494099976725541	0	0.0194029090610234	0	0.0294458133432059	0.189912450708467	0	0.186557388346646	0	0	0.0821387282656288	0	0	0.00379529640300434	0.481	0.0289654126770777	1.07611679964237
TCGA-36-1581-01	0.0677322827557775	0	0.0499374364933194	0.00835489584277257	0	0.190565607381358	0	0.135507353966403	0.0453649108171695	0	0.032610670978065	0.00302088518249279	0.00743214116994074	0.200274888524487	0.114352002403858	0.0751913369185684	0	0	0.069389718295487	0	0	0.00026586927030117	0.036	0.180951218241817	1.01519758169687
TCGA-29-1776-01	0.0828040444339924	0	0.0808154237143954	0.00264567744365089	0	0.262211410918265	0	0.0782879102225801	0.029512075803463	0	0	0.0358121433104175	0.0198190011581217	0	0.0355887026616175	0.266169233898344	0	0.0550370583318329	0.0512973181033191	0	0	0	0.271	0.0610984977916665	1.05255901878535
TCGA-29-1696-01	0.0832462542684597	0	0.109767183458138	0.0249016334350512	0	0.18636834820698	0	0.0713941625152637	0	0	0.00250071034204381	0.0185908956487118	0.0176234522762439	0	0.103048963232013	0.303751120495164	0	0.0744194733326024	0.00438780278932851	0	0	0	0.158	0.0875682270494125	1.05130119238228
TCGA-13-0913-01	0	0	0.217706236461389	0	0	0.185178852671616	0	0.065893375493974	0.0421723335056869	0	0	0.0902510468562956	0.0212596001542556	0.0982155089832202	0.00191737927722542	0.102954731812158	0	0.0908910648871523	0.0835598698970263	0	0	0	0.506	0.02502582142908	1.05582113417623
TCGA-09-0364-01	0	0.00467038210750072	0.0603366879258511	0	0	0.414979013691238	0	0.114299369319735	0.0310652031096131	0	0	0.0659321799608346	0.22855779451577	0	0.00387356605054576	0.0751315287260907	0	0	0	0	0.00115427459282091	0	0.365	0.0439422693318507	1.09038171900452
TCGA-61-2111-01	0.00103552262164511	0.0147562452989158	0.00705210463001009	0	0	0.214541128025919	0	0.0161460437747258	0.131481936109696	0	0.00388766457641568	0.0456863606308781	0.0244831143549826	0.16968594896705	0.0197259515981518	0.208496604753871	0	0	0.132895761670477	0	0	0.0101256129872617	0.263	0.0623300170391164	1.06491744927447
TCGA-36-1571-01	0.0887819993562095	0	0.243517068043497	0	0	0.185740683772686	0	0.0598567995831313	0	0	0.0019162125493277	0.0508148412199812	0.0222079848547241	0.0418715102468384	0.0454306120873138	0.221213129748908	0	0.0226054702378299	0.0160436882995531	0	0	0	0.578	0.0157999096693466	1.0563520276554
TCGA-24-2020-01	0	0.0163940737976339	0.00409380156177787	0	0	0.208416019470648	0	0.0176027432076628	0.0632336572311179	0	0.118611931535477	0	0	0.40910395055001	0.00190278650471347	0.0694304922100306	0	0	0	0.0912105439309284	0	0	0.327	0.0520211964762125	1.11510632204117
TCGA-20-1687-01	0.107121383298315	0	0.148748752033793	0.0281312656854262	0	0.169030095653627	0	0.0450757148613519	0.0437478395079971	0	0.0127097749684264	0.00457087268625899	0.0921218676326154	0	0.0927294281396774	0.245622974524474	0	0.00600779260775799	0.000864103081157698	0	0	0.0035181353191216	0.225	0.0693173565053955	1.04761235140896
TCGA-24-2262-01	0.00242451271393469	0	0.0475805653755098	0.0567287729121136	0	0.165349649724455	0	0.105774216156965	0.101750491349686	0	0.0343482166336597	0.00342046620236355	0	0.300395216575121	0.0759607590731391	0.058375427947331	0	0	0	0.0478917053357218	0	0	0.047	0.16020325858801	1.03760496843633
TCGA-24-1850-01	0	0.000452210960088112	0.0472739373861227	0	0	0.132977323005376	0	0.120251814284846	0.0705198095228841	0	0.0063862894443999	0.000162647048897738	0.0276336407274407	0.201499658710922	0.0569141197087777	0.297512072013231	0	0	0.0384164771870139	0	0	0	0.152	0.0915681326682743	1.06253447100404
TCGA-25-1313-01	0	0	0.0836969746260834	0	0	0.245624326436886	0	0.0310566397096019	0.00367251627839437	0	0.0325354314274361	0.0634131286757862	0.067364310412712	0	0.0167215368419165	0.311468950348285	0	0.071157626075435	0.0715048521284334	0	0	0.00178370703902978	0.126	0.101672317798415	1.03944092169629
TCGA-13-1489-02	0.0212928615181592	0.00138978692545627	0	0.125686045996378	0	0.112541172275404	0	0.130856189979911	0	0	0	0.0775612721859297	0.0173771254426666	0.0275865602451471	0.0995577084234167	0.0495362932088207	0	0.200121643744718	0	0.136493340053993	0	0	0.135	0.0985877641466331	1.08686689162502
TCGA-29-1694-01	0.0137337343904694	0	0.0130874187219208	0	0	0.29908247617923	0	0.0603704161110644	0.0301778385915169	0	0.0559061534325172	0.0291204852982946	0.0445603998649233	0.129525867653418	0.0602544733867276	0.154856754626658	0	0.106165218148816	0.00260272527692307	0	0.000556038317520382	0	0.209	0.0716134661664389	1.06797474117855
TCGA-23-1027-01	0	0.019217072877682	0	0.000771860326922008	0	0.139871245037446	0	0.0614651841591798	0.0622940062750248	0	0	0.0430291541481326	0.0162196365815606	0.343688064272024	0.0106545334361324	0.240979385172204	0	0.034270581774836	0	0.0275392759388553	0	0	0.024	0.212373447840178	1.02890928116337
TCGA-59-2355-01	0	0	0	0	0	0.289409305939756	0	0.101947027600449	0.0525524846289579	0	0	0.0952882279040474	0.0364435883010773	0.117743820292996	0.0770237822910514	0.0588927255898306	0	0	0.166915964772931	0	0.00378307267890285	0	0.197	0.0769998901487871	1.06579521605958
TCGA-24-1604-01	0.00457050844303235	0	0.0917335920750115	0	0	0.284615120685258	0	0.0800622514729653	0.0545178511741277	0	0	0.0647295679753661	0.0322139861172271	0	0.0779196640327246	0.183582211841335	0	0.1022211033741	0.023834142808853	0	0	0	0.314	0.0541406164452374	1.06756392451237
TCGA-25-1319-01	0.0761525641266029	0	0.101299521464233	0.046935256220947	0	0.166418612707161	0	0.0600243191670269	0.0226172120485767	0	0.017228384962389	0.0182751085556936	0.0260792766604405	0.00931214493973444	0.113679634191296	0.307829196914895	0	0.0154550537823343	0.0186937142586706	0	0	0	0.198	0.0755368200496949	1.05439214890076
TCGA-24-1564-01	0.0208824347129831	0	0	0.01674045113638	0	0.105879647446986	0	0.0292828513472424	0.0220259208942968	0	0.00770975971385184	0.00321462830417232	0.00785661449879487	0.342318272778652	0.0627486054481631	0.362787086516474	0	0	0.0185537272020035	0	0	0	0.001	0.467961434414792	0.890916904958861
TCGA-57-1994-01	0.058618835280897	0	0.0250634393129938	0.0747201847509155	0	0.167262199291648	0	0.107611211068569	0.0655841656154638	0	0	0.0101044139305498	0	0.205845325414772	0.0611480360989066	0.224042189235284	0	0	0	0	0	0	0.0629999999999999	0.142193585482733	1.04035924634978
TCGA-04-1357-01	0.0404293211783756	0	0.0653575427184139	0.153793914150676	0	0.172930970991496	0	0.0774186089945223	0.0737918772557959	0	0.00375761736443305	0.0154117069204336	0.0114593205707161	0.0860496979177964	0.0727992711797398	0.213019775079268	0.0110279488061765	0	0.0027524268721572	0	0	0	0.00800000000000001	0.297629039798188	0.964531730347175
TCGA-29-1778-01	0.0432534147767508	0	0.0842728927629039	0.0589408685777998	0	0.259863138136004	0	0.0285779818887484	0.0819322813681715	0	0.0734127815000227	0.000596641650702302	0.0092645397584362	0.0706452517068393	0.0671284865013099	0.202865158493626	0	0.0192465628786853	0	0	0	0	0.079	0.126393104108862	1.03648504784032
TCGA-13-0899-01	0	0.0330176970794104	0.0286571653229658	0.0546352543736995	0	0.0679246303762731	0	0.123784940145847	0.0562642052049123	0	0	0.0550238254165839	0.020855867693923	0.240002492158284	0.0404833285200163	0.190954540915891	0.0240251586247394	0	0	0.0643708941674544	0	0	0.079	0.126564765393988	1.0478742593041
TCGA-24-2038-01	0.0493140301824956	0	0.026425923695405	0.00554955128917879	0	0.300141464334978	0	0.0105727406873084	0.0264908163244718	0	0	0.0618559363197045	0.0781817885583205	0.00938489480537973	0	0.342278220898597	0	0.0139590327451121	0.0726017679190707	0	0.00324383223997711	0	0.646	0.00841523521870869	1.0839792197918
TCGA-13-0800-01	0	0	0.142394895406594	0	0	0.137272844472151	0	0.251249900783873	0	0	0	0.0748281740996981	0.0595441277085077	0.107867189188392	0	0	0	0	0.226842868340784	0	0	0	0.763	-0.00540783456588099	1.08788219848281
TCGA-25-2399-01	0.108569605766696	0	0.00607894153570781	0.0640690855402761	0	0.189353882156371	0.0169230501566306	0.0377909667684072	0.0486228085380131	0	0.0098939667735008	0.0720497451498436	0.0178251345488526	0.108701162158564	0.0857596434063313	0.194539899365678	0	0	0.0388440860510109	0	0	0.000978022084116352	0.094	0.11500417132654	1.04453237345372
TCGA-24-1548-01	0	0.00493155336082661	0.120530144950052	0.0470406927772164	0	0.221298831760593	0	0.10012701991508	0.028478159988378	0	0.00981834139452762	0.0747848642817378	0.0722322602520515	0.115272284959755	0.0608027892214028	0.0463162517281301	0	0	0.0983668054102503	0	0	0	0.453	0.0318420759653527	1.06599352234004
TCGA-59-A5PD-01	0.0655918591520639	0	0.0155404870511273	0.00776196181055442	0	0.224196393804799	0	0.0724786497562443	0.0504517320698476	0	0.0278370595055732	0	0.00842479232903583	0.388694760925463	0.0605459450605001	0.0784763585347918	0	0	0	0	0	0	0.012	0.245826940270392	1.00645943010498
TCGA-25-2391-01	0	0	0.087259723246491	0.0327420116852932	0	0.235144006984155	0	0.0903625387654671	0	0	0	0.0976418946352339	0.0329316531632751	0	0.013506543121768	0.256624483438566	0	0.131797302468522	0	0	0	0.0219898424912284	0.315	0.0541218070639897	1.06720756917404
TCGA-29-2428-01	0.028900575665032	0	0.0285708167504751	0.118192343842134	0	0.0931803210940866	0	0.0774405333296472	0.0973450820493839	0	0.0185967176263996	0	0	0.176761145872007	0.109600844598353	0.251411619172482	0	0	0	0	0	0	0.01	0.270880956138917	0.982815503850876
TCGA-25-1314-01	0.0904298100704594	0	0.0691152751012879	0	0	0.205731645092165	0	0.0447690436067859	0.0567053041530485	0	0.0642590359149783	0	0.0399930914597184	0.0762665490920746	0.101819621721456	0.207805356774489	0	0	0.0431052670135363	0	0	0	0.424	0.0360227384834109	1.06456498613072
TCGA-25-2393-01	0.0880567930453203	0	0	0.0867529999234373	0	0.0732571477672701	0	0.0741535380966074	0.0280806303859503	0	0	0.0143151212316256	0.0179671728103383	0.328144281119292	0.0412173604547568	0.186276362070111	0	0	0	0.0432953034504837	0	0.0184832896448069	0.097	0.11234681244723	1.06868507613375
TCGA-23-2081-01	0.00987992387254005	0	0.0817752123364547	0	0	0.234886558846878	0	0.106355719946659	0.0630215746397027	0	0	0.0736303113070071	0.0110053396951555	0.161030407043218	0	0.0337343668118036	0	0.140517997332204	0.0841625881683775	0	0	0	0.423	0.0361859758782068	1.07177722652507
TCGA-29-1762-01	0	0.0118285942920872	0.049279297651295	0	0	0.29367328247887	0	0.029480887261882	0.0228146250178619	0	0.0480631643014081	0.0146179486113348	0.170180168528044	0.144000670077127	0	0.0463754923945049	0	0	0.155015340129617	0	0.0146705292559679	0	0.646	0.00876992187532312	1.07721928117498
TCGA-23-1123-01	0	0.0344153389893517	0.0207428906443516	0.0537146725748518	0	0.116474296590763	0	0.12424631517474	0.0315281212683679	0	0.0217861243697091	0.0110494508368807	0.0292599069769626	0.0480067288481241	0.156315927703781	0.321607452079508	0	0.00324881569802374	0	0.0276039582445845	0	0	0.037	0.175599397183087	1.02880992946275
TCGA-24-1435-01	0	0.00505437449079723	0.0405457632143953	0.0453641406639387	0	0.133842210163536	0	0.037313712489506	0.0555959962422107	0	0	0.0526805466040189	0.017998585525829	0.0599155313091778	0.169814628869142	0.337915710016507	0.00142312464230258	0	0.0425356757686386	0	0	0	0.034	0.186993318405832	1.02711623666987
TCGA-24-2026-01	0.0628491448027356	0	0.134694269286503	0.049036076048134	0	0.110509192317424	0	0.0964081567115599	0.0364895434503114	0	0.0217373830578384	0.0349693629400288	0.0252452432522635	0.108663875846169	0.109333876111395	0.210063876175637	0	0	0	0	0	0	0.097	0.112312136517244	1.03780584127652
TCGA-36-1575-01	0	0.0203686992843416	0.351906352362267	0	0	0.126995331670867	0	0.0982253150257523	0.0322651956030637	0	0	0.0535783972782135	0	0.146349034551346	0	0.0943273201702159	0	0.0131593870975937	0.0628249669563395	0	0	0	0.456	0.031746213303931	1.04796787487764
TCGA-10-0928-01	0.114475855439355	0	0.0978165575884512	0	0	0.165424730023543	0	0.0612243007532533	0.0747948949190575	0	0	0.0978938909458923	0.0144780479520579	0.148707641175113	0	0.153008200020578	0	0.0721758811826981	0	0	0	0	0.56	0.0179482655351223	1.07615146550453
TCGA-36-1568-01	0.0439867048011506	0	0.0595101570524366	0.051442978000429	0	0.174922039782332	0	0.0161026197445883	0.0673585265251845	0	0.0100534061164981	0.0229428270010434	0.006128920292645	0.209281431710469	0.0531721271339159	0.257610388806991	0	0	0.0274878730323173	0	0	0	0.013	0.240650561444065	0.992615489878439
TCGA-36-1576-01	0.0140480458276561	0	0	0.0603790240153635	0	0.119473851700022	0	0.068949948426399	0.0474051842826095	0	0.00277689601070057	0.0281499451337139	0.0463929122552653	0.216525796608377	0.0701004770783593	0.283925576986322	0.00582240859048526	0	0.0360499330847258	0	0	0	0.025	0.208526282743472	1.01407066596703
TCGA-24-1463-01	0	0.00548318711268689	0.00352175818728507	0	0	0.157430544610963	0	0.0772529747067744	0.00157190149085516	0	0	0.0342072900611008	0	0.378136080265379	0.0808263658772231	0.245517549321642	0.00337666502175823	0	0.0126756833443319	0	0	0	0.05	0.155731907507761	1.06895126031003
TCGA-57-1993-01	0.000766594094726685	0.00569211308091236	0.0419217578431454	0	0	0.370831944875092	0	0.0311302070911534	0.108761635668198	0	0.100910082807358	0	0.0259528419141744	0.221520695693504	0.000693709493157512	0.0612733496998976	0	0	0.026207693408164	0	0	0.00433737433051684	0.345	0.0483090951795131	1.08722593377279
TCGA-24-2036-01	0	0	0.0987298440488941	0	0	0.219330689718455	0	0.123153649646464	0.016320905443461	0	0.00776780789398969	0.0303809966481027	0.0285893396803972	0.216911749283098	0	0.183710697878888	0	0	0.0751043197582502	0	0	0	0.369	0.0433897495009681	1.07103033980487
TCGA-13-1403-01	0	0.00796331253990447	0.0084864938971865	0	0	0.397240799450116	0	0.127811262622987	0.0607413630533503	0	0.0191710411915295	0.0641320911960409	0.0418843158418782	0.0275382892950462	0	0.0567958342232876	0	0.163513062005798	0.0208663010803966	0	0.00385583360247914	0	0.362	0.0441598156560005	1.09739926366023
TCGA-09-0369-01	0.0137783834569542	0	0.00118509314270867	0	0	0.143433507573532	0	0.00448102244124299	0.0223407627069479	0	0.0605389069416115	0	0	0.342078242839695	0.0191979318880294	0.374612721323865	0	0	0.0183534276854135	0	0	0	0.11	0.107922631717716	1.10102363436503
TCGA-24-1103-01	0	0	0.12731407131855	0.0833356865178497	0	0.0524028515226213	0	0.0957429191038516	0.0964028750859823	0	0	0.0276132006837774	0.0596755366536105	0.164178011871299	0.0292112096830009	0	0	0.0305150271100169	0.223844316641512	0	0.00976429380792807	0	0.505	0.0251427962690987	1.06547775902041
TCGA-25-1871-01	0	0.0024150080232431	0.0912441992517115	0	0	0.393887529762279	0	0.170646388154476	0.0264829733593971	0	0	0.0995517712852494	0.10137654534877	0.0627196263119977	0.01050912909056	0.00811179338058297	0.00974070069654503	0	0.023314335335189	0	0	0	0.427	0.0353818993480069	1.0968680587296
TCGA-23-1029-01	0.129248290221248	0	0.158134126582507	0	0	0.147939307788307	0	0.010285825175324	0.00617654482913144	0	0	0.0822732339976704	0.0311124650308613	0.0209290581700484	0.026817490929886	0.200164544319105	0	0.177582171538706	0.00799083089097414	0	0	0.00134611052623159	0.294	0.0574229205416335	1.05602649915749
TCGA-25-1630-01	0.00112922840159995	0.010212270723012	0.00388592289357039	0	0	0.175644646206027	0	0.00571487171197046	0.085915295434605	0	0	0.0776753266174288	0	0.378632278115802	0.00530095138964274	0.161023597980185	0	0	0	0.0196665016714981	0	0.075199108854658	0.004	0.34880064604583	0.958791618462735
TCGA-25-1634-01	0.139350595019017	0	0.283138132881529	0	0	0.0854208323237964	0	0.0276219766854313	0.00213828253795228	0	0	0.0532478635112845	0.0190459118324542	0.21643612133337	0.00423828342678665	0.169362000448379	0	0	0	0	0	0	0.803	-0.0106449718203849	1.08036686378754
TCGA-61-1721-01	0.00569583931898418	0	0.0155591279950782	0.0658130191999066	0	0.204922465511729	0	0.00852348803634508	0.00144582913759169	0	0.0501293041196938	0.00687906827009445	0.0346601948594837	0	0	0.489669452410947	0	0	0.116702211140146	0	0	0	0.056	0.149044149845886	1.03846973319466
TCGA-24-1413-01	0.0648933321845304	0	0.146011465686032	0	0	0.0930257272349659	0	0.0741833562728364	0.0130544869674551	0	0	0.0319300404473728	0.0171596552105996	0.141158059399084	0.0280446596469716	0.249879022705538	0	0.131699210166102	0	0	0	0.00896098407851174	0.095	0.113190317372568	1.03864060360645
TCGA-25-1323-01	0	0.0674258075939546	0.0462453446066112	0	0	0.465247908904149	0	0.154509791226131	0.00534540525277742	0	0.00764585420087491	0.0380275950608905	0.0824722117435394	0.0988573179160686	0	0.00453040015082901	0	0	0.0167888124572053	0	0	0.0129035508869692	0.418	0.0371218280531131	1.09983674893443
TCGA-61-2110-01	0	0	0.0688258384232686	0	0	0.263167775796357	0	0.125676547082096	0.0554594438293162	0	0.0168895349799806	0.0491019738485456	0.109076654915714	0.15321463373849	0	0.12015842462254	0	0	0.0252148467630467	0	0.0132143260006455	0	0.37	0.0433070729886773	1.07116381261508
TCGA-61-2109-01	0	0.0185288632953289	0.00145698029015449	0	0	0.371471450907669	0	0.0182266579264297	0.128708846880105	0	0.022797686213701	0.0591730783649053	0.0514245941293084	0.254061203280309	0.00410463941460382	0.0678374219439667	0	0	0	0.00220857735351851	0	0	0.164	0.0850439689712799	1.07984731401918
TCGA-04-1514-01	0	0	0.0634614484148289	0	0	0.245770048815861	0	0.164302537038571	0.0861776762941871	0	0	0.087337999905493	0.0935962085610433	0.184701861196339	0	0	0	0	0.0746522197736773	0	0	0	0.536	0.0197065921456787	1.08886014086071
TCGA-VG-A8LO-01	0.10977917080131	0	0	0.0257668762213895	0	0.172066452530578	0	0.170125925460783	0.0804029959515163	0	0.0548226192438012	0	0.00327907495995748	0.148827761066202	0.00785894982096441	0.0433418482682716	0	0.131629059253465	0	0.0520992664217619	0	0	0.356	0.0454619639120381	1.07698167214999
TCGA-24-1549-01	0.00566847581776847	0	0.0588701477980106	0.085977476283828	0	0.0745911724163013	0	0.0728850215844299	0.0580223660697294	0	0.033064208633489	0.103735555314002	0.0595324496260965	0.227871486794621	0.10516687285029	0.0702088492652475	0	0.000992269616705682	0.0312773578405481	0	0.0121362900889322	0	0.053	0.149399940044714	1.03919725839361
TCGA-29-1784-01	0.0547616943128125	0	0.0757257463185111	0.0356023495668237	0	0.217161217597591	0	0.0554291064042109	0.0421330973005473	0	0.00450547290584348	0.00272051113502064	0.0249270751649861	0.069434766742135	0.121079783371709	0.288015214794882	0	0	0.00850396438492775	0	0	0	0.01	0.261629634998839	0.980683026028854
TCGA-13-A5FT-01	0.182868731960886	0	0.103665822426422	0	0	0.0476799933608555	0	0.130090604248265	0.0111705572695403	0	0	0.0349047085729522	0.0153551920031683	0.0959991402182194	0.0529158416641479	0.0854950519941154	0	0.235902674177507	0.00395168210391991	0	0	0	0.254	0.0646621002323887	1.06943743894969
TCGA-61-1736-01	0.0232234973756685	0	0.0173399096633434	0.0413273998252106	0	0.225284129306787	0	0.0632544905566794	0.0162891823876157	0	0.0258021058885865	0.0430108458566795	0.0745643957174955	0	0.0127397549944125	0.359611079885884	0	0.0965095438719789	0	0.00104366466965836	0	0	0.465	0.0309344307825068	1.08124063154303
TCGA-OY-A56P-01	0.140176578527905	0	0.144829961325139	0	0	0.0298264112471238	0	0.0994027741832745	0	0	0	0.0676152413794474	0	0.245635527163975	0	0	0	0.238158412373785	0.0343550937993509	0	0	0	0.425	0.0357877975256115	1.08099471165699
TCGA-29-1690-01	0.0338401573060271	0	0.00325082526552048	0.0529395313147968	0	0.190882414291137	0	0.0118578010226964	0.071339170640104	0	0.0153860257692953	0.00395543772605916	0.140819309828248	0.156366121347482	0	0.255197323329433	0	0.0497776657520081	0	0.0143882164071922	0	0	0.023	0.215787438078419	1.00439867015428
TCGA-29-1761-01	0.0378985868381024	0	0	0.0753985269953428	0	0.0917885084547987	0	0.0738848852309534	0.0544865278591032	0	0	0.0293506011282242	0.00129658092068051	0.220720657448989	0.0708200209865398	0.320323291190848	0	0	0.0240318129464177	0	0	0	0.028	0.20009704773462	1.02165248414147
TCGA-24-2281-01	0.0133670756008088	0	0.0109458507577364	0.0465601671716243	0	0.0910939904995226	0	0.101842050105114	0.0865604136169136	0	0.0035512328883925	0.0359830703152863	0.0309764157719644	0.401991316538179	0.0529868785098181	0.121349910218527	0	0	0.00279162800611284	0	0	0	0.00700000000000001	0.319468627244657	0.971406728848039
TCGA-61-1738-01	0	0.0861328021381638	0.0822831589256344	0	0	0.0946801660672492	0	0.0845716048516711	0.026792501359102	0	0	0.0424051796594384	0.0313260392963243	0.0666728853543009	0.0118658614606606	0.077667036537407	0	0.291694058167917	0.086779628824509	0	0.00172740425838686	0.015401673099235	0.087	0.121458555665411	1.04114263826001
TCGA-25-2400-01	0.136911856515614	0	0.10038035845948	0	0	0.134040180171659	0	0.0796886822838917	0	0	0	0.0251883622764074	0.0855118842222881	0	0.0633855434307133	0.308389966048593	0	0.0665031665913542	0	0	0	0	0.517	0.0233926906018753	1.06997272767754
TCGA-61-2098-01	0	0.00400312990153461	0.0561084029116798	0	0	0.370829348478301	0	0.160464848950153	0	0	0	0.0954138952886868	0.0482367553661751	0.162489798458148	0.00508234537565558	0.0283260754062437	0	0	0.0622709481222681	0	0.00677445174115336	0	0.492	0.0271561795180644	1.09455440492552
TCGA-59-2363-01	0.0594709099751834	0.00739753794445838	0	0.0537669715347336	0	0.0720098476666045	0	0.125773524420699	0.0590870963118062	0	0	0.0743173993252378	0.0473727476899799	0.144423159684892	0.066518739133402	0.186337483538246	0	0.0862325897036259	0	0	0	0.0172919930711303	0.697	0.00224278726778101	1.09502399388479
TCGA-24-1567-01	0.0230275608055956	0	0.167937442626654	0.0321665486735906	0	0.161163964452608	0	0.105738050514109	0.0149503617781664	0	0	0.117857420999755	0	0.312178801334088	0	0.00751066037013894	0	0	0.0266045691275168	0	0.0308646193177778	0	0.528	0.0207475482624093	1.09118015768642
TCGA-61-1918-01	0.0303786990232071	0	0.0282112017983001	0.0228515226833006	0	0.17622505133534	0	0.0595986305977133	0.0723527477408604	0	0.0107547993089249	0.0277646740178143	0.0344161332454231	0.0921553443059007	0.0930814924928894	0.289465570251093	0.0372169493492609	0	0.0255271838499728	0	0	0	0.109	0.108234037115975	1.04639030091484
TCGA-36-1574-01	0.0416236309596774	0	0.0377920893798336	0	0	0.24502162072928	0	0.0636536193414765	0.0147902671977995	0.0233014636129004	0.0216187586115726	0	0.000203725246992335	0.245076618587117	0.160120745657814	0.103480857174664	0	0.0433166035008737	0	0	0	0	0.028	0.202837496116537	1.02482083772464
TCGA-24-2023-01	0.0629079275867523	0	0.0171729207552456	0.0551701247986954	0	0.13216030642038	0	0.0686719780158478	0.0711756261419751	0	0.0412409752488931	0.0425569064172229	0.0237014857747938	0	0.0864463301519297	0.274271790612907	0	0.122752562075312	0	0	0	0.00177106600004574	0.204	0.0734189251491148	1.06805617300801
TCGA-13-1511-01	0	0.0168069250406149	0.0237159953574049	0.034814687716148	0	0.107933534165342	0	0.023518055863749	0.0823094297736048	0	0	0.110933464732721	0.0165869052670247	0.118856279899724	0	0.167916240165043	0	0.259625360664243	0.0262201522020383	0	0	0.0107629691523423	0.167	0.0844334781639615	1.0729949612487
TCGA-25-1318-01	0	0	0.0912056125405499	0	0	0.160058538695018	0	0.041379332411672	0.0207289469661883	0	0	0.0329309267443811	0.00418106682675263	0.245202555682751	0.0359620498708963	0.323829364066822	0	0	0	0.044521606194969	0	0	0.079	0.126866442126092	1.05750199996873
TCGA-25-2392-01	0.0494881206044019	0	0.0300414434539872	0.0013188034693219	0	0.109120243768895	0	0.0331842104328992	0.0159758035376576	0	0.0138786904101	0	0.131990669543286	0	0.0373747898141916	0.550606888236712	0	0	0.0270203367285474	0	0	0	0.172	0.0829737112213571	1.08227664520868
TCGA-24-1474-01	0	0.0327217873714653	0.0458251706831497	0	0	0.334693372864776	0	0.0232552889147005	0.00319464630734648	0	0	0.0524764309652981	0.0593802856246593	0.0724506468236798	0.0270484972043723	0.141421464876904	0	0	0.19985243848925	0	4.69601499620476e-05	0.00763300972443628	0.356	0.0462229713979827	1.0632293062231
TCGA-24-1846-01	0.0359050791922688	0	0	0.0232124663677244	0	0.0893596389925977	0	0.0374611436848429	0.0634559034383634	0	0.0076001999060491	0.0337112577935642	0	0.369695361291133	0.0887309383328922	0.236672722707933	0	0	0.0141952882926317	0	0	0	0.00900000000000001	0.275066869318446	1.00076433739404
TCGA-09-1659-01	0.00901072613615337	0	0.0952081812722477	0.0668294893597379	0	0.082932883140519	0	0.0145382857565136	0.0499084440216265	0	0	0.0545813281386013	0.0387480915743276	0.227847284164235	0.00137189979725853	0.276440552012222	0	0.0713891718490443	0.0111936627775132	0	0	0	0.052	0.152248523418424	1.03623205691989
TCGA-24-2027-01	0	0.0120786342800232	0.0600403564035255	0	0	0.392456241084388	0	0.0924898749154358	0	0	0	0.0305573267422355	0.0518652674007548	0.125635843902327	0.0016492052405784	0.0161825835553061	0.00241479043246317	0	0.210811954848221	0	0.00381792119474179	0	0.952	-0.0329629618311488	1.10818088780903
TCGA-29-1693-01	0	0	0.0104752606091799	0.0380399369657759	0	0.303703412490948	0	0.0710300278433707	0.0121100123726336	0	0	0.0530106060197119	0.0600222997254096	0.117856794464077	0.0429338522983684	0.0482034809064117	0	0.147968155410774	0.0808650172609215	0	0.0137811436324166	0	0.203	0.0740025260868281	1.06417873256498
TCGA-20-1682-01	0.0151060244132756	0.0108990761720733	0.0241621424743929	0	0	0.355689740658018	0	0.115119167443154	0.000724288146755768	0	0	0.0356443261655917	0.0447537508442397	0.119116608343188	0.0764176273506107	0.121913618610828	0	0	0.0804536293778725	0	0	0	0.135	0.0985406139980241	1.05045546637678
TCGA-09-0366-01	0.000134686690827375	0.00777232203293332	0.0081286543168564	0	0	0.186082963036768	0	0.0508881311893286	0.0172437194985148	0	0.0155522596905717	0.057900817911526	0.120242804171016	0	0	0.482014242983585	0	0.00719263019232978	0	0.0311025437586928	0	0.01574422452705	0.037	0.175314708288565	1.03266781476363
TCGA-24-1434-01	0.0452937407051121	0	0.0174755342753237	0.0165150346448078	0	0.185185930258885	0	0.0200785882280353	0.0237887349640421	0	0	0.0304036931136264	0.0795742867437877	0.0112593165869998	0.0649353402183538	0.438333412778441	0	0	0	0.0671563874825848	0	0	0.108	0.108640015898368	1.05584363723568
TCGA-61-2003-01	0.00670401001346238	0	0	0.037168059107128	0	0.149226172993677	0	0.0343223178385228	0.0497205989231268	0	0.00202428595464011	0.02338057657602	0.0156813734482428	0.372579483683017	0.0410933008864966	0.251584222446556	0.00327588445881504	0	0.0132397136702963	0	0	0	0.00600000000000001	0.326817054100065	0.972100642115353
TCGA-24-1545-01	0.0450565767119939	0	0.150524657659756	0.086062580395295	0	0.204145973447551	0.009367588721114	0.0556825878829786	0.0494764466160925	0	0.0232637746001394	0	0.0310122958925	0	0.122368704941658	0.195934611393919	0	0.00401081879611304	0.0169880742109354	0	0	0.00610530872995544	0.069	0.13338305680485	1.0290917004912
TCGA-61-2012-01	0	0.0279516203859713	0.112794357562632	0.0994727736523477	0	0.130460293635774	0	0.0386806648698932	0.0899460483848156	0	0	0.021876077476129	0	0.27603660708272	0.132736507945868	0.0589740590497187	0	0	0	0	0	0.01107098995413	0.028	0.203818633053462	1.01514820817566
TCGA-25-1632-01	0	0.00996314223772242	0.0726798968066745	0	0	0.202013536409762	0	0.172131958620434	0.0233480851965923	0	0	0.0652657728115627	0.0992261233342952	0.194334948668687	0.000790542818081119	0.0799231206129579	0	0	0.0682145633982008	0	0.0121083090850299	0	0.485	0.028483875412762	1.07398302704452
TCGA-24-2267-01	0.00303984062493866	0.0272744327001036	0.0618275106044856	0.0628528815708451	0	0.148727940009595	0	0.0690934899905651	0.0784026158349313	0	0.0139278387518266	0	0.0208799043696263	0.234517357853436	0.10290951776258	0.151747507294328	0	0.000529263972293182	0.0242698986604454	0	0	0	0.011	0.250406213114559	0.98850185737708
TCGA-24-2261-01	0.0129941280976181	0	0	0.0559533884515748	0	0.257545577710966	0	0.0580333265773021	0.060452011016862	0	0.041830214346073	0.00512692249722911	0.0369262312548272	0.051054504583556	0.124627436516111	0.196200070563205	0.00519543904903109	0	0.0940607493356449	0	0	0	0.071	0.132774579324423	1.03879896532774
TCGA-25-1316-01	0	0.00138899152737767	0.0028266890444752	0.214497517765122	0	0.0545000586511187	0	0.104928692135791	0.00907563156874922	0	0	0.0639790296919425	0.0331394152692757	0.0771294229485677	0.0788655145356549	0.127421403126515	0	0	0.229810945844436	0	0.00243668789097406	0	0.427	0.0353843678405841	1.08366642721974
TCGA-09-1668-01	0.0788953026286936	0	0.00423823818689416	0	0	0.21017138413882	0.0139968645621213	0.0833459359610772	0.058874025509321	0	0.0391293271152622	0	0	0.247489280269612	0.119259432207911	0.082262267225748	0	0.0583299061072661	0.00400803608727347	0	0	0	0.189	0.0789790530598935	1.07497224036027
TCGA-29-1770-02	0.0850968387632411	0	0.0863846068958023	0	0	0.10207195884469	0.000136490854237513	0.0616266471962215	0	0	0.0664391908084915	0.0733272110361621	0.0143158646168666	0.00647903505757297	0.0190921808142897	0.309327107868763	0	0.112525402036959	0.0631774652067017	0	0	0	0.795	-0.00990734380514767	1.08300445652713
TCGA-61-1733-01	0.0071635281152187	0	0.140699627996691	0.108507609739186	0	0.0990891397465066	0	0.0876483450143671	0.0321031651194911	0	0	0.0447746951419121	0.0252330390343662	0.0367782039317895	0.0480303727650028	0.367694562008405	0	0	0	0.00227771138706341	0	0	0.477	0.0293422986425729	1.07323369545883
TCGA-3P-A9WA-01	0.0215958316231467	0	0.0232942182238135	0	0	0.193215444714091	0	0.095586861008721	0.0823896495272662	0	0	0.0275068745823739	0.0151350163140134	0.264791962155358	0.0458190702646209	0.161746353851986	0	0.0667112440636447	0	0.00220747367096405	0	0	0.353	0.046556511898152	1.0867240421582
TCGA-24-1425-01	0.079806873928845	0	0.00728855305932991	0.00863121553272438	0	0.153117083930962	0	0.0140901207617173	0.0434622339238654	0	0.056881919391261	0	0	0.266403917767179	0.0614051801576115	0.303108151951202	0	0.00126229958810276	0.00454245000719938	0	0	0	0.104	0.110543118475334	1.06864492228029
TCGA-29-1691-01	0.181314872152191	0	0.0631611084705734	0.0516567835107866	0	0.110881706035538	0	0.0182573581416869	0.0712905116623491	0	0.0179768767810954	0.00396649826016349	0.0192683041615092	0	0.0752961394871874	0.382884907046397	0	0	0.0040449342905218	0	0	0	0.357	0.0449749753047945	1.07149973336578
TCGA-61-2101-01	0.0901870600453401	0	0.112254628884997	0	0	0.18970714076768	0	0.0239936167027509	0.0505317624098877	0	0.0287646088845586	0	0	0.118437513124164	0.060553875091365	0.244398440070569	0.0451457144246155	0	0.0360256395940722	0	0	0	0.267	0.0617408905073819	1.05180844396274
TCGA-59-2352-01	0.0220490323589922	0	0.194859791353311	0.0418920015360989	0	0.0879891073985218	0	0.0606749084098411	0.0578173766942244	0	0	0.043554506676694	0.00195117990399615	0.209983474775192	0.148110121457131	0.105075300085351	0	0	0.0260431993506465	0	0	0	0.053	0.150181796500054	1.0294264536831
TCGA-OY-A56Q-01	0.141103024033959	0	0.246952584696971	0	0	0.0117174092968362	0	0.132745570966231	0	0	0	0.0760904908801717	0.00260704380345523	0.0453796054892878	0	0.270569453989094	0	0.0118507423245676	0.0609840745194263	0	0	0	0.772	-0.00657483665312028	1.06669379078807
TCGA-04-1365-01	0.0503528298712392	0	0.0483614286528728	0.10997498958951	0	0.14911946136703	0	0.0885282166584528	0.0744063394900887	0	0.0253510458310868	0.0134074457674726	0.0392564155497327	0.129619274751768	0.110919933223299	0.160702619247448	0	0	0	0	0	0	0.017	0.222177018409836	0.999730976456904
TCGA-24-1563-01	0	0.00335810527920853	0.0397649737421717	0	0	0.268788750518597	0	0.0104317477288291	0.0280185934353884	0	0	0.04993701025892	0.00696173589572841	0.158724750426773	0.0392474359235769	0.288244677476185	0	0.0303084190802536	0	0.0698029879989785	0	0.00641081223539011	0.442	0.0338619966585447	1.08771647097346
TCGA-13-0897-01	0.0134778499729968	0	0.0385057297688551	0.0828892721623406	0	0.169207260460296	0	0.0798031501273472	0.0811862882652635	0	0.0212453575479708	0.0325940474754184	0.0058173561848355	0.0222580590722138	0.143719358639223	0.25930410571368	0	0.0267323633576781	0.0232598012518819	0	0	0	0.038	0.172841349025682	1.02803714064839
TCGA-24-2019-01	0.0687175599774946	0	0.101373726644925	0.0919354463109698	0	0.138268910929282	0	0.151643764031236	0.00720146777399171	0	0	0.0411591621352232	0.0309548361091119	0.0525194490186272	0.112202850920632	0.154071760214063	0	0	0.0499510659344436	0	0	0	0.405	0.0384385823452794	1.06688841879448
TCGA-36-1578-01	0.0381784901361875	0	0.0539531655586075	0.0950323331274626	0	0.14619846854226	0	0.0620501102888994	0.0541572667931631	0	0.0404667820832188	0	0	0.138946350852726	0.129468408287178	0.182555223036272	0	0.0275639879350681	0.019150512978801	0	0	0.0122789003801565	0.038	0.171871829787617	1.02373294154003
TCGA-61-2016-01	0.0993553928422473	0	0.0319962481761882	0.0212228624408567	0	0.221992829242578	0	0.054289739193466	0.0369018422974377	0	0	0.0459941425424598	0.00978045898451464	0	0.0383157412766686	0.356951746531149	0	0.0626186004170158	0.0205803960554184	0	0	0	0.296	0.0570215450689887	1.06481062078115
TCGA-13-1498-01	0	0.0317448050031252	0	0.076198547558161	0	0.132539096679188	0	0.0659791574156301	0.110158188191033	0	0	0.0970035762294733	0.043934389358824	0.207446127939697	0.107350774515872	0.127645337108995	0	0	0	0	0	0	0.024	0.213739182247391	1.01383751639158
TCGA-24-1842-01	0.00427333289870641	0	0.0515528124724325	0.108198862333618	0	0.155347874583979	0	0.0487701187971805	0.0587294435873378	0	0.035587219425839	0.0149217096795857	0.0157686747387357	0.285370912306918	0.0753327952714604	0.135502594532924	0	0	0.0106436493712832	0	0	0	0.012	0.243524338501025	0.997608330913009
TCGA-13-1405-01	0.0148742466469116	0.00191964102910362	0.0138549214482572	0.144764526826745	0	0.156856502862164	0	0.17613422826905	0.0148526137011441	0	0.0406596264150942	0.0270843438259248	0.0285912942571016	0.145041126873288	0.0466731854569352	0.081040449796816	0	0.0110015114944747	0.09665178109699	0	0	0	0.204	0.0730548096266387	1.06608697696464
TCGA-24-2298-01	0.0429103884876097	0	0.0950507928245956	0.0367407601836515	0	0.137613065351124	0	0.060973202297099	0.0184780659612929	0	0.0217230077783118	0.0137126091796798	0	0.172052784685565	0.0107152583672894	0.189887317074236	0	0.178168577058531	0	0.021537266998171	0	0.000436903752843923	0.19	0.0784453346817476	1.05907366687416
TCGA-25-1328-01	0	0.0125841180278926	0.0168246555206902	0.0786264335801523	0	0.271263478562145	0	0.0376712155221139	0.0240365997830797	0	0	0.0958173624187976	0.0987267482603981	0.2115748822486	0	0.112400305500444	0	0	0.0244711874208119	0	0.0160030131548746	0	0.2	0.0753183760050579	1.07296584016943
TCGA-30-1860-01	0.0702056218549972	0	0.113373739754954	0.150361992250027	0	0.126929803274254	0	0.0871733642017692	0.03555215645055	0	0.0479902405152336	0.0161546619629235	0.0253514352642934	0.0210490369184448	0.144703379437438	0.161154568115116	0	0	0	0	0	0	0.00800000000000001	0.30081355982617	0.964898614128966
TCGA-25-1631-01	0.0534851068301206	0	0.102674716203072	0	0	0.266185463596478	0	0.0202766410122537	0.029950789186788	0	0	0.0279794411353487	0.0196743403068934	0.14357684503633	0	0.170223896143835	0	0.101310471383265	0.0646622891656153	0	0	0	0.313	0.0544343238029148	1.05480043059762
TCGA-13-0893-01	0.0654525796310535	0	0.0893599864988924	0.116486253243827	0	0.105432593958615	0	0.0239847012339959	0.0769259292682473	0	0.0374492177200743	0.0391525847937339	0.00844508713440316	0.0154254044115791	0.0880268240348068	0.175129717837924	0	0.110191657141405	0.0485374630914418	0	0	0	0.105	0.109731690169197	1.04247178804018
TCGA-23-1122-01	0	0.0278784605517175	0.0331501518693022	0	0	0.137767163872414	0	0.0685451254535946	0.11300085571509	0	0.024455168520478	0.0391047892038346	0.0524531335917357	0.249277754673431	0.0345025815112598	0.069200395083584	0.00176224620480393	0	0.148902173748755	0	0	0	0.342	0.0487311575072473	1.06767369766331
TCGA-13-2060-01	0	0.0102820154728039	0	0.104357462078086	0	0.0713670361574023	0	0.134471464001816	0.00821882424445219	0	0	0.0558435441720732	0.0455542317419368	0.0781653312727484	0.243763103046057	0.151093747039491	0.00692747085900109	0	0.0817839252025832	0	0.00817184471154812	0	0.00800000000000001	0.307164391722418	0.979191299742991
TCGA-13-0890-01	0.0641431584574032	0	0.0459577152793419	0.0719078487104889	0	0.120246604473182	0	0.0542989895226042	0.090056352841595	0	0	0.0587251858642711	0.0332984654644639	0.0634600359092471	0.0942785245216366	0.238957403874534	0	0	0.0646697150812323	0	0	0	0.111	0.107577487449825	1.04081274544104
TCGA-59-2350-01	0	0	0.0693191880335335	0	0	0.277260905057831	0	0.0490677433402708	0.0746161970536977	0	0.0611008337990211	0	0.030806810794146	0.254663950778469	0.0447400852172971	0.0235787082042018	0	0.00939479558551666	0.104630227280796	0	0	0.000820554855218924	0.165	0.0846840158588811	1.05520547102257
TCGA-WR-A838-01	0.0900200644631737	0	0.179926283088323	0	0	0.164029930895967	0	0.142924450856507	0	0	0	0.104328618730971	0.0176426066882569	0.0609976575844526	0	0.0346340725967221	0	0.205496315095627	0	0	0	0	0.749	-0.00400724488026835	1.08667481799483
TCGA-24-1467-01	0.0705460848643621	0	0.162651203515853	0.0498104405945415	0	0.196004037327241	0	0.0788453196469174	0.02435492366273	0	0	0.0226124935481661	0.0255306313762901	0.000113280575313863	0.102400979268545	0.263746201619654	0	0	0	0	0	0.00338440400038558	0.653	0.00718257289192516	1.07518466091719
TCGA-09-1673-01	0.0554291710528515	0	0.0707320901160405	0	0	0.171083602618671	0	0.127160991829861	0	0	0.0252083364359297	0.012807751305193	0.0790080587917325	0	0.000884932316108611	0.333621872765127	0	0.124063192768485	0	0	0	0	0.518	0.0229558045376002	1.07264062029056
TCGA-24-1544-01	0.00187513444633394	0.00030955769629751	0.0416876408906144	0	0	0.11494174849971	0	0.0295650462331101	0.117937545915762	0	0.0305235852785436	0	0.00526197879290845	0.373943304019541	0	0	0	0.0231867860415283	0.250156598455288	0	0.0106110737303632	0	0.147	0.0936650517530788	1.07454118221185
TCGA-04-1364-01	0.334445626106529	0	0.210629303966239	0	0	0.0815049092109412	0	0.0369229281929818	0.0112974634857642	0	0.0048169911049093	0	0	0.223609872884505	0	0.0967729050481309	0	0	0	0	0	0	0.594	0.0133992541873376	1.08980131881637
TCGA-61-2102-01	0.00155662212859335	0.00519016450658973	0.000852653804067006	0	0	0.16221440269887	0	0.00134683419589841	0.0527330921851724	0	0.0309953758887364	0.0161713050761658	0	0.378693832681778	0.0114497717571998	0.285275715538736	0	0	0.0535202295381931	0	0	0	0.409	0.0378501566392115	1.12976878543243
TCGA-24-1550-01	0.049036132494584	0	0.0578061131765525	0	0	0.0800378602679726	0	0.0357195965824657	0.018228851985259	0.00676006711155874	0	0.00898916948452056	0	0.347794197899742	0.0472972865409466	0.340732229128306	0	0	0.00224544448529664	0	0	0.00535305084279534	0	0.557094206711229	0.830366213080401
TCGA-24-1419-01	0.193395673016622	0	0.308446513945135	0	0.0149066424687878	0.0942046080979985	0	0.0652530481712841	0.0341361186492656	0	0	0.0718854834155046	0.0293148998218496	0.112092903876174	0.00310559328762611	0.0245078308647884	0	0.0259475529024433	0.0228031314825212	0	0	0	0.617	0.0116064502574684	1.06028389216189
TCGA-24-1849-01	0.0409913287917772	0	0.0266355302922304	0.061801235380683	0	0.28209733969771	0	0.0870762844608225	0.0368404506742671	0	0.0197056075146711	0.0332117088515211	0.12141132946165	0.0248318133917363	0.0558040199933735	0.17291527909263	0	0	0.0366780723969286	0	0	0	0.0590000000000001	0.144725444001419	1.02943488940075
TCGA-25-1320-01	0.0294368367849698	0	0.0104412089650834	0.0381555053125582	0	0.226650291362628	0	0.0304989908949955	0.012656440309801	0	0	0.0579865065918871	0.0259127804273431	0.299867804479113	0.00595551959161863	0.215296422523008	0	0.0357756114549544	0.0113660813020394	0	0	0	0.111	0.107658183109666	1.06980219860747
TCGA-30-1861-01	0	0	0.0730948242829581	0	0	0.600542118242353	0	0.0370321805159012	0	0	0.0549496219913948	0.00169558068525063	0.103590305846685	0.096623437876301	0	0	0	0	0.023340064936142	0	0.00913186562301338	0	0.476	0.0294560407918872	1.10781715346287
TCGA-13-1410-01	0.108965037519436	0	0.0720719355954371	0.0314622170906669	0	0.112222395787445	0	0.0873664784324284	0.0455070372984082	0	0.0513073431579165	0	0.0150075877290863	0.0562358876098358	0.132601394783572	0.214549530572947	0	0.071603329876227	0.00109982454659301	0	0	0	0.049	0.158388860726309	1.02688016283234
TCGA-25-1627-01	0.0387040176768837	0.0182455159565392	0.0748035007481987	0.00778623968345336	0	0.144174993544676	0	0.049318780278971	0.039958711735144	0	0	0.0998196146595497	0.0138395907860286	0.21974677973993	0.020801187236849	0.257480265870719	0.00230525166129877	0.0100412197354371	0	0	0	0.00297433068632217	0.307	0.0553476833540962	1.07824946673761
TCGA-30-1857-01	0.0123291835029394	0	0	0.0725752639421766	0	0.177139946359693	0	0.0211778780217545	0.0855174202291682	0	0.0123368605730474	0.0185669263731541	0.0134596743867812	0.220601694392743	0.0882729618349685	0.255140919653395	0	0	0.0228812707301789	0	0	0	0.012	0.245395301638928	0.99795940504591
TCGA-13-0920-01	0.00107178722463405	0	0.237936786710271	0	0	0.244144231490713	0	0.14001473229303	0	0	0	0.0663043695735127	0.0199514031205279	0.0777339116183025	0.141642795173381	0.0185704498444617	0	0.000897652513044593	0.0517318804381223	0	0	0	0.587	0.0145104135000873	1.08013706796528
TCGA-09-0367-01	0.0304894728155217	0	0.0672536427718347	0.0622328096228913	0	0.170082856268163	0	0.0273416000769686	0.103768441365323	0	0.0271519265103402	0.0360009866336308	0.0135805153075536	0.0818025737136473	0.0769818398498586	0.256614394817908	0.0245444965578929	0	0	0.0216374747186889	0	0.000516968969777338	0.093	0.115824643258867	1.04042020489743
TCGA-24-1416-01	0.0006302801068957	0	0.109370421263342	0	0	0.444298706840076	0	0.109502837573782	0	0	0	0.082549817948016	0.0738944427408705	0.024388614283907	0	0.117224623292606	0	0.0242242135758333	0.0111338246623875	0	0.00278221771228392	0	0.157	0.0882118399982223	1.06439057520701
TCGA-24-0975-01	0.0392205536609766	0	0.0307976104587124	0.0875426843101506	0	0.231271140612691	0	0.0237853667201033	0.0804379831930018	0	0.0268969769181048	0.0181890539667273	0.0488656387046494	0.0566330334095215	0.061598736744459	0.278798158300427	0	0.00289929026796348	0.013063772732512	0	0	0	0.282	0.0590442377469677	1.06701782515995
TCGA-24-2293-01	0.0208798504294532	0	0	0.0483107315086109	0	0.183926641820611	0	0.0284336289583107	0.0886234650081531	0	0.0122077701899159	0.00478400962053555	0.0601057342248917	0.200626403523195	0.0394151464837466	0.255238153697686	0	0.039156438991021	0.0172868037736517	0	0	0.00100522177021783	0.027	0.206249680964208	1.01151602991215
TCGA-61-1743-01	0.169730731222481	0	0.283569404945791	0	0	0.0638461430120689	0	0.0627718833685068	0.0190107966147124	0	0.0149254611349881	0.00216251934061537	0	0.139551591686717	0.0597529596856235	0.162591372775861	0	0.0220871362126342	0	0	0	0	0.192	0.0779241903488362	1.04023700817435
TCGA-31-1944-01	0.0674065708465907	0	0.0607114188949233	0.0125907857805803	0	0.204026969424758	0	0.065831688263224	0.0272664483246118	0	0.0154625876516541	0.0240730561526472	0.0364936446596744	0.140264026255772	0.0708597001912514	0.202750329211493	0.00194013807940277	0	0.0703226362634169	0	0	0	0.16	0.0868564545543757	1.04549731711089
TCGA-25-1317-01	0.0122362127186565	0	0.125668639964729	0	0	0.176859567422732	0	0.122592494185628	0.0518471513481176	0	0	0.0565964574194349	0.0355375421318661	0.189404346219673	0.0776750392746644	0.124307978297694	0	0	0.0272745710168041	0	0	0	0.369	0.0434212384227531	1.06550529726011
TCGA-25-1635-01	0.00126286582098149	0	0.00768264515777477	0	0	0.315336150937378	0	0.0468693973927205	0.0478467376098812	0	0.0246364662221057	0	0.0026826271190528	0.115622598731969	0.0429230532944845	0.29522670280964	0	0.0288858110448867	0.0706199100618575	0	0.000405033797267621	0	0.259	0.0626497282047353	1.06890637985109
TCGA-29-A5NZ-01	0	0	0.0482173231709172	0	0	0.168374577759034	0	0.148289064070029	0	0	0	0.07301397925083	0.0393356519155644	0.377620143079839	0.0559071708567575	0.0576585672874506	0.0159190491579786	0	0.0156644734516004	0	0	0	0.187	0.0797003625249285	1.08398235057989
TCGA-25-1628-01	0.0571864275986506	0	0.00756633474530178	0.134245804467345	0	0.244273707243619	0	0.0509311227141639	0.0664540984256829	0	0.0291832953959166	0	0.0120609644677076	0.0320668877007857	0.138635492073282	0.194376919334601	0	0	0.033018945832944	0	0	0	0.054	0.149177400510677	1.04090931529501
TCGA-24-1553-01	0.0466879827842401	0	0.0375251718438177	0.253159298831502	0	0.117154252317331	0	0.0602026345918958	0.0728793561643076	0	0	0.00765660404167232	0.032584131392745	0.0438823309440938	0.0930653162601309	0.235202920828264	0	0	0	0	0	0	0.031	0.190764928616606	1.01799909899059
TCGA-61-2092-01	0.197340804697341	0	0.299923916199127	0	0	0.0991460155325148	0	0.0772059571666859	0.0106890241658505	0	0.0151951602693081	0.000306170109542507	0	0.124913431173838	0	0.134172444584108	0	0.03072848575149	0	0.0103785903501937	0	0	0.947	-0.0311468293945593	1.07538523554158
TCGA-25-1329-01	0.0535139673686257	0	0.158854872167024	0.0298733404240062	0	0.142355948448484	0	0.0264272776238867	0.0264524329672442	0	0.0116818416658039	0	0.00111688565953668	0.206746821103943	0.0166024024696002	0.30136745121911	0	0.0248113307806579	0	0	0	0.000195428102077397	0.388	0.0412423584986149	1.07689147042396
TCGA-24-1844-01	0.015499590492871	0	0.108099020124102	0	0	0.362674562239275	0	0.0292515465254648	0.0683798827621431	0	0.0678479969866568	0.00514711416833221	0.0543669314439437	0.0971661412525802	0	0.0316514497322032	0.0112827289494185	0	0.14241479625317	0	0.00621823906983985	0	0.58	0.0155826793037519	1.07632840978446
TCGA-24-1603-01	0.00270287821126451	0	0.13968003593785	0	0	0.244004787393177	0	0.0985179653629568	0.0432196481918198	0	0	0.0345860421343234	0.0462990305098389	0.151080506767864	0.105978595795456	0.0888275192530685	0	0	0	0.0287241637696903	0	0.0163788266726902	0.202	0.0744597717411863	1.05445182360713
TCGA-09-2044-01	0.030741815483825	0	0.0702129956891591	0.0920358434034715	0	0.126966784670374	0	0.0549034697377757	0.0659927775661655	0	0	0.0581826605330195	0.0440521553961481	0.0351987459383902	0.0522882078938541	0.333955688840757	0	0	0.0111178228881854	0	0	0.0243510319588745	0.092	0.116190744511058	1.04024097628916
TCGA-61-2008-02	0.031029346295486	0	0.00347906354953686	0.0627075018909688	0	0.1747691041646	0	0.126445024698679	0.0298232372172329	0	0	0.0723230201849846	5.83715158665887e-05	0.148149002629067	0.0933232516814059	0.176550669253801	0	0	0.0813424069183706	0	0	0	0.0679999999999999	0.134943871910855	1.03932178633652
TCGA-23-2078-01	0.193313269982266	0	0.00771526336825802	0.116901844202452	0	0.114686465493099	0	0.0916380924752506	0.0773009382613589	0	0.0448237954572341	0	0.036793147103469	0.00991930555838779	0.130533510528363	0.14781387711997	0	0	0.0285604904498921	0	0	0	0.069	0.13383017184383	1.04246972812621
TCGA-20-1683-01	0	0.0251359197629386	0.474962909425475	0.0134616098308452	0	0.114661104371413	0	0.0855545925103519	0.0152617159457666	0	0.0140665021559932	0.00128589758174594	0.00992176207268311	0.13809519771532	0.0184363905776643	0.0758275593967212	0	0	0.0133288386530818	0	0	0	0.14	0.0974894742517841	1.02574111105745
TCGA-13-1505-01	0.110749556585437	0	0.130647431413885	0.0642174277076031	0	0.148038419124827	0	0.117139224532685	0.0303777065535691	0	0.00801781469903834	0	0.00714239907689163	0.0534077719402298	0.0546343216636501	0.25220320466818	0	0	0.0234247220340035	0	0	0	0.337	0.0499948822545222	1.05532435841517
TCGA-24-2254-01	0	0	0.041930674317332	0	0	0.241904645724804	0	0.0250582202113519	0.0160439055542578	0	0	0.0813212538926024	0.0353444447096569	0.315063246530367	0	0.153621941576071	0	0.0129014637013558	0	0.0763605724815956	0	0.00044963130060631	0.164	0.0847718879286915	1.08268307247837
TCGA-23-1120-01	0.0106505169704746	0	0.022963058535963	0.0808613779295058	0	0.0929628420822802	0	0.100628925861629	0.0702749711786717	0	0	0.0487617751374081	0.0315603333214405	0.110804389579731	0.178672215265043	0.230651722426527	0	0	0.0210297731800766	0	0	0.000178098531250511	0.028	0.202780152896175	1.02084448792802
TCGA-24-1546-01	0.00183509374465254	0.0133360171230732	0.0269940196510001	0	0	0.253507287440006	0	0.028807259627356	0.088442563010782	0	0.034876006145456	0.0224915387052827	0.0638327699637844	0.323434345430637	0.0027223107502216	0.0788150675039132	0	0	0.053953222753104	0	0.00695249815073089	0	0.079	0.12713027661691	1.05117428966591
TCGA-24-1557-01	0.00546494646474602	0	0.0821216024835373	0	0	0.142580078707056	0	0.105566536517144	0.0100536552565037	0	0	0.0916203917049936	0.0349527101465913	0.117229291644211	0.137553966659962	0.185153675013535	0	0	0.0877031454017215	0	0	0	0.272	0.0609236295951146	1.06682326568626
TCGA-59-2351-01	0.0528818686572139	0	0.139550013722409	0.00401447002315373	0	0.170628645398366	0	0.0447644447899051	0.0583292850257423	0	0.0114045941734972	0.015843877223007	0.0253394935226795	0.186182174153289	0.064324320333191	0.206374329153142	0	0	0.020362483824404	0	0	0	0.023	0.215540777278943	0.995268228929678
TCGA-24-2289-01	0.0301640633313292	0	0.0533234296994092	0	0	0.3496924702275	0	0.0473103696121119	0.0786768843503604	0	0	0.0233759913810507	0.0480575943088569	0.141180471767286	0.0300435882201993	0.132118409733974	0	0	0	0.0591450328452339	0.0028971310477436	0.00401456347494437	0.198	0.0759241916561651	1.0599371141646
TCGA-13-1481-01	0.0852851932931996	0	0.283807329524621	0.0493541576068014	0	0.168018585809493	0	0.0502809643525183	0.0694940212581305	0	0.0190124884180078	0.00552861361812673	0.0133784669577323	0.0522806821194413	0.107915269446878	0.0953077518586178	0	0	0	0.000336475736432391	0	0	0.205	0.0727517215895276	1.04365650723663
TCGA-25-2397-01	0	0	0.0749056816193082	0	0	0.289935203429721	0	0.119392402614519	0.0709952956238497	0	0.0553687304876634	0	0.0813730122392367	0.125186962711512	0	0.0242438457404746	0.00042380424604438	0	0.130363093512798	0	0.00200640975918368	0.0258055580156894	0.239	0.0664394979130145	1.05860689500117
TCGA-09-2045-01	0.0984995032099701	0	0	0.047271034831947	0	0.113735294401821	0	0.0793325667730129	0.0729264675120771	0	0	0.0289684613449016	0.0370518301124424	0.0150768730888906	0.00853490599945126	0.329986413550418	0	0.164865339745104	0.00140151968949051	0	0	0.00234978974047337	0.382	0.0421744293900406	1.0755728114307
TCGA-24-2290-01	0.00244563486208736	0.0049214598849703	0.00341319301108022	0	0	0.227919151493252	0	0.0444671716903008	0.0896284953994309	0	0.0320616834955458	0.0114705964705971	0	0.231068299659189	0.0311131518920573	0.230969764643692	0	0.0332014274267544	0	0.0573199700710426	0	0	0.094	0.115192570306883	1.05743469461492
TCGA-61-2000-01	0	0	0.0724794960659285	0.00373077618566248	0	0.215134559825252	0.0210414920074456	0.0878868980444611	0.0365955543673973	0	0	0.118189678146746	0.0207031051502295	0.0875234843393596	0.0451449405196417	0.251657487837757	0	0.0183688745671356	0.0123765331771524	0	0	0.0091671197658314	0.036	0.181279797818422	1.01667248645696
TCGA-09-2048-01	0.0902002513231687	0	0.268615568886015	0.0123694343079042	0	0.0718071067686869	0	0.0634227471462001	0.055492552001122	0	0	0.0372172294698888	0.0289995550217615	0	0	0.325828926119081	0	0.00864467815456479	0	0.0374019508016073	0	0	0.865	-0.019097853889692	1.07148611195951
TCGA-61-1907-01	0.00359684558706925	0	0.0423702123390264	0.00736528737183077	0	0.156514388399954	0	0.0542710069576143	0.134032717280039	0	0	0.0445918298407665	0	0.106561219412131	0.129925732633907	0.308667934204418	0	0	0	0.00888180649900812	0	0.00322101947423512	0.00800000000000001	0.30611342965832	0.966137087639522
TCGA-23-1111-01	0.144740864879728	0	0.110340701353219	0	0	0.0971252581268197	0	0.118025313868012	0	0	0	0.0486808955092722	0	0.0870791303820556	0.00309112720386897	0.165672154583769	0	0.193391571659036	0.0318529824342198	0	0	0	0.528	0.020607090720943	1.06976156727691
TCGA-31-1959-01	0.0111685401955409	0.0116838017705292	0.00288014807498533	0.0364280051442359	0	0.202654772089095	0	0.058125645888346	0.055453152892439	0	0	0.0583341061202948	0.0223025842193488	0.097529074003043	0.0420779841013715	0.36106057960125	0	0.0102163890705647	0.0257865671010614	0	0	0.00429864972789428	0.031	0.192757926574058	1.01659561244733
TCGA-24-1560-01	0.126805598307365	0	0.209308221238477	0	0	0.111872336070719	0	0.107531944180662	0.0129279121201905	0	0.010230510271881	0.028552711290116	0.00856710393103124	0.0305699647369083	0.0627483488661175	0.198773628398353	0	0.0921117205881798	0	0	0	0	0.684	0.00387230539862339	1.06672044755085
TCGA-29-1783-01	0.0491799567082837	0	0.0155423252855955	0.0562942673525681	0	0.164579403009766	0	0.0684572538214354	0.044707064358541	0	0	0.0400669647575963	0.0301284384782086	0.0913915062785071	0.0774407470771327	0.351681817240244	0.00171150101708345	0	0.00790813533733557	0	0	0.000910619277703067	0.091	0.117965358726243	1.04863561242135
TCGA-59-2348-01	0.00282608888170955	0.00969433511434558	0.123250210795714	0	0	0.220462567667359	0	0.105745888433459	0.0796769620280685	0	0.0420784974863548	0	0	0.247473974277533	0.00844076479031848	0.0835549756682835	0	0.034731714320615	0.0291726665136832	0	0	0.0128913540225556	0.284	0.0588364888813401	1.06437178257578
TCGA-24-1424-01	0.0809246346235724	0	0.0609328262051645	0	0	0.152039424438904	0	0.0985671438466963	0.00408367980832904	0	0	0.0434768859086827	0.0164100641866041	0.126856229453186	0.0886194751784192	0.25833761129302	0	0	0.0573327478887363	0	0	0.0124192771686851	0.398	0.0396962312958105	1.06844067933998
TCGA-13-1507-01	0	0	0.120665269026037	0.039229588363016	0	0.134821854522458	0	0.101337573775255	0.0168047394902051	0	0	0.0570274142980969	0.0198790142701992	0.142383325751616	0.174780176187927	0.143696573260959	0	0	0.0490600164990273	0	0	0.000314454555202939	0.01	0.268250219622652	0.981553883464136
TCGA-25-2404-01	0	0	0.0539849560568734	0.136485257750066	0	0.218478239657226	0	0.175228349397239	0.0113499066243495	0	0	0	0.0441947941360817	0.13555371278055	0.103981302833528	0.0604914781171438	0	0	0.0528900277205405	0	0	0.00736197492640345	0.208	0.0719990813354162	1.06917408791694
TCGA-61-2095-01	0.00096447597241001	0	0.018167660252624	0	0	0.275515515871	0	0.00550261756026336	0.0789031702531792	0	0.0757786336069988	0.0642633562708404	0	0.261963566940927	0	0.199183396480691	0	0.00847459566594558	0.0081330379496569	0	0	0.00314997317546286	0.04	0.1680920747831	1.04123394075518
TCGA-29-1702-01	0	0	0.193365348543731	0	0	0.158002046108314	0	0.15117468571204	0	0	0	0.0612246691496496	0.0313880350946267	0.112961088537483	0	0.0943716691700293	0.015694624435777	0.0336693292847832	0.148148503963566	0	0	0	0.544	0.0193041891785827	1.05750744842464
TCGA-24-1417-01	0.0012557295107026	0.00170336548820903	0.0311215624125358	0.00876458885418694	0	0.12505098823298	0	0.0707719637292774	0.0621842554375921	0	0.0325857612681142	0.0260097732575371	0.00522009363743575	0.232270155162402	0.0544137777586687	0.259538264554951	0	0.0579401670405242	0.0311695536548834	0	0	0	0.025	0.209942853030426	1.01206555120338
TCGA-57-1585-01	0.0260202792668258	0	0.0585630474759385	0.0463693478993564	0	0.147461874553715	0	0.0161227930222302	0.036368701997422	0	0.0176146816586869	0	0.0145586241637951	0.358928100510211	0.0394015467257465	0.215123787081646	0	0	0	0.0234672156444265	0	0	0.049	0.158352129909494	1.05266333342304
