B cells naive	B cells memory	Plasma cells	T cells CD8	T cells CD4 naive	T cells CD4 memory resting	T cells CD4 memory activated	T cells follicular helper	T cells regulatory (Tregs)	T cells gamma delta	NK cells resting	NK cells activated	Monocytes	Macrophages M0	Macrophages M1	Macrophages M2	Dendritic cells resting	Dendritic cells activated	Mast cells resting	Mast cells activated	Eosinophils	Neutrophils	P-value	Correlation	RMSE
TCGA-2L-AAQL-01	0.00360037995594894	0	0.000471823371434206	0.107205421317873	0	0.0927538232819639	0	0.0360624458754001	0.0852542391758987	0	0	0.0340875050524641	0.024649635235314	0.0980532575218847	0.0174595736508781	0.259540894774327	0.00957402367326694	0.0285073981653265	0.20268351496658	0	9.60639814410472e-05	0	0.093	0.122061647158379	1.03881652862488
TCGA-2J-AABI-01	0.159460698751912	0	0.0102426064296924	0.0413121395426956	0	0.0707670378776673	0	0.0489654604001987	0.127410771556989	0	0.0396303208612785	0	0.029703362757009	0.335964176403141	0.00565357519418785	0.0569726238438582	0	0.0312929577760143	0	0.0426242686053564	0	0	0.028	0.184913761575409	1.02480028899696
TCGA-3A-A9J0-01	0.00214156321153701	0.0363147791538655	0.0633104556930459	0	0	0.179522417976036	0	0.0484437471684906	0.0182048003616652	0	0.0439303965569791	0.0223273146184128	0.0264246199072846	0.422091013533595	0	0.11133316697606	0	0.00191797105457726	0	0.0176414177823644	0.00639633600608593	0	0.029	0.18208366699635	1.04378921374032
TCGA-3A-A9I7-01	0.192468094570893	0	0.0188438804263574	0.0913359353405693	0	0.106896038673365	0	0.0945655371868725	0.0627799656019565	0	0.00808932855147929	0.0135673361169736	0.00178848132290002	0.0828712182108666	0.0630369403417909	0.206187088254401	0.00347376185599851	0	0.0540963935455762	0	0	0	0.094	0.121629083531916	1.03586372179602
TCGA-2J-AABO-01	0.111566584295965	0	0.0230956093292286	0.0602923109517135	0	0.204997575880638	0.00354447335540686	0	0.0258107448582636	0	0.0189218064586648	0	0.00415405234425913	0.183471063828239	0.0223340664678161	0.252262475399271	0	0.0133558803563085	0.076193356474225	0	0	0	0.12	0.108919154919685	1.04590485379798
TCGA-IB-7890-01	0	0.000803683063077177	0.037657468508473	0	0	0.200829819919061	0	0.0141353876474223	0.0387349449636474	0	0	0.0197387348758397	0.0178488159019776	0.39413875857776	0	0.177485067960139	0	0	0.0972960591197109	0	0.00133125946289193	0	0.002	0.339763283471317	0.960305775388545
TCGA-3A-A9IN-01	0.170103712819962	0	0	0.043254721423442	0	0.148557309570705	0	0.0841460979712883	0.026661204497584	0	0	0.0510012342027418	0.00983288119312536	0	0.0228783382314258	0.324332575358266	0	0	0	0.119231924731459	0	0	0.778	-0.000172429463859961	1.09571723104038
TCGA-HZ-7926-01	0.338659755273109	0	0	0.0462035889012537	0	0.135818423501	0.0168148305931527	0.0347653885734556	0.0372858122075457	0	0.03567644691253	0	0.0181210853115146	0.0210591457203595	0	0.154499883133886	0.0302162367183343	0.0922499231426685	0.0361177024284445	0	0	0.00251177758274587	0.137	0.1047892383635	1.04888732226347
TCGA-3A-A9IH-01	0.0267006684236258	0	0.00586828873320468	0	0	0.130494246946965	0	0.0890421443526864	0.0627539191641019	0	0	0.0452992874288932	0.0119379448421108	0.112056769041873	0.0422616244201094	0.286965153075421	0.0536978726906354	0.0513391976331689	0.0815828832472041	0	0	0	0.355	0.0544460280588027	1.06568978777415
TCGA-2J-AABH-01	0	0.0118810000916646	0.0237968412888345	0	0	0.386749319262933	0	0.00819825010815278	0.0865182823976553	0	0.00799656520583369	0.0353680209946285	0.0577757948038416	0.111398644788425	0	0.15031212697754	0	0.00979826525409511	0.0922326693047015	0	0	0.0179742195216942	0.356	0.0543999106768736	1.06889726075051
TCGA-US-A774-01	0.0503815557315167	0.011423589606543	0.0554210687888932	0.0577592595100878	0	0.0377194052508016	0	0.0554405973273465	0.047316063605958	0	0.0201226105788698	0.0229874745772189	0.00485570420620213	0.119411612578631	0.0759286130223292	0.290687318775633	0.0269282054663497	0	0.111891855532966	0	0	0.0117250654406534	0.072	0.133413666929152	1.03044779239068
TCGA-HZ-8001-01	0.0753094522487359	0.00637390159084283	0.00840540392929731	0.0635010383312602	0	0.0722841295026002	0	0.0491782462955218	0.0537992555028238	0	0.0012818801031875	0.0047189706929395	0.0578449354787907	0.0344780393818703	0.0193316287831132	0.400386435076207	0	0.010423840475868	0.127880403776121	0	0	0.0148024388308205	0.002	0.350117002325746	0.939722900485785
TCGA-IB-A7M4-01	0.087808197258084	0	0.0416375052385855	0.0686788846912417	0	0.158605161037682	0	0.0401646652281539	0.0724764045728405	0	0.0492789061890892	0	0	0.281671756923852	0.060501578331963	0.128953556597518	0	0.0102233839309902	0	0	0	0	0.00800000000000001	0.239877587976982	0.996318768935152
TCGA-IB-7654-01	0.138671926949504	0	0.0465135299765919	0.00680036061601684	0	0.137226006513896	0	0.0117671187982583	0.0459894372845717	0	0.0319294028787675	0	0	0.133196812605754	0.0660668089819445	0.29815888569172	0.00602667870722776	0	0.0776530309957477	0	0	0	0.192	0.0866094628273151	1.051293665882
TCGA-H6-8124-01	0	0	0.0553762178258939	0	0	0.318718433885619	0	0.00247763491697746	0.1015261926349	0	0.092105062309386	0.00379096369161747	0.0582641403711075	0.265413092321286	0	0.0199010757611585	0	0	0	0.072487742510433	0.00993944377162121	0	0.463	0.037925061282897	1.08836352929194
TCGA-PZ-A5RE-01	0	0.00193505594454804	0	0	0	0.188496045415202	0	0.0221295396547049	0.0944276565086446	0	0.0164275644583211	0.0302444864016777	0.0160679786639038	0.282857220950806	0	0.178406224402517	0	0.0278247926746703	0.129545155321817	0	0	0.0116382796031876	0.00700000000000001	0.242618926691137	0.997032604369255
TCGA-3A-A9I5-01	0.185156491547947	0	0.0885534902558487	0.0300496984962047	0	0.0490804215741246	0	0.104256911136478	0.0537400641863914	0	0	0.0238126421696086	0	0.226535885726673	0.00603112777161812	0.191808889473135	0	0	0.0288096209321071	0	0	0.0121647567298639	0.173	0.0907303035889303	1.05272175024738
TCGA-Z5-AAPL-01	0.349307789106475	0.146651966174373	0	0.10440801206772	0.0513876839289583	0.0853480404385437	0.0275362370756782	0.0396370297854966	0.0458830804701896	0	0.0233013745862975	0	0	0.0346400450888052	0.0143781452262857	0.0491411292048168	0	0.0283794668463601	0	0	0	0	0	0.61883313505527	0.789641700737745
TCGA-2J-AABU-01	0.0671493467638256	0	0.0341408688672276	0.0637871409740728	0	0.114737485810646	0	0.064321736480057	0.0807886633305099	0	0.0639043011300097	0	0.0124140680866158	0.18930839141002	0.012107224535457	0.221890850963736	0	0.0133248192831881	0.0621251023646343	0	0	0	0.155	0.0979232908165545	1.04815095106224
TCGA-HZ-A77Q-01	0.183362352921565	0	0	0.0499035418025046	0	0.0685486712638922	0	0.0534413545944713	0.0335455971883032	0	0.0187398015789992	0	0.0291602906004053	0.214842566373871	0.0091474363119057	0.249500968021924	0	0.0252025789115557	0.0442537209508387	0	0	0.0203511194797638	0.002	0.290045273016513	0.970624433754501
TCGA-FB-AAQ3-01	0	0.00602166195911647	0	0.0746066649768482	0	0.200421493390837	0	0.00780050891450364	0.00831465849983641	0	0.0225294210916478	0	0.0343450728670456	0.121431395224626	0.0799200873249064	0.356274069186509	0.00254737629200237	0.0347074437806053	0.0510801464915161	0	0	0	0.0669999999999999	0.137280018891973	1.04505633504467
TCGA-XN-A8T5-01	0.296094940389769	0.188981341148614	0	0.100531102511381	0	0.124980163375912	0	0.0627059194371182	0.0469325493439202	0	0.0263512774204361	0	0.0279547868207801	0.0153840935267131	0.00171812350853876	0.068166341817613	0	0.0172118699620009	0.0229874907372045	0	0	0	0.002	0.352919592653539	0.949058257930131
TCGA-YY-A8LH-01	0	0.0884110709390154	0	0.0960991357072967	0	0.201073883964542	0	0.0997248329081927	0.128602107007602	0	0.0291305175448782	0	0.0282375514973221	0.0788720441564539	0.0035826767054388	0.117391819283465	0.00598069344483919	0.0585276642633303	0.0566823222932131	0.00768368028441119	0	0	0.489	0.0340705449912166	1.07691146728359
TCGA-F2-A8YN-01	0.0627722695983249	0	0.0046624477483284	0.0147495894974034	0	0.153440031787912	0	0	0.0450034677967256	0	0.0214329183401039	0.0182967197037513	0.0147262901168877	0.187424869371813	0	0.359841752399451	0.0453432686631067	0.0218046670347815	0.0278467477051064	0	0	0.0226549602363046	0.084	0.12568058922543	1.05530528115103
TCGA-F2-A44H-01	0.00476508122993156	0	0	0.00134546387350629	0	0.115443611963635	0	0	0.0211900084148266	0	0.00313603787076664	0.00800447231153864	0.0496631623098313	0.582125580771999	0.0117305861308899	0.160203794959484	0	0.0106901483333971	0.0317020518301941	0	0	0	0.001	0.433933635649305	0.93467306392898
TCGA-2J-AABV-01	0	0.0143947048673493	0	0.0886527145690214	0	0.100814680549827	0	0.0805478444433523	0.0941403332706085	0	0.038284449057629	0.0175791895866068	0.0905870131437366	0.0447521916663923	0.016596786879889	0.148488398842587	0.048618041813825	0.0154795468616667	0.201064104447509	0	0	0	0.362	0.0535792578410917	1.05853577212265
TCGA-HV-AA8X-01	0.0292557024734753	0	0.088760416528111	0	0	0.183939648607019	0	0.00465279918360776	0.04616732319315	0	0	0.0394796976929732	0	0.177523472047111	0.0175712394807216	0.199024289928217	0.0151348779797593	0.0182166421726844	0.180273890713171	0	0	0	0.671	0.0106351627428829	1.07739450890385
TCGA-US-A77E-01	0.0307241070432505	0.041311580360654	0	0	0	0.242094843490342	0	0.0470064593756929	0.0243432635238359	0	0.00210288209874562	0.0478992415167073	0.00257146970839476	0.270034727323651	0.016523669120115	0.226329989898517	0	0.00325152941447431	0.038834791016544	0	0	0.00697144610907539	0.199	0.0844956877199132	1.07249885139514
TCGA-XD-AAUH-01	0.432427086090704	0.0426313590878623	0	0.108760957796391	0.0385054381154265	0.0712518162766584	0	0.0377200529175666	0.014663590397064	0	0.00465148801684487	0	0.0133422835559967	0.0257404603940532	0.00585435860703605	0.1595320928085	0	0.0167666853491047	0.0281523305867921	0	0	0	0.002	0.27102344393422	0.99188120101928
TCGA-2J-AAB9-01	0.0638469194909205	0	0.0265741025528751	0.115083726553231	0	0.0899335072829815	0	0.0181523560771557	0.0821596088331769	0	0.0093288342699751	0.0239448764542002	0.0311523990390848	0.0669109855975785	0.0267891953486527	0.337696154226944	0.0409831960046857	0.00639617306953858	0.0610479651990001	0	0	0	0.071	0.133623508449169	1.03171155575365
TCGA-HZ-A9TJ-06	0.0140450838037201	0	0.0570450316346898	0.0155302340134271	0	0.266473934451821	0	0.067517284897959	0.0483141422366491	0	0.0748239366208966	0.0276222151351313	0.0535983444553909	0.164979336306607	0	0.0509599908731869	0	0.00127880398878342	0.148962238898198	0	0.00751803906348791	0.00133138362005238	0.491	0.0338275510880598	1.07264520055107
TCGA-2J-AAB4-01	0	0.000657209219563098	0.00695608203518811	0	0	0.232584479252135	0	0.0327630377519579	0.0549806934880861	0	0.00472160979714657	0.0332765673212609	0.0856939753216107	0.053911851278852	0.0783775837423323	0.315553335567021	0	0.0496016185971889	0.0509219566276582	0	0	0	0.129	0.106611254129919	1.04875009311075
TCGA-IB-A5SP-01	0.0120569128660728	0	0	0	0	0.228381353464364	0	0.00127342838046315	0.0709401448595952	0	0.0142901321310569	0.0474257634674648	0.020706615933888	0.244345755745277	0.0135896321643369	0.231776558275836	0.00382547520718643	0.0318554888983201	0.0795327386061382	0	0	0	0.272	0.0686161855770183	1.07528217897872
TCGA-2J-AABF-01	0.00431168799204937	0.00671171968901416	0	0.08280391382006	0	0.17422437859696	0	0.0119702581522297	0.0529518630946479	0	0.00252789370046747	0.00969607859903039	0.0430711994291401	0.0454465761299325	0.0817561160970934	0.358334632200637	0.0402692365494947	0	0.0397368822235264	0	0	0.0461875637257173	0.012	0.227715752343466	0.998770930673152
TCGA-FB-A78T-01	0.00974466832761476	0	0	0.0574355410978588	0	0.162563376283894	0	0.00353499141130606	0.0680380383163507	0	0.0338733419724165	0	0.180376285874679	0.27512017550457	0.0242963909658209	0.151708984755542	0.0273376332490081	0	0.00597057224094015	0	0	0	0.07	0.134362752864768	1.05115433985347
TCGA-XN-A8T3-01	0.0466557445325719	0	0	0.114812332716549	0	0.181322403914387	0	0.029550544530227	0	0	0	0.01474619602449	7.24024643232779e-05	0.123673946841935	0.0756717427466767	0.346144013363019	0.0218714069462972	0	0.0454792659195239	0	0	0	0.0580000000000001	0.147453489447007	1.03810385156696
TCGA-YH-A8SY-01	0	0.0248741613238772	0.0373225203781415	0.00868494454157829	0	0.0844658037778448	0	0.0199857208963294	0.0692964863384626	0	0.0163825847133398	0.00304321181850623	0	0.361008654893748	0.00831370969391575	0.281315542530143	0	0.0484013945623702	0.0369052645317434	0	0	0	0.048	0.156946438433915	1.0617934661499
TCGA-2J-AABK-01	0.0837152981754268	0	0	0.0812702579719763	0	0.236451429642641	0	0.0623483546395022	0	0	0.0210480136020495	0	0	0.0626636305824156	0.0667826193084632	0.343159155348431	0	0.00581582631899585	0.0242461988481981	0.0124992155619008	0	0	0.39	0.0486309787372786	1.07578255467103
TCGA-F2-A44G-01	0	0.00840510905483861	0.00428589544601459	0.0288100712494489	0	0.214238831504704	0	0.0430450010785933	0.087095372352422	0	0	0.0373960535286054	0.0430347840359886	0.21829733915972	0	0.129527442083192	0.05964750137946	0.0125101301653134	0	0.043880608466839	0	0.0698258604948597	0.363	0.0533140691132429	1.07949501608373
TCGA-2L-AAQM-01	0.0359960677487783	0	0.0794231981713541	0	0.0751980847903999	0	0	0.0534205311188993	0.0442340125715125	0	0.207144465594273	0.0423904864908782	0.0430660009594836	0	0.021996662424936	0.185179591269682	0	0	0.193788358275165	0	0	0.0181625405846376	0.881	-0.0170517242708316	1.10001669173309
TCGA-HZ-A49G-01	0.00529729895376461	0	0	0.042195319194465	0	0.13375666767389	0	0	0.0239618148889395	0	0.0166205491955475	0	0.087480096174114	0.474703837428598	0.021094130835576	0.133244198669885	0	0.00083059322189029	0.0608154937633296	0	0	0	0.001	0.421437506267169	0.921753643754459
TCGA-HZ-7923-01	0.0807431766680614	0	0.00957457446393775	0.0365344020519019	0	0.207086920083375	0.0121404487958838	0.0295413126649344	0.0371215010584901	0	0.0386650381443427	0	0.0666176142853479	0	0	0.262401188624298	0.105473609124427	0.0646813006511264	0.042165388592287	0	0	0.00725352479158685	0.094	0.121707791301551	1.03010958389168
TCGA-FB-AAQ0-01	0	0.0105744627384476	0	0	0	0.393325317701881	0	0.00877732325378791	0.103424024302687	0	0.0148912630702253	0.112461018027506	0.058315178026023	0.23268704137072	0	0.0381689843302881	0	0.0273753871784337	0	0	0	0	0.531	0.02859550057775	1.11113313128971
TCGA-H6-A45N-11	0.240610094629152	0.416290235283341	0	0.135705268057838	0	0.0193057526923187	0	0.0242480639480947	0.00294606296210455	0	0.0432887833888414	0	0.0234774703871891	0.0178698479104499	0.0159034862401981	0.0563920853417977	0	0	0	0	0	0.00396284915867476	0	0.616643556138258	0.787822776843732
TCGA-FB-A7DR-01	0.10274637333105	0	0.000671018435523101	0.0517071400645043	0	0.13575125647334	0	0.0174930947645249	0.0373987604101921	0	0.0222872578543257	0.00872188318076828	0	0.0211834341730182	0.0233039089117227	0.291407384487663	0	0.162615791512691	0.0948580250973278	0	0	0.0298546713033486	0.164	0.092945964815936	1.04791388834915
TCGA-F2-6880-01	0.181007618835087	0	0.0834521952368005	0.109562723811502	0	0.0890681024125565	0	0.0364391397328813	0.0181976494285167	0	0.021783644421073	0.0323072447926245	0.0155287594198373	0.0197115793142328	0.00500651998253476	0.251611124804031	0	0	0.136323697808323	0	0	0	0.908	-0.0210860028524409	1.08184876875052
TCGA-FB-AAPP-01	0.0337469796423464	0	0.0105554036915959	0.152120083003137	0	0.354939612697795	0	0.0214510795581516	0.0791662768312567	0	0.0663042163197965	0.0103928465473694	0.0726084407993003	0.0362861183728321	0.0425537340229716	0.081613790809391	0.0125091412496129	0	0.0257522764544445	0	0	0	0.342	0.0559864889343771	1.09156202594892
TCGA-Q3-A5QY-01	0.214229226998206	0.215785190329718	0	0.0603864892254683	0.127891676645433	0.0471247184321422	0.0201270885008319	0.0507613427102889	0.0273535855730563	0	0.00814137388886598	0	0.0127522972376699	0.0822412126530295	0	0.0899633806334704	0	0.0405969363162219	0.00264548085559739	0	0	0	0	0.549524159890373	0.837746193087738
TCGA-HZ-A77P-01	0.0385942303344198	0	0	0.0927726021523977	0	0.109187819212767	0	0.042922328492434	0.00304012067229813	0	0.0465902955317189	0	0.026861136063913	0.00985505726498704	0.0142353848042674	0.491139161415513	0	0.00431230767788056	0.120489556377403	0	0	0	0.0610000000000001	0.144855212959802	1.03915904914944
TCGA-M8-A5N4-01	0	0.00119494300936795	0.0088851132984646	0	0	0.196166039028851	0	0.0571597469342683	0.0767212639626804	0	0.0165739412307311	0.057521982793418	0.0690738392212435	0.176677091313861	0.00230629781235177	0.143788853257076	0	0.0647998183061289	0.116112156643009	0	0	0.0130189131885491	0.15	0.0996705380132058	1.04614510935788
TCGA-2J-AAB1-01	0.0496517086817312	0	0	0.080815450668782	0	0.295134854775193	0	0.00191182904870563	0.0428800470776328	0	0.0326388136427388	0	0.0386583552325942	0	0.118539596463753	0.212534086423158	0.0246694576850182	0.052086772860272	0.050479027440421	0	0	0	0.076	0.130938792429012	1.04201569869805
TCGA-IB-7649-01	0.00695661682513214	0	0.00838546266186891	0.0295695628279306	0	0.16502123281399	0.00104431944723073	0	0.0479434306666713	0	0	0.0179755916710098	0.254007973894779	0.0970174809231083	0.0132446484091348	0.147165383666229	0.0285882200998978	0.0159038950152953	0.167176181077722	0	0	0	0.002	0.279454502388168	0.971125438338415
TCGA-IB-7652-01	0	0	0.0325336501105954	0	0	0.188939336223378	0	0.0124490558777745	0.0229790250374406	0	0.0331940074139182	0	0.18550364779688	0.18478704925283	0	0.22565890512012	0	0.00938300867161858	0.0993876084582563	0	0.00518470603718806	0	0.00900000000000001	0.237801813746845	0.993752975730742
TCGA-FB-AAPQ-01	0	0.0124415575757341	0.00970826973813368	0	0	0.196427239565452	0	0.027874204224479	0.0698978391526316	0	0.0905257462717727	0	0.0267486637837857	0.435937194820096	0.00709454418135716	0	0	0	0	0.123344740686558	0	0	0.297	0.0614410807456844	1.11309049070563
TCGA-IB-AAUT-01	0.0544767131485844	0	0.0102102129471076	0.128673292616996	0	0.231614024829466	0	0.0186732809164396	0.0418675734586517	0	0.0335310003826974	0	0.00339232671427438	0.0516871040043794	0.0473394731464274	0.296539429270845	0.0420581712314719	0	0.039937397332659	0	0	0	0.0679999999999999	0.136026387500654	1.03518051137349
TCGA-3A-A9IS-01	0.0923302645684878	0	0.132043498521947	0.0251687366093475	0	0.183792096872522	0	0.0795249579967929	0	0	0	0.146932307421452	0.0649619157647781	0	0	0.216030033049587	0	0.0194657479078738	0	0.0397504412872112	0	0	0.758	0.00158564389267631	1.08645770309381
TCGA-FB-A545-01	0.112174298723826	0	0.0259652023957558	0	0	0.0886368213915943	0	0	0.0466702686477723	0	0.00217787289084656	0.040809668030838	0	0.55618039367946	0	0.0377022202910677	0	0.00238970229605071	0.0872935516527885	0	0	0	0.01	0.232558771404097	1.04077405091067
TCGA-IB-AAUU-01	0	0.0183804052528877	0	0.00920628386228927	0	0.146051841985819	0	0.00195263490019969	0.0749257648682083	0	0	0.0406766939865492	0.196537045909313	0.105858209531801	0	0.216016616224345	0.045432249394272	0.0565888944452908	0.0883733596390249	0	0	0	0.138	0.104207432007667	1.04488093298116
TCGA-XD-AAUG-01	0.0296964438766183	0.00184075363367548	0.071273280358136	0	0	0.254409386719431	0	0.00946768523795868	0.00598714680555615	0	0.029854945934745	0	0.0241529250983914	0	0	0.390494705790073	0.00488355657698296	0.0580798974318547	0.117296063031313	0	0	0.00256320950526446	0.274	0.0676829259691822	1.05486596953821
TCGA-HV-A5A6-01	0.107835241926114	0	0.0279785839368403	0	0	0.102701690348052	0	0.0136015881338758	0.0785034935123681	0	0	0	0	0.502446223181756	0.0248614216132211	0.119070532979985	0	0	0	0.0230012243677881	0	0	0.023	0.200119038932747	1.05592556216683
TCGA-HZ-A4BH-01	0.0642160182895932	0.0678760151137338	0	0.0624055611325427	0	0.0899079877330333	0	0.0980992094954844	0.0213455788824167	0	0.0135442729735534	0	0	0.235360288778526	0.0881002802568499	0.191663532545845	0	0.0323767288055977	0.035104525992824	0	0	0	0.023	0.200724041128017	1.01304240891905
TCGA-HZ-7925-01	0.000304551064157967	0	0.0219582681782273	0	0	0.319856122429872	0	0.0151484639151882	0.0871235360585293	0	0.0112235343339671	0.00766099770763083	0.0270501502389355	0.144852863539629	0	0.204153168942286	0.00351734427769297	0.0526644307311349	0.0634779916934937	0	0	0.0410085768892558	0.207	0.0827832112017521	1.05694539966238
TCGA-HV-A7OP-01	0.113916865489937	0	0.0989982674707414	0.130466307492654	0	0.0953517473350524	0	0.0556186192473334	0.0465083916798537	0	0.0805450070973315	0	0.0149916323968778	0	0.00747559615144222	0.342090304642695	0	0	0.000465012873235489	0.0118012958208167	0	0.00177095230202973	0.57	0.0241756826941796	1.07437127451867
TCGA-HZ-8315-01	0.00220510287062955	0	0.0202551731364953	0.0156992548838695	0	0.306115665929901	0	0.0313831165641215	0.0328375056260483	0	0	0.018760971347198	0.0177461593267445	0.0742100908528997	0.0960906912551038	0.195042904458034	0	0.0149466424334066	0.174530508348474	0	0	0.000176212967075147	0.0580000000000001	0.147296017169725	1.02850313607103
TCGA-XD-AAUL-01	0	0.00478339320984619	0	0.0228946483759506	0	0.177464558870859	0	0.0182985751380243	0.0792626252279792	0	0	0.072715966657562	0.0224967045728683	0.11931686390118	0.000387441600934026	0.316546028888113	0.0450873981157251	0.0186566857419655	0.0633649404020122	0	0	0.0387241692969801	0.083	0.127354716489179	1.04368986661367
TCGA-FB-A4P6-01	0.0605766645046221	0	0	0.144206125517265	0	0.200568461772574	0	0.0244909749713843	0.0796297369666903	0	0.0162519948253835	0.00448109977091486	0.0289140723953394	0	0.0103852170059321	0.273177085887354	0.0116230345691923	0.0233219526790884	0.12237357913426	0	0	0	0.401	0.0460559371652212	1.06808675746578
TCGA-HV-A5A3-11	0.0568767977559589	0	0	0.0523245936349379	0	0.162440519951387	0	0.0191786094150674	0.0503268281292208	0	0.0180656566963976	0.0139001816703185	0.0639086069425576	0.110684196193194	0.0491437000033251	0.321999164335693	0.0367914468335483	0	0.0375192968672816	0	0	0.00684040157111201	0.002	0.275589269187816	0.974967205036583
TCGA-IB-7886-01	0.000212240638608578	0	0.0207275500523737	0	0	0.227516467486272	0	0.0257939509423999	0.0524706446339346	0	0	0.0155141464133533	0.025427646373846	0.157808514313287	0.0406700428568371	0.318350873051843	0.0209710376025961	0.00521231426985828	0.0893245713647905	0	0	0	0.045	0.15891295166618	1.02969373876726
TCGA-IB-A5ST-01	0.324913972576993	0.0447179322683166	0	0.0452531577086822	0.0188399489652912	0.0850419113746029	0	0.0191575310269833	0.025527182349981	0	0.0189390928617145	0	0.00659558539260017	0.222082961235099	0.0154720549363662	0.161478504501057	0	0	0.00859908074646271	0	0	0.00338108405585117	0.001	0.425638354005332	0.906463745361829
TCGA-YB-A89D-01	0.00528007364873689	0.00585127734465774	0	0.0203015305559918	0	0.220547697075047	0	0	0.0453106478428036	0	0.00526344443990303	0.00245258615858602	0.0585018741734087	0.123392921907203	0.00417039598777405	0.307555337734176	0.0421229489642889	0.113707878011533	0.0367050579591361	0	0	0.00883632819675413	0.031	0.177833329337301	1.02230552607934
TCGA-IB-AAUP-01	0.363835878970356	0.133288334367816	0	0.0332490383482407	0	0.130345330504123	0	0.0357319487348233	0.0316836881669307	0	0.031685565702337	0	0	0.104741828898973	0.0121487135745611	0.114087461252886	0	0.000504364525768793	0.00869784695318594	0	0	0	0	0.526324076178519	0.849782336470156
TCGA-IB-A6UG-01	0.188018329598293	0.0439336293766814	0.0197375508724248	0.0864497257822695	0	0.0720324579329534	0	0.136231030606543	0.0305905033242368	0	0	0.0453496555297965	0.0336385733175469	0.100096004668745	0.0259807338243315	0.106935686055097	0.00960608231368553	0	0.101400036797397	0	0	0	0.105	0.114588047172754	1.03630104503571
TCGA-IB-AAUQ-01	0	0.00292694665372161	0.0463057565811292	0	0	0.231227066520045	0	0.00529119756280167	0.108236244663077	0	0.0499700122338302	0.00297907053314933	0.0043557220740524	0.437735029630349	0.0115152093558506	0.0797755594618465	0	0	0.0196821847301477	0	0	0	0.042	0.16159767563995	1.05737166910205
TCGA-HZ-8003-01	0.0992883258600922	0	0.0365860087477867	0.0379414798151047	0	0.181654605058996	0.00781721542045148	0.0367981888791562	0.0142440501934142	0	0.0442644612289079	0	0.0240495453129843	0.149411625930114	0.0695941469288794	0.220978586653402	0	0.00711723881459727	0.0434203123036346	0	0	0.026834208852479	0.003	0.260218446701145	0.977856064280511
TCGA-3A-A9IV-01	0	0	0.0837357368410444	0	0	0.36460530484036	0	0.0154707816376313	0.0204050523356708	0	0	0.0907444325564246	0.00350063016047136	0.259110983151092	0	0.122304936415553	0	0	0.0401221420617524	0	0	0	0.383	0.0497385170104301	1.08498034999496
TCGA-FB-AAPS-01	0.13131448352865	0.00191968545745323	0	0.0750024721178718	0	0.233432013493774	0.000700470946748494	0.0218600785646067	0.0189945693298272	0	0.0313883665083154	0	0.00281565271428938	0.147779068502612	0.032319141369821	0.273692462475462	0	0	0.0287815349905696	0	0	0	0.002	0.273441022581162	0.977161281679953
TCGA-FB-A4P5-01	0.217655082771084	0	0.0483973986458118	0.169262260482602	0	0.185435063204582	0	0.093580176198344	0.0145916098774174	0	0.00013699046017772	0	0.0241839771514098	0.0522497977712705	0.0230758796650653	0.143734901500372	0	0.013221776466279	0.014475085805584	0	0	0	0.002	0.302629392309597	0.963379323565873
TCGA-HZ-8002-01	0.0629456038466636	0	0	0.0620463243053596	0	0.208973664849825	0	0.0256438694324591	0.00592083812515893	0	0.00821265158809163	0.00603626034100015	0.08516859692385	0.0558008189426015	0.0251252047528821	0.29729140626797	0.0506415571390885	0.0178047470273369	0.0801533851173916	0	0	0.00823507134032169	0.055	0.15179067583291	1.02285257262878
TCGA-US-A779-01	0	0.0132567674581532	0.00680983086743211	0.0573414968251011	0	0.185268131237275	0	0.0263374708786826	0.063060508166431	0	0	0.0663521082017874	0.0177931274648428	0.364832776872378	0.0155594607945648	0.0916130316575813	0	0	0.0917752895757708	0	0	0	0.394	0.0479625003908088	1.09795549920637
TCGA-HZ-A4BK-01	0.031515983819078	0	0	0.0875718989618042	0	0.101609460989229	0	0.0238572320743977	0.0605019395466433	0	0.0271033231201909	0	0.0770771019466982	0.2892120007594	0.0263548171586399	0.216955199535491	0	0	0.0582410420884278	0	0	0	0.025	0.191863635648572	1.02376189935633
TCGA-2J-AABT-01	0.00608389000820238	0	0.00173080274321584	0.0484123463359059	0	0.227532452051317	0	0.0357709028466785	0.0316340840106007	0	0	0.0144787932734863	0.0345171806496666	0.110612186765092	0	0.329818330843317	0	0.0605115819793533	0.0988974484931646	0	0	0	0.00800000000000001	0.238197583555729	0.992456902713616
TCGA-HV-A5A3-01	0	0.00456935880895957	0.00592289222521395	0	0	0.260714050779247	0	0.0185326728567437	0.137858471719323	0	0.13058684517267	0	0.0277699581593709	0.15688798455628	0	0.134878578458351	0	0.0468759796151521	0.071195949767445	0	0	0.00420725788124322	0.531	0.0286460147063918	1.08272994530164
TCGA-IB-AAUO-01	0	0.00721756699431857	0	0.0915433256769637	0	0.191684263453242	0	0.0290554992003138	0.0959181618409054	0	0	0.0872799732274201	0.0130074000922641	0.0246598953632056	0.0249092105819396	0.194694482466312	0.010597762932145	0.146795626698855	0.0688590575791379	0	0	0.0137777738929763	0.291	0.0629097421181395	1.07026693199235
TCGA-HZ-A8P0-01	0.0487619668227564	0	0.0232288099926206	0.0139024476085714	0	0.124990718891674	0	0.0316659769492201	0.0624823366868353	0	0.0593924922932221	0	0	0.35176998901886	0.0133635825195853	0.211660102712089	0	0	0.00394722316684316	0.0201853230488257	0	0.0346490302888977	0.108	0.113534496162498	1.07403315835682
TCGA-3A-A9IU-01	0	0.0465734899651136	0.00659070328784441	0.0505883585499037	0	0.142995078310592	0	0.082244135532936	0.0618457304692232	0	0	0.0568516603511507	0.0306508300320244	0.415605841554091	0.0020150928391599	0.0462581579946846	0	0.0172465490440909	0.0405343720691853	0	0	0	0.047	0.15759656840252	1.05249031441317
TCGA-HZ-7922-01	0.170118803562383	0	0.031305916324343	0.0268660272922354	0	0.140628295085656	0	0.0443928179448023	0.0289927784943626	0	0.00102647385571519	0.00133542208180569	0.00803921703588203	0.0867699459471329	0.0794077178303888	0.178828534751206	0.0391301508863379	0.00815494735279672	0.128894715252157	0	0	0.026108236302796	0.081	0.128335392411637	1.02691806215027
TCGA-H8-A6C1-01	0.0395633117084167	0.0898117696478569	0	0.0540782876820973	0	0.1719832361517	0	0.0286118716167341	0.10222574561749	0	0.00340890255586214	0.0291428468976718	0.0130511423142128	0.0254808345520267	0.00689989468575722	0.169174068684979	0.0597569386799489	0.0655642503404943	0.0997568368097112	0	0	0.0414900620550407	0.27	0.0689860223529986	1.04778690213767
TCGA-HZ-7918-01	0.0317319045784751	0	0.0507861380901114	0.0337629302497272	0	0.238771569338618	0.0142447519317679	0.0379314889403356	0.0290460670174715	0	0.0620286852598102	0	0.000749800132642441	0.0844864608391039	0.119289933992746	0.186161096431884	0.0777290452631599	0	0.0224900620046226	0	0	0.010790065929524	0.002	0.329748408818201	0.948349447702244
TCGA-3A-A9IJ-01	0.0515162990326058	0	0.0525602498916142	0.0667177532191027	0	0.0429666512584973	0	0.11467211126335	0	0	0	0.0797313820484779	0.0144499368692257	0	0	0.474059778977157	0	0	0	0.103325837439969	0	0	0.912	-0.0220323345405233	1.1176084211674
TCGA-3A-A9IL-01	0.0985745341312105	0	0	0.0610199546048122	0	0.211550824139128	0	0.000517043735640203	0.0642440440571455	0	0.0224342901033531	0.011375302227461	0.0216045700661879	0	0.00407099525123177	0.327289488215301	0.00439298384838194	0.0278526580267221	0.145073311593425	0	0	0	0.608	0.0177935807338007	1.07613262650161
TCGA-IB-7889-01	0.0863889685834629	0.0396961202780063	0.0244864368634397	0.101220238646863	0	0.103732270166451	0	0.0144407602323861	0.0219116813532377	0	0	0.00415228433777329	0.0621016848515951	0.167315621428802	0.0323811566707112	0.270051590881414	0.0148811158881657	0	0.0572400698176908	0	0	0	0.002	0.334854338373171	0.946914055119281
TCGA-FB-AAPY-01	0.0591853064365584	0.0580512219031587	0	0.0848834530989034	0	0.17992380383931	0	0.0544246901641635	0.0642680752368264	0	0	0.0115176166666651	0.0158258642953107	0.0414671192996945	0.0221299050069928	0.300207473390909	0.0327072197772283	0.0430118571887049	0.0323963936955741	0	0	0	0.002	0.265388744130618	0.976307132756323
TCGA-HZ-7919-01	0.0237209076112314	0	0.0198162540386793	0.0553675478442904	0	0.220236656362775	0	0.0467712913071374	0.014156527527768	0	0.0205712718844851	0.0039377983583059	0.0245203095467368	0.0441748255935594	0.0574411785536421	0.248350431407229	0.0440607322835657	0.0365227524544885	0.140351515226106	0	0	0	0.147	0.100685094361289	1.04005572178766
TCGA-IB-7891-01	0.0470176831777665	0	0.0501630971321369	0.0447543374908043	0	0.176115130205763	0.0162863416006047	0.0151495430162865	0.0365837696918537	0	0.0284899977653906	0	0.0334869676514663	0.0845957177160083	0.100180738435908	0.243888282595061	0.0407485783734576	0.00322844398700699	0.0769053451724758	0	0	0.00240602598800904	0.016	0.219142512720006	0.993167247532335
TCGA-US-A77J-01	0.464526968619213	0	0.0218388683659928	0.0639460849990063	0	0.0483607158991171	0	0.0808153947312719	0.0129964104299112	0	0.0192041754570249	0	0.00592834881955341	0.103105828073795	0.0165406984291239	0.154594669269423	0	0.00233631101715029	0.00580552588941663	0	0	0	0.001	0.441227108068748	0.899070438832244
TCGA-IB-A7LX-01	0.0214854161835694	0	0.025956987095157	0.00492227223292572	0	0.241633140175081	0	0.132634813647724	0.0289512842599758	0	0.0368936118993452	0.0150496374281346	0.00600142151713934	0.240015645947933	0.0460888607111153	0.145329226502588	0	0.0265420504786077	0.0284956319207042	0	0	0	0.319	0.0592418334321914	1.07482160328748
TCGA-IB-7893-01	0.0404046938290937	0	0.00472877485814144	0	0	0.150564303599582	0	0	0	0	0.0153904949335445	0	0	0.339475772345221	0.0193853918438413	0.331966551427258	0	0.0391641197416328	0.0571243901887328	0	0	0.00179550723295276	0.012	0.224879001964594	1.03064413867267
TCGA-2J-AABA-01	0.126085640125171	0	0.106099262690439	0.0690982247628641	0	0.281563595064427	0	0	0.049000956918201	0	0.00256360708202989	0	0	0.0873848146421984	0	0.205800684388353	0	0.0320433456808358	0.0403598686454813	0	0	0	0.158	0.0962402915376371	1.04203146817301
TCGA-US-A77G-01	0.0428016703110269	0	0	0.00651683738306613	0	0.429803990310523	0	0	0.0332088214533776	0	0.0458042255029097	0	0.0466017932480559	0.0413850575153606	0.0259415233092923	0.260047626016289	3.86771490038544e-05	0.0488360412389953	0.00524849592686383	0.0137652406352359	0	0	0.354	0.0545784592380973	1.07460953091396
TCGA-HZ-A9TJ-01	0	0.0144080491990714	0.0194732738509193	0	0	0.240858107658688	0	0.0361458473461152	0.123017419968768	0	0.00780254021102657	0.00814639592903308	0.0213081151757606	0.230088114340623	0.0394043279128577	0.175323443483187	0	0.010261426789753	0.0737629381341983	0	0	0	0.273	0.068138557691725	1.06772815922722
TCGA-3A-A9IR-01	0.0903513052461846	0	0	0.0677833784339225	0	0.197995418978493	0	0.070690386712452	0.0544110040207442	0	0	0.0295709405789373	0.0290995263789815	0	0.0643018761641205	0.305717481721437	0	0	0.0900786817647275	0	0	0	0.866	-0.0134455932145746	1.09058669202566
TCGA-IB-AAUR-01	0.418886616593158	0.0785124400174421	0	0.10119784932632	0	0.0248797992185969	0.0119253202877083	0.0683416125303954	0.0301447511363539	0	0.00989545830533638	0	0.0103120717298515	0.0970267233094842	0	0.0742278371381097	0	0.0322246887645957	0.0424248316426481	0	0	0	0	0.557767684425158	0.830770831953907
TCGA-HZ-8317-01	0.00583571911147178	0	0.0363829241870337	0	0	0.362104242242572	0	0.0191392159814684	0.0361056568367058	0	0.0109363717621849	0.0399401298072002	0.0377227624953925	0.167319507250241	0	0.143205841938268	0	0.0310202453614278	0.105890018481502	0	0	0.00439736454453227	0.664	0.0112684970222672	1.08478491797027
TCGA-XD-AAUI-01	0.25259154270677	0.00997306042052224	0.0238519917813667	0.0359238484697893	0	0.120677411967086	0.00155256967573056	0.0653377983932012	0.00944901478419355	0	0.0275743380186705	0	0.00204287019135916	0.186833082947768	0.0103554126757174	0.227179380397135	0	0.0236075558973349	0.0028868998070523	0.000163221866303403	0	0	0.016	0.220095502855234	1.00267614128394
TCGA-IB-A6UF-01	0.00612296285463221	0	0.0138041036953607	0.0783481877762687	0	0.110240700054523	0	0.050812146457758	0.0140378824473992	0	0.015956786631534	0.0487507639667732	0.0180274621432834	0.109498691000139	0.0304305287647484	0.337292084687998	0.0209451110207643	0	0.139446121012376	0	0	0.00628646748644222	0.598	0.0199520681163941	1.08542392860259
TCGA-HZ-8637-01	0.0440219553636221	0.0353394427936024	0	0.0620422786521398	0	0.118890993695583	0.00872397042117157	0.0472206657121791	0.0476786346119348	0	0.0305083754832395	0	0.0150573237920154	0.14404146596379	0.171324266596152	0.228802893152962	0	0	0.0428930811399111	0	0	0.00345465262169676	0.001	0.437834104266877	0.899300772668682
TCGA-HZ-A77O-01	0.0194006799811847	0	0.0300975524003871	0.0445541515782483	0	0.0445530836008611	0	0.0718288857357123	0.0545512650052289	0	0.0061868371943874	0.0408426075755627	0.0114905361227871	0.178516906705302	0.0684636195268596	0.316644929051874	0.0506055652525266	0.00106413519326533	0.0559031492855531	0	0	0.00529609579025974	0.0580000000000001	0.147295594081417	1.03794232000268
TCGA-3A-A9I9-01	0	0.00462329016963978	0.000534980410121295	0.108455889351334	0	0.0610332633096108	0	0.0256099625938501	0.0887958046565904	0	0	0.0578544647024874	0.0808726466463165	0.114562289647879	0.00734442483126509	0.271712027440892	0	0.0149935896563529	0.163607366583661	0	0	0	0.104	0.115262344808174	1.0431634194415
TCGA-IB-A5SQ-01	0.0517245014209017	0	0.00275194347298618	0.029184777334424	0	0.141746996606455	0	0.0107359430078966	0.03405259749568	0	0.0143967693196407	0	0	0.320784285620258	0.0217465386246576	0.316681346193204	0.00617299750159563	0.022196005600402	0.0278252978018986	0	0	0	0.002	0.328185367865438	0.967736045115001
TCGA-HZ-7289-01	0.0384731288280041	0	0	0.0944894269675757	0	0.197648195840968	0	0.0110083596413289	0.182829350924198	0	0.0158889851885719	0.108665838716014	0.0250345553386158	0.205027780726351	0	0.0896995879441802	0	0.0139085097430548	0.017326280141138	0	0	0	0.684	0.00960986523772215	1.11390389913028
TCGA-2J-AABR-01	0.00514157726865127	0.0163628159873127	0.0176458077490679	0.0400257292463695	0	0.303890938024058	0	0.12497926519694	0.0167392183031564	0	0.0333157161010592	0.0184705581900846	0.0617285942832656	0.086745995364337	0.0396255562524726	0.22073674744298	0.00622159867447477	0	0	0.00836988191576994	0	0	0.055	0.151883918525467	1.03201456052122
TCGA-IB-8126-01	0.121590698904756	0	0.008073738103819	0.111079972934327	0	0.201607838587451	0.00440137933356797	0.0713926103323831	0	0	0.0436180948709927	0	0.036756543230779	0.0194813736434594	0.0294227988720187	0.20066854454116	0	0.0273629044376114	0.124543502207675	0	0	0	0.026	0.189089422045404	1.00572796947361
TCGA-HV-AA8V-01	0	0	0.0194818386020513	0	0	0.158274380458256	0	0.0150950077512987	0.073703253878412	0	0.00798413384896143	0.0435602090839763	0.0046727701451283	0.349469397001669	0	0.166082994505034	0	0.021250029776967	0.140425984948246	0	0	0	0.013	0.223331196571664	1.01423332043285
TCGA-FB-AAPZ-01	0.0502040634726007	0	0	0.0690742179761066	0	0.156887616895387	0	0.0358255316861305	0.0511094427509905	0	0.0176414149913619	0	0.00938486402242654	0.256199371506106	0.0316003148144344	0.270696264452334	0	0.0107870189856732	0.0395458996747982	0	0	0.00104397877165048	0.023	0.200431750034831	1.01958146885768
TCGA-IB-AAUS-01	0.0269167642554719	0	0	0.0331112096702129	0	0.123038089176462	0	0	0.015650372681142	0	0.0395190445847632	0	0.010841679612165	0.272543818037459	0.00364235759908813	0.389106290684239	0.00865934273609254	0.0139455509129491	0.0585343486870469	0	0	0.00449113136290867	0.001	0.409520094406715	0.921540990157494
TCGA-2J-AABE-01	0	0.0132358445072417	0.0154578687920736	0	0	0.216749979730134	0	0.0325945319841507	0.0467577384693336	0	0.0167889435819201	0.0470357304182771	0.0811810723883048	0.21255769387039	0	0.182378866856925	0	0.0409801030395992	0.0909451396923966	0	0.00333648666925332	0	0.048	0.156839204531134	1.02661423238176
TCGA-3A-A9IC-01	0.0350520213447708	0	0.0286142823858096	0.018247939128288	0	0.194083259355903	0	0.0231081651609298	0.0201999655688945	0	0.0115439269525555	0.0237231628598398	0	0.124023605058565	0.00881322924943814	0.404167799289076	0.0125387473769184	0	0.0514044988859426	0	0	0.0444793973830694	0.269	0.0701978658734876	1.0737997622872
TCGA-HZ-8638-01	0.084260466943466	0	0.0753325564780008	0.143397981713223	0	0.201132492147637	0	0.0431832186446779	0.0113824385543798	0	0.0368601144803155	0	0	0	0.137218650809129	0.119220895229775	0	0.00341478748023812	0.0672096386494259	0	0	0.077386758869732	0.92	-0.0238985621776055	1.10353400861903
TCGA-HZ-8519-01	0.0951898356009201	0	0	0.073664713695015	0	0.233469849900168	0	0.0539389830576424	0.00337898055377225	0	0.0306795551534707	0	0.0102216401603969	0.119045011675618	0.0548227582565509	0.226628244020201	0.0202537830374688	0	0.0787066448887758	0	0	0	0.073	0.132275639171505	1.03279804328271
TCGA-HV-A7OL-01	0.239626758236006	0	0.029638913065089	0.06054769306061	0	0.130385540497178	0	0.116368750187964	0.0325127981022047	0	0	0.036038742016478	0.00412474711928556	0.0997361307839929	0.0378433808653374	0.146707389840836	0	0.0121869846959993	0.0427306736265108	0	0	0.0115514979025079	0.002	0.28886415762586	0.966234414478006
TCGA-Q3-AA2A-01	0.000842249261325077	0.0105027944188382	0	0	0	0.216224366710591	0	0.00527757933397607	0.0466892634117389	0	0.00448851759053352	0.0289224283722341	0.0029845584583231	0.453481219184433	0.0194095591357843	0.181861545119601	0	0	0.0293159190026214	0	0	0	0.056	0.151213700927716	1.07932822925744
TCGA-LB-A9Q5-01	0	0	0.0147478064381618	0.0262323360126021	0	0.0967263250975455	0	0.0283214296607477	0.0793125156488398	0	0	0.0516088622007396	0.103416503603958	0.174749626163471	0	0.173692030145379	0.0306254772855077	0.0374209074150381	0.141826194401637	0	0	0.0413199859263736	0.0570000000000001	0.150028805778949	1.02701650346026
TCGA-2J-AAB8-01	0.00335351214207499	0.017051401812262	0.0231179259610538	0	0	0.140910208954184	0	0.131078208336261	0.0594002049136232	0	0.0166428502831179	0.0501769775808781	0.0267386162473836	0.161373293607688	0	0.205600908571757	0	0.0486642711056177	0.115262488246058	0	0.000629132238040838	0	0.215	0.081163918163718	1.05259254282489
TCGA-IB-7888-01	0.119828211415735	0.0115357899096605	0.0286824105520426	0.0916306190498338	0	0.230940101660401	0	0.0589740082802242	0.00705839671863727	0	0.019030643595898	0	0.0811206108998599	0.0441522564912067	0.0188845620293776	0.162693781279997	0	0	0.110577391616144	0	0	0.0148912165009821	0.102	0.11661527789024	1.03296270504087
TCGA-IB-7645-01	0.0749640829632324	0	0	0.0376175201942765	0	0.194220657456917	0.0180589467069846	0.00982815314070446	0.0462254299754373	0	0.0382635190969472	0	0.0227492210925977	0.0813738936235924	0.0508934086882827	0.370772351005337	0.00425614064289576	0.0143307724811564	0.0210833318584792	0	0	0.0153625710731587	0.00900000000000001	0.236897277093835	0.993363408799162
TCGA-3E-AAAZ-01	0.0894680257155141	0	0.030309067050205	0.0428702073782931	0	0.201442060150731	0	0.0275991982928666	0.00666346397096379	0	0.0488622912801334	0	0	0.0828863299680375	0.00914500280671037	0.359783663166426	0	0.00886734953156481	0.0921033406885545	0	0	0	0.423	0.0433784011933445	1.07013360190785
TCGA-3A-A9IX-01	0.170704291667152	0	0.0140221879554495	0.0795539176836418	0	0.179141574167438	0.00045604011984234	0.0351159602721519	0.0418757309026944	0	0.0314400811310248	0	0.0487971679213906	0	0	0.213967473200666	0.0479227074596629	0.0802469465023574	0.0567559210165287	0	0	0	0.00800000000000001	0.240939718684113	0.982762266857083
TCGA-RB-AA9M-01	0.0197551134476474	0.0133245785562454	0.0237025733772486	0	0	0.164717930261681	0	0.0670416145312402	0.0831979071630567	0	0.0513735864427645	0	0	0.162335942017532	0.0457538960343832	0.326108161518744	0	0	0.0319630259500816	0	0	0.0107256706993752	0.367	0.0518737032596811	1.07629476441516
TCGA-IB-AAUM-01	0.045714772680813	0.0163058978175991	0	0.0445517236944488	0	0.119816272936172	0	0.0349796206032219	0.0847121265810713	0	0.0564851383730448	0	0.0329873937353853	0.283988241790713	0.0253441080873474	0.209607004079234	0	0	0.045507699620949	0	0	0	0.031	0.17932428833915	1.02688580771536
TCGA-IB-A5SO-01	0.0543512232202734	0.14026674514497	0	0.0803026002283092	0	0.0879323773174099	0	0.0351568987507925	0.0126471525200564	0	0	0	0	0.278782639530484	0.0191358399582116	0.233049296582881	0	0.0200306302683341	0.0383445964782788	0	0	0	0.00800000000000001	0.238381771733216	1.00049771523985
TCGA-F2-7273-01	0.0367938384025752	0	0.00235722245102233	0.0422730608362628	0	0.251377469008206	0.0102146582397341	0	0	0	0.0653724779952411	0	0.0385513899629301	0.00676924764852917	0.0248066000986655	0.367594292412079	0.0279262320399942	0.0200117936139955	0.089282088670274	0	0	0.016669628620491	0.024	0.197735548579574	1.00610857075986
TCGA-RL-AAAS-01	0.148856802842298	0.003579313670281	0	0.168379726226351	0	0.11340601437786	0	0.0152073389525567	0.0503736563722254	0	0	0.0464649246961328	0.0298660978720661	0.0222600464866419	0.0286977781727906	0.16769658847526	0.0891236472539676	0	0.11608806460157	0	0	0	0.002	0.263157837629558	0.974983481887941
TCGA-L1-A7W4-01	0	0.0119581919756581	0.0402429470240001	0	0	0.359889112158523	0	0.107490515199016	0.0640360625910628	0	0.00622570562736878	0.0112330793030083	0.0376719761103525	0.237723301457922	0	0.0702018569212438	0	0.0393181553712006	0.00588654112270539	0	0.00812255513793867	0	0.193	0.0857519265512207	1.06957467566163
TCGA-2L-AAQE-01	0.0937752974462442	0.0667301980597174	0	0.0157077441982712	0	0.156629407740335	0	0.0459870691847769	0.11144573135592	0	0.0213764139480238	0	0	0.270127996470588	0	0.116984782933336	0	0.0653559230206309	0.0358794356421578	0	0	0	0.079	0.129460020979135	1.04289289353183
TCGA-YB-A89D-11	0.0112838211769025	0.00373837161146354	0	0.0319078883526202	0	0.0961224064044986	0	0.00962126665028933	0.0288250608991551	0	0.00839926912644585	0	0.0606093535141751	0.406482783342171	0	0.256805237687944	0	0.0596625663911861	0.0265419748431493	0	0	0	0.001	0.392566909133637	0.939851725940846
TCGA-OE-A75W-01	0.0205591818206529	0	0.0257230410534674	0.143195779287762	0	0.256483079411493	0	0.00831835649893787	0	0	0.0219098292354819	0.0167076507713349	0.0154877772767536	0.201294151741577	0.049593126817679	0.164276694412808	0	0.0419417950630122	0.0345095366090395	0	0	0	0.043	0.16009031845331	1.03196549764736
TCGA-HZ-A49H-01	0.0434532107591623	0	0.0452411700157665	0.0880896445586984	0	0.216425071485197	0.0168756297984709	0.0143820602899529	0.000571029093926206	0	0.0490313886827503	0	0.0315634921577146	0	0.0565805595957274	0.27913203049714	0.0271840499029812	0.0256786467895637	0.0908048166997273	0.00419576425242682	0	0.0107914354207943	0.035	0.169644666780441	1.01135131254185
TCGA-F2-7276-01	0.150246935875245	0	0	0.0124309636834791	0	0.141253755922851	0	0.0560870891261866	0.0023919077057404	0	0.0500724026198516	0	0	0.343335683257198	0.0612333803883256	0.165124025084184	0	0	0.00759080119139953	0.000380476567358848	0	0.00985257857818095	0.002	0.363997039620114	0.941650224692144
TCGA-IB-AAUW-01	0.186058769970704	0	0.00764029781865303	0.0769610333750788	0	0.165262180096063	0	0.0380349586916734	0.00202020036419311	0	0.0397246129865859	0	0.0168348582984051	0	0.0639694448067649	0.292125095362637	0.0179863181781175	0	0.0796858392570971	0	0	0.0136963907940263	0.439	0.0414723318088463	1.0657886327675
TCGA-IB-7897-01	0.0741393238120951	0	0.0162033336127113	0.0540196248828624	0	0.242983063737558	0	0	0.00582574108048871	0	0.00125163478298915	0	0.121757678443853	0.0419097981892318	0.0969201523013923	0.179674188920138	0.00711723289447698	0	0.158198227342202	0	0	0	0.036	0.168788877860528	1.01438398526243
TCGA-IB-AAUV-01	0.0940314168401739	0.0386532628795794	0	0.145228385110287	0	0.192901311743002	0	0.0525664264922246	0.00317326841356337	0	0.0091773101667847	0	0.0124496855847215	0.00454563167677203	0.0232057259666329	0.329459074357854	0.0344995951542158	0	0.0488263797092804	0	0	0.0112825259049076	0.019	0.207816447879164	1.00285737018873
TCGA-3E-AAAY-01	0.00661406641066342	0.0148742716586396	0	0.0655752370069926	0	0.143182330276732	0	0.0583820121508123	0.101842100866625	0	0	0.0469738546405668	0.032239530632645	0.0596114187802099	0.0393159872665964	0.275253535331951	0.00390209425913419	0.00491943600620615	0.14688839224236	0	0.000425732469864458	0	0.075	0.131394614464317	1.03238175560546
TCGA-HV-A5A4-01	0	0.0260568797623726	0	0.0155005559137138	0	0.175016857391242	0	0	0.0380258665965003	0	0.0231659988218021	0.0120956751051215	0	0.449254621688318	0.0301562223509994	0.1890063991743	0.00130865201271899	0	0.0404122711829108	0	0	0	0.0570000000000001	0.148663696837915	1.07874960565413
TCGA-LB-A7SX-01	0.0254903834755243	0	0.324759965388606	0.0718023114181245	0	0.237913216675793	0	0.0359638835282762	0	0	0.0191237582602468	0.00491724922335954	0.00785841851685946	0.108321147154999	0	0.110400012085791	0	0.0210177143475924	0	0.0229137877459858	0	0.00951815217884285	0.478	0.0357580114366706	1.05121156187325
TCGA-3A-A9IO-01	0.191169413397887	0	0.043350723472925	0.0342776430945428	0	0.133215173333691	0	0.0139961450461328	0.0606761903683277	0	0	0.0573343103519394	0.0218584441214981	0.116314622646517	0	0.17270469037786	0	0.054983933741543	0.100118710047137	0	0	0	0.873	-0.0151937498259452	1.08190120876993
TCGA-3A-A9IB-01	0	0.0164551791952972	0	0	0	0.161070875245229	0	0.00482676795835158	0.0294435462595713	0	0	0.0355313896353027	0	0.213429306289183	0.0480861422881376	0.376757929271812	0	0.00204047805355299	0.111993064611536	0	0	0.000365321192027152	0.023	0.200939679761527	1.02487806210113
TCGA-IB-7885-01	0.0236209410137419	0	0.0430119329050334	0.0938685224851104	0	0.0847278075242319	0	0.0621139828793244	0.112513368294645	0	0.00639534703945043	0.0271567551936294	0	0.184926851310022	0	0.255586032077055	0.0103924280371483	0.0591139855811611	0	0	0	0.0365720456594471	0.0620000000000001	0.143708074187975	1.03648914700265
TCGA-IB-AAUN-01	0.109189997277901	0	0.114872693309813	0.0759137724110222	0	0.0236666584357212	0.027536764466979	0.0530703157014071	0.0186886400265832	0	0.0147523604803271	0.0207026256695892	0.00854862869021305	0.11693090080572	0.105933726919253	0.21139632968796	0.00865818514680264	0.0169155278671417	0.0732228731035669	0	0	0	0.188	0.0880323681087422	1.04301386655678
TCGA-3A-A9IZ-01	0.0233959516858125	0	0.0168737107992687	0.114279710560798	0	0.203683676292455	0	0.051555832086925	0.128663309016135	0	0.0315341888803548	0.0281823168549011	0.058802093715537	0.180045543855613	0	0.0410493658062641	0	0.00907904219107091	0	0.0491330646837649	0	0.0637221935710996	0.78	-0.000376789306456294	1.10413486094876
TCGA-FB-AAQ2-01	0.107758858513429	0	0.023251985694371	0.0606694573309398	0	0.0858278975321627	0	0.148770596460658	0.0839337814940936	0	0.0358268818066645	0.0162863943228268	0.0341438004340931	0.222273561861821	0	0.122065991585958	0	0.0198259813292395	0.0354286850948846	0	0.00393612653885773	0	0.197	0.0848437314681821	1.05607070643071
TCGA-H6-A45N-01	0.0228966926953177	0.0458437246421268	0	0.0827306253890601	0	0.134655795826725	0	0.0276637001049195	0	0	0.0400996679121531	0	0	0.375750232692751	0.0345937997592298	0.21563600007492	0	0.00422419385292987	0.0159055670498671	0	0	0	0.002	0.302709155635395	0.981705358772087
TCGA-F2-6879-01	0.0474958949705456	0	0	0.0168395982918735	0	0.219536565369602	0	0.00942822840935369	0.0338030408869667	0	0.0419471245404464	0	0.00371645714438698	0.164690187895172	0.0919879913873336	0.207363997050072	0.0516537112978829	0.0238757595272269	0.0815454006544513	0	0	0.00611604257468693	0.27	0.0693076021411221	1.06351878811972
TCGA-H6-8124-11	0.0428037420016813	0	0.00494417151833491	0.0527601022293872	0	0.152770435116956	0.00424916477360439	0.00716834420476309	0.0238327614875348	0	0.0147071217320981	0	0.00530945757260881	0.139307359459981	0.0462957410809529	0.412033973959338	0.0472890283348687	0	0.0396157028762042	0	0	0.00691289365168663	0.002	0.27722759166217	0.982416061362129
TCGA-2L-AAQJ-01	0.161817860806808	0.0129306437974732	0	0.00104623305413236	0	0.135570118839763	0	0.0869381158189124	0.0588912145189947	0	0.0246747662577594	0.00534970784704529	0.00875912908348198	0.261946304097124	0.04331445257827	0.182855358032804	0	0	0	0.0159060952674318	0	0	0.0570000000000001	0.149961315874875	1.03816548981277
TCGA-2J-AAB6-01	0	0.0010724553273945	0.0466622126825506	0.00621641293197608	0	0.136426193368183	0	0.0171433209817864	0	0	0.00579095120477755	0.015454481267475	0.0382538835144791	0.222179973627646	0.0406365441677351	0.36402641124732	0.0054851799495632	0.0284095284001036	0.0655158098223013	0	0	0.00672664150670818	0.028	0.183850565934626	1.03296481649703
TCGA-LB-A8F3-01	0.0751602279161143	0	0	0	0	0.171043088550608	0	0.0280315700698912	0.102698623860076	0	0.0364251168691039	0	0.0438113336159693	0.211490516667191	0.0246354308790068	0.246263372587037	0	0	0.0497860271601977	0	0	0.0106546918248048	0.341	0.0562565570863323	1.07306326165035
TCGA-IB-7647-01	0.234129673617182	0	0.00745300019846034	0.0345361627364076	0	0.174725184888007	0.0069610051444738	0.047829862607391	0.0214742056814786	0	0	0	0.0163294524359564	0.0318781999973006	0.0282279383431639	0.273953195088137	0.0372954384942064	0.0326182905417593	0.0514882587563441	0	0	0.00110013146973228	0.00700000000000001	0.241068350637168	0.985886435617605
TCGA-HZ-7920-01	0.181339878277547	0	0.0101235851239064	0.0440291466767836	0.0161692792754622	0.112958710701163	0.0240066861286818	0.0154508088077705	0	0.00182161617400726	0.0209005161509721	0	0.0679071836045299	0	0.0379513469002744	0.326423770896204	0.0329907118978764	0.00285973499529749	0.102818790003469	0	0	0.0022482343860546	0.029	0.182330454641807	1.00791878205812
TCGA-FB-A5VM-01	0.028122769384806	0.0220211409748452	0.00800751038621036	0.0601837146627788	0	0.0501316239589739	0	0.104085508582062	0.0575705576959256	0	0.0119096904239352	0	0	0.309925120666174	0.0128364784953686	0.253059421306598	0	0.048800146298413	0.0329567835759813	0	0	0.000389533587927198	0.001	0.438661032112714	0.90067179333187
TCGA-HZ-7924-01	0.0429519736787212	0.0422047021634138	0.0290926871802374	0.0438864099280305	0	0.227506720700036	0	0	0.0025754540420015	0	0.0348029179283277	0	0.0140636784358133	0	0.0087891692895097	0.293030965212872	0	0.0255837422693299	0.226787691974195	0	0	0.0087238871975126	0.632	0.0151000189382685	1.07613778326834
TCGA-IB-7887-01	0	0.00680197434474954	0.0224077375742332	0.184320217571212	0	0.0863397287452634	0	0.0666520601131996	0.0607977199570322	0	0.0612842689139959	0.00365960900130808	0.00369667770085197	0.0917371790845279	0.0708065516528413	0.133484242344367	0.0470114763144548	0	0.0613336089675506	0	0	0.0996669477144124	0.472	0.0364064924582834	1.07594167625917
TCGA-HZ-8636-01	0.00655582182006822	0	0	0	0	0.222400413713931	0	0.00549829720470941	0.0438588363200949	0	0.0166820257297735	0	0.0997113763422458	0.168685161333438	0.0214282940142417	0.308802595330578	0.0502832677636185	0.0246790290560603	0.0282881486860591	0.0025718413047115	0	0.000554891380470056	0.017	0.213599555743902	1.01004967598022
TCGA-IB-7646-01	0.000635373684759268	0	0.0381449835340188	0	0	0.167212103419934	0.0201435102136394	0.0396617763645698	0.00354401166555437	0	0	0.0130695676257773	0.0131688246963976	0.00713804185411261	0.0901308009403514	0.353231999024137	0	0.114098558633049	0.0719550894122566	0	0	0.067865358931443	0.022	0.203984634829189	1.00978554751075
TCGA-FB-AAPU-01	0.0757331003081986	0	0.0039636977305003	0.0261975997943411	0	0.263927244244697	0	0.0537345911715626	0.0996660178131508	0	0.067159431798201	0	0.0272400204140907	0.0587474310405834	0.00211328387277459	0.0852645238193043	0.0739811495041481	0.0829245167559458	0.0793473917325019	0	0	0	0.869	-0.0143512378275651	1.08700955944782
TCGA-IB-A5SS-01	0.0329258326813456	0	0	0.00934304793522114	0	0.139879121154802	0	0.0145140070131578	0.0356874310017916	0	0.0348693812830554	0	0.025494632423724	0.307462812116384	0.0106116668919903	0.299792855821488	0	0.0306297138818397	0.0411477114886702	0	0	0.0176417863065307	0.00900000000000001	0.237596363775768	1.0130935267486
TCGA-IB-7651-01	0.029197535970575	0	0.0428237758316247	0.062804932666511	0	0.173834499244943	0.0241009670619151	0.0353020855212577	0.0087960472989029	0	0.0467641620523874	0	0.00324177518075313	0.100894276373968	0.123775703165015	0.271341967826381	0.00609030024732506	0	0.0710319715584406	0	0	0	0.00900000000000001	0.234163671425964	0.992700967287364
TCGA-HZ-A8P1-01	0.055129366021893	0	0	0	0	0.30722491973231	0	0.00333652223609385	0.0875358939533702	0	0.059754337051014	0	0.0185609784067538	0.164592403192436	0.0157406003092657	0.26215895496737	0	0.00202818624181129	0.0239378378876826	0	0	0	0.437	0.0419580962594719	1.0819235131886
TCGA-S4-A8RP-01	0.0806035081740334	0	0.00490570440644407	0.0255829155103577	0	0.148016125754158	0	0.0190756397267807	0.0356086474301335	0	0.0292029239013614	0.00607034630753125	0.0322053342972597	0.127143995282827	0.0996294260102779	0.296243571315944	0.00300794045373007	0	0.0927039214291607	0	0	0	0.12	0.108915764365733	1.04769828067541
TCGA-HZ-8005-01	0	0	0.0370936841886452	0.00155556972497402	0	0.157124703912171	0.00552929714174325	0.0479137034989255	0.00579080802325545	0	0.0467277747262903	0.0115557469213573	0.0115635440218924	0.181070374688732	0.150302939930818	0.274288355951961	0	0	0.0694834972692347	0	0	0	0.02	0.206463576762106	1.01723132214499
TCGA-US-A776-01	0.105346757416953	0	0.0521037863447197	0.00448116313011156	0	0.254668911507667	0	0.0320187279142652	0.164921142489858	0	0	0.069327991575205	0.026508690772694	0.101905396447888	0.0254863659710961	0.0987028360780246	0	0	0.064528230351518	0	0	0	0.59	0.021857564632591	1.07868100290852
TCGA-HZ-A49I-01	0.027996430473709	0	0.00356280041965387	0	0	0.0690031987139314	0	0.0417394602754391	0.0686139037945654	0	0.0391143384450749	0	0.318755223490505	0.347795862197596	0.00462966249677134	0.0518065651506733	0	0.00538078299721517	0.021601771544865	0	0	0	0.002	0.303327245649881	0.978920256173335
TCGA-S4-A8RO-01	0.000973069552498232	0.0055569788103362	0	0	0	0.224747002191237	0	0.00833623447695889	0.0588325745788803	0	0.0546943048713024	0	0	0.375388411281457	0.0106760845354859	0.204239469520708	0	0	0.0565558701811363	0	0	0	0.00700000000000001	0.2414519242081	1.01389125269333
TCGA-FB-AAQ1-01	0.0101992896101298	0	0.0210760324177173	0.06510593813161	0	0.10698781642594	0	0.0197957647086158	0.0851640904887083	0	0.0175805827990396	0.00705593569367414	0.0513457325249177	0.343028489013651	0	0.187734338180937	0	0.0148663950777125	0.0700595949273472	0	0	0	0.036	0.168210296541844	1.04081460787912
TCGA-IB-8127-01	0	0.000909108157886819	0	0.0106035058637632	0	0.239009796505159	0.00470811032452161	0.00214114912306179	0.0315186792246744	0.00260264966468103	0.030162835509377	0	0.0542451483014627	0.214251604276349	0.00699058252985895	0.321001596615867	0	0.0455860517791845	0.0362691821241531	0	0	0	0.013	0.222330615582494	1.01045058217091
TCGA-S4-A8RM-01	0.0523262162676531	0	0	0	0	0.452118544227293	0	0	0.0679285186228864	0	0.0594440372791957	0	0.0147967215868504	0.0243307787042125	0.0117155111244407	0.245949858837044	0.0253838659457393	0.0223542079212262	0.0236517394834585	0	0	0	0.376	0.0506174858440989	1.07965902076286
TCGA-F2-A7TX-01	0.0573550832452576	0	0.00494148383730063	0.0791422267227169	0	0.167038859124308	0.0296160170998668	0.0802757349829444	0.0114174403617577	0	0.0410497960229627	0.000324391837185397	0.00814640623747725	0.059112075821467	0.160501575186569	0.221302178500672	0	0.00408315158357199	0.0756935794359429	0	0	0	0.002	0.304802920727661	0.963917122873655
TCGA-2L-AAQI-01	0.000160087352980448	0.0112973959788612	0.00469590040752425	0	0	0.340741377513185	0	0.00989344385377082	0.101308672191458	0	0.0734493328830795	0.00505354609178964	0	0.329838022804494	0	0.115201892800314	0	0.0012078205923809	0	0	0	0.00715250753016202	0.098	0.119679218956027	1.07087186394894
TCGA-2J-AABP-01	0.00479977870904159	0	0.0333232684933816	0.0453276978405746	0	0	0	0.0430681561189665	0.0428958056950656	0.0084742602845632	0	0.031154703039014	0	0.324034553432625	0.0511680376451885	0.38041849817138	0	0	0.0283554303275677	0	0	0.00697981024263156	0	0.634591157670877	0.77478451441096
TCGA-RB-A7B8-01	0.0196708240872082	0.0124945207324506	0	0.0566067591940693	0	0.246098989092859	0	0.0323699580752697	0.0826597619363952	0	0.0198339113657715	0.0180594683249876	0.0103111632549773	0.156171326720276	0.03465348478663	0.263904289928345	0.0248521737178715	0	0.00709940270685356	0.0110480357653281	0	0.00416593031070771	0.0610000000000001	0.144073474256274	1.03856133689418
TCGA-2L-AAQA-01	0	0	0.0451677871202735	0	0	0.224138134149512	0	0.040058912959432	0.0831628307112621	0	0.038022231317353	0.0209944270600844	0.0343059209467541	0.338893719158452	0	0.0953397878754728	0.020710751450114	0.00534351866055749	0	0.0343399707911719	0.0195220077995599	0	0.121	0.108630076580185	1.06501881127628
TCGA-FB-AAQ6-01	0.0489625554021231	0.0289327478076016	0.0140406503573979	0	0	0.270696178168563	0	0.0113748397000051	0.10111851403627	0	0.0362125541029071	0.0230755479512158	0.0012468294487908	0.232849666446713	0.0548818922547629	0.151777461009741	0	0	0.0248305633139091	0	0	0	0.324	0.0584898237195449	1.0744227599216
TCGA-IB-7644-01	0.035898827899951	0	0	0.0462390825071944	0	0.345759886779367	0	0	0.0511315242400746	0	0.00428537695819184	0.0146280359089639	0.0221666684830218	0.0387547128028552	0.00751432412139926	0.210178324164771	0.0586890675633302	0.0382595047015419	0.102668992492836	0	0	0.0238256713765018	0.23	0.0786210485495685	1.05343417163394
TCGA-HV-A5A5-01	0.0359297863906561	0	0.00321864107900816	0.0143174682642236	0	0.216663743435482	0	0.0440081793394296	0.0736327326632271	0	0.0682118903255056	0	0.0178666871428978	0.141621013070379	0.0248574437665739	0.288383525882724	0.00297582164644281	0.020175079067308	0.0479794503782425	0	0	0.000158537547900323	0.192	0.0869179175800762	1.05705173172959
