B cells naive	B cells memory	Plasma cells	T cells CD8	T cells CD4 naive	T cells CD4 memory resting	T cells CD4 memory activated	T cells follicular helper	T cells regulatory (Tregs)	T cells gamma delta	NK cells resting	NK cells activated	Monocytes	Macrophages M0	Macrophages M1	Macrophages M2	Dendritic cells resting	Dendritic cells activated	Mast cells resting	Mast cells activated	Eosinophils	Neutrophils	P-value	Correlation	RMSE
TCGA-S7-A7WN-01	0.0636672472929181	0	0	0.00984080632723395	0	0.194459535680699	0	0.0176996686265352	0.0464303478431264	0	0.0451954803071301	0	0.0348134750330178	0	0	0.392665990674439	0	0.0744409427876293	0	0.0572208601355524	0	0.0635656452917185	0.575	0.0102173568519209	1.08903292229787
TCGA-WB-A80V-01	0.00144166063884031	0	0.0252388606203094	0.100198816638573	0	0.105095039264088	0	0.00573513343797716	0.0140593267023081	0	0	0.0848420948239137	0.0603749738281281	0	0	0.419437316265769	0	0.0328451525292727	0.15073162525082	0	0	0	0.847	-0.0176404271139676	1.10415475246957
TCGA-P7-A5NY-05	0	0.0166430318371278	0.0287935849479795	0.00176136997031802	0	0.336183402029865	0	0.0295376778584935	0.0315143353602854	0	0.0525461249423435	0.0337692521615594	0.097451586738921	0.00867383426258991	0	0.265413260874278	0	0	0.0944461902734407	0	0.00326634874279782	0	0.299	0.0458665487525119	1.06831083798746
TCGA-S7-A7WR-01	0.0572977270244459	0	0.109037220968309	0	0	0.120078422330371	0	0.0166578267689693	0.0243780228371319	0	0	0.100121004706077	0.127564714271695	0	0.00299435176298727	0.240084125212472	0	0.0118500400342946	0	0.180878910049081	0.00905763403416601	0	0.699	-0.00111499785447056	1.09715451503618
TCGA-WB-A814-01	0.0451466990276884	0	0.0551465218582953	0.000944167415676335	0	0.186898782940805	0	0.0392204715908688	0.0102944860437738	0	0.0167550136064689	0.0356870971434142	0.0298684999925322	0	0	0.471040743824925	0	0	0.105311616598852	0	0	0.00368589995670052	0.555	0.0111761199987845	1.08907428120534
TCGA-P8-A6RY-01	0	0.0394593226401523	0.0469494451389047	0.0736226387985947	0	0.277139945304929	0	0.0236284725248649	0.0849776049615682	0	0.00476049068346169	0.0327453266486743	0.123057054556758	0.112594968128126	0	0.0250698900967632	0	0	0.153480780296111	0	0.0025140602210925	0	0.444	0.0228185029264483	1.07629644686351
TCGA-RW-A67X-01	0.0242921306547136	0.0626433389428773	0.218791007331272	0.0460798908809179	0	0.131831152286872	0	0.0505617063545621	0.0247909043767519	0	0	0.10119795051071	0.0192659848951535	0	0.0148642382273292	0.208709735028754	0	0	0	0.0969719605100869	0	0	0.121	0.0969451095535429	1.03801991435864
TCGA-SP-A6QK-01	0	0	0.0431491985158419	0.0939829511593698	0	0.495202339694328	0	0.0397453951204056	0	0	0	0.0672634902912335	0.103758576325453	0.0206043844516251	0	0.0116485094147542	0	0.00537071084104098	0	0.0624085803881469	0	0.0568658637978015	0.274	0.0525778148955056	1.10458016242264
TCGA-W2-A7HA-01	0.00321733813006329	0	0.0543987759943359	0.0268130559759136	0	0.391234452339915	0	0.0427193088739908	0.0289860962904415	0	0	0.0671478942109116	0.0741496734182258	0.0362489540153586	0	0.158321220471591	0	0	0.108747627974471	0	0.00801560230478192	0	0.335	0.0407472728712952	1.07477549705783
TCGA-QR-A70O-01	0	0	0.158761967764855	0.00513760649518384	0	0.170262964999422	0	0.00342639109726155	0.03015426584756	0	0	0.085436743358776	0.0699884170458386	0	0.0165318462944221	0.428702294489912	0	0.00267076300793114	0.0289267395988381	0	0	0	0.94	-0.0327180664432925	1.10011896076965
TCGA-TT-A6YK-01	0.0543318757954152	0	0.0215524710096305	0	0.0444031625018757	0.104218537002064	0	0.016797712306136	0	0	0	0.0490036303604971	0.105139825650261	0	0.014240011447639	0.279202644053382	0	0.000273484211269058	0	0.272993666514325	0	0.0378429791475056	0.653	0.00468207368379169	1.12521255191399
TCGA-WB-A81P-01	0	0	0.0831945008194493	0.0708780505318924	0	0.139357050751734	0	0.0901096522399334	0	0	0	0.0599863693571775	0.256067616832411	0	0.00894892828188001	0.22874318322684	0	0	0.0627146479586833	0	0	0	0.56	0.0108714897512913	1.07964033927606
TCGA-S7-A7WL-01	0.069354770460363	0	0.0371213258477265	0.135930289985149	0	0.149440481028309	0	0.0906642925984237	0.011252687510642	0	0	0.0519880367348734	0.0320554154523261	0	0.11550436791359	0.303238031875051	0	0.00112350914767661	0	0.00232679144586931	0	0	0.408	0.0290225520097134	1.08730797004113
TCGA-SQ-A6I4-11	0	0	0.0838881418016184	0	0	0.447347982799391	0	0.0267584074392215	0.00451576655664779	0	0.0771478171438749	0	0.0754818870945973	0	0.00733490502884209	0.186861686805395	0.000739314269071845	0	0.0725906682698095	0	0	0.0173334227915311	0.632	0.00638705981944298	1.08581974656563
TCGA-RW-A68D-01	0.0286198339931393	0	0.134286458833175	0	0	0.203526494147915	0	0	0.0740940368930776	0	0.00115787922082175	0.0285173005773424	0.125091227346232	0	0	0.283362595410733	0	0	0.121344173577564	0	0	0	0.879	-0.021983224554229	1.07713887285011
TCGA-PR-A5PH-01	0.0584544870657458	0	0.280096344236801	0	0	0.249314483249147	0	0.0678805994132237	0.0243279310041022	0	0.00427144975564079	0.0629329204804245	0.0715317254148963	0	0.014543108530552	0.111303373437584	0	0.00116785891768955	0	0.0541757184941932	0	0	0.414	0.0280905096769689	1.05493763583727
TCGA-WB-A80Q-01	0.0634812104741831	0	0	0.0850055077262246	0	0.121977103428915	0	0.109382435356273	0	0	0.0674730753167718	0.0719536750296712	0.119456232973239	0	0.00274335964907702	0.263236489310824	0	0	0.0936105542026647	0	0.00168035653215649	0	0.996	-0.0551016999537439	1.1131847827322
TCGA-S7-A7X1-01	0.0962769885277412	0	0.0872120594403525	0	0	0.113468631256735	0	0	0.041217513644014	0	0.00477190278941664	0.032793930408422	0.0987743601114743	0	0	0.481489984506845	0	0.00127878690916152	0.0267967969927282	0	0	0.0159190454131101	0.444	0.0227811297564632	1.08966856298813
TCGA-W2-A7HE-01	0.0059644372647272	0	0.022194845970949	0.127364664594435	0	0.064920078848795	0	0.0255613881814048	0.0255994756726339	0	0	0.0729064236736175	0.0504642183567487	0	0.0420491943070511	0.373672131926325	0.00477643744544368	0	0.184526703757869	0	0	0	0.421	0.0264865431539317	1.08203301182841
TCGA-W2-A7H5-01	0.0200424807907508	0	0.0780987799984778	0	0	0.231758621274858	0	0.0907677933882945	0.0644856819814134	0	0	0.119869043501005	0.0233450088360399	0	0.00450166031031331	0.20587964505441	0	0.00999724127482235	0.151254043589614	0	0	0	0.721	-0.00384705431955243	1.08798868251375
TCGA-WB-A822-01	0.0359528355588615	0	0	0.0552755210259363	0	0.252765030391402	0	0.00318448795663995	0.0552883153572521	0	0.0236850348927428	0	0.018767733977345	0.099833536524554	0.0085767270026297	0.39655585565177	0	0.0430665035841275	0.00572035222410697	0	0	0.00132806585263258	0.03	0.16572831529981	1.03283176731173
TCGA-S7-A7WO-01	0.0431378438928515	0	0.0155854983253383	0.0275362582316102	0	0.26105258863994	0	0.0557747439374407	0.0489920623926026	0	0.0467230945064785	0.0476592389757117	0.0749330407003261	0	0.0183911698002561	0.225126362040111	0	0	0.130309955850328	0	0.0047781427070057	0	0.454	0.0218169497004943	1.07543434135871
TCGA-SR-A6MX-05	0	0	0.0505918848042355	0	0	0.235105541314204	0	0.0712307087435369	0.0279603738875511	0	0.0296151991107859	0.0447448914403437	0.125532666199223	0	0.0120588935089638	0.377140287474275	0	0	0.0260195535168815	0	0	0	0.236	0.0609522244693652	1.06711196473726
TCGA-QR-A707-01	0	0	0.0753209101251626	0.0264498918207016	0	0.376502279193157	0	0	0.0477449430444684	0	0	0.0500903849058827	0.0677257193800577	0	0	0.209510292528449	0	0.0285242786081155	0.118131300394005	0	0	0	0.512	0.0154336362208353	1.07704597708111
TCGA-WB-A80N-01	0.087751991234608	0	0.0983692756868586	0.133945133806481	0	0.112296159154002	0	0.00186498757959588	0	0	0	0.0457714766146852	0.0367809938502673	0	0	0.393063009716852	0	0.00692980836031021	0	0.0817941535047971	0	0.00143301049154213	0.509	0.015761484643154	1.08237017677901
TCGA-WB-A81G-01	0.0636362212339266	0	0.0571082152269676	0.0195239574482077	0	0.229216310928914	0	0	0.0192319975495746	0	0	0.0579571645233134	0.0778692878324192	0	0.00720065160496417	0.328212470319748	0	0	0.140043723331965	0	0	0	0.633	0.00618289550112614	1.07700382847939
TCGA-QR-A70A-01	0	0	0.0745369369163908	0	0	0.32665330755928	0	0.00972174088195327	0.101356994613766	0	0	0.126308677844058	0.0759314396295934	0	0.00595728133392843	0.193246184305298	0	0	0.0862874369157326	0	0	0	0.648	0.00477572409173492	1.0921150877604
TCGA-RT-A6YC-01	0.00739986934059074	0	0	0.0949010403825105	0	0.312333867367791	0	0.0164716737186945	0	0	0.0355229012368491	0.0202116654332784	0.0477424435147178	0	0.0280710379865249	0.415277901671089	0	0.0070755660813331	0	0	0	0.0149920332666209	0.642	0.00511939110814383	1.1066605302773
TCGA-WB-A81S-01	0.0461749493256839	0	0.0766931094718328	0.0174659589724863	0	0.131496441127936	0	0.0630826711266193	0	0	0	0.0527857685096143	0.0516873732200259	0	0	0.314074143990067	0	0.0304713845736928	0	0.216068199682043	0	0	0.631	0.00645726531298247	1.10059929162975
TCGA-QT-A5XO-01	0.0789461008985296	0	0.105943550737789	0	0	0.230497889395724	0	0.00941442559529666	0.0116859966241126	0	0	0.0524762542112446	0.0432650777859794	0	0.00556903370610938	0.461498073484635	0	0.000703597560579929	0	0	0	0	0.492	0.0176241006619917	1.08704260013666
TCGA-S7-A7WW-01	0.0363789797367434	0	0.00636632880895149	0.0454296949546079	0	0.116498661057653	0	0.0412700416832082	0.00123966296127316	0	0	0.0603605818910857	0.139928588836386	0	0.0143799683303422	0.396554992467995	0	0	0	0.141592499271753	0	0	0.522	0.0142359585846818	1.10371461702859
TCGA-RX-A8JQ-01	0.0601151193731586	0	0.0791151525198766	0.0662756196163554	0	0.330753342920018	0	0.0147199781259423	0.0548979500197969	0	0	0.0316812266717065	0.0243165541797736	0	0.00904752738538834	0.289900997319932	0	0	0.0391765318680524	0	0	0	0.422	0.0261290698629091	1.07769585996155
TCGA-P7-A5NX-01	0.132067721035302	0	0.131648709355477	0.0102198289249756	0	0.153582553995245	0	0.00340490145369776	0.0190542840082141	0	0	0.0864068888733232	0.0457460827085617	0	0.00277175960567755	0.365446748292751	0	0.00261931475917499	0	0.0398227333186999	0.00720847366890094	0	0.767	-0.00876511118220348	1.08606262287678
TCGA-SR-A6MV-01	0.10823597391144	0	0.0644844032077903	0.0782478669617403	0	0.0734101375712743	0	0.0439085630355708	0.0259772676361828	0	0	0.0789100927703536	0.0510025581795417	0	0	0.269584464481926	0	0.0219704632934932	0	0.183168482279057	0	0.00109972667162916	0.778	-0.00977236528441953	1.10193329216696
TCGA-QR-A702-01	0	0	0.133368272401652	0	0	0.321145738112119	0	0.162324488511665	0	0	0	0.158669736577096	0.0821905229097531	0	0	0.111224138707526	0	0	0	0.0310771027801885	0	0	0.305	0.0448373722083363	1.0908532031722
TCGA-QT-A7U0-01	0.0872871764466365	0	0.0756884865058691	0.0739925773416012	0	0.209624780888514	0	0.0062664162690048	0	0	0	0.151835390053729	0.102326668178581	0	0	0.232771406627915	0	0.00100652449556865	0	0.0148168923983644	0	0.0443836807942167	0.402	0.0296503300589958	1.08688758178226
TCGA-QR-A6GW-01	0.0395944192576036	0	0.00157786594022602	0	0	0.2607170840838	0	0.0779947073890891	0.0305299231431368	0	0	0.0748695149214611	0.0303140668110248	0	0.00983262190622643	0.432050291921074	0	0.0267967593951342	0	0.00748453357138899	0.00823821165983541	0	0.453	0.0218412513271641	1.09468805546519
TCGA-TT-A6YN-01	0.1002949094972	0	0.186637296189178	0	0	0.246359017301369	0	0	0.037518872527047	0	0	0.103459762571404	0.176097278739431	0.0286166118221803	0	0.0957917513316897	0	0	0	0	0	0.0252245000205011	0.487	0.0180589076520042	1.06961499228171
TCGA-S7-A7WQ-01	0.0471386588691541	0	0.0189574875147039	0.0632093541812817	0	0.162548735850797	0	0.0188584892389893	0.0452659677573387	0	0	0.0556065328694858	0.0440870464679445	0.17727902780152	0	0.332187537485731	0	0.0103600900551411	0.0245010719079137	0	0	0	0.005	0.289153566267919	0.974032479542201
TCGA-WB-A81F-01	0	0	0.0473496359457566	0	0	0.458796875922225	0	0.0291808851072567	0.029670131030656	0	0	0.0248438053931949	0.0423691705900488	0.032694794936892	0	0.208531053128999	0	0.0226827929938664	0.101505712078191	0	0.00237514287291335	0	0.347	0.0384861728432619	1.07664768613125
TCGA-QR-A6GY-01	0.154017181270601	0	0.137874360944023	0.0190373372524801	0.0140804611718033	0	0	0.0400090651692643	0.0495025080187997	0	0.0286023932543789	0.0539689863618041	0.111302621701336	0	0	0.316239264610822	0	0.0124370987843335	0.0629287214603538	0	0	0	0.949	-0.0351767377747033	1.0853169968022
TCGA-SP-A6QH-01	0.162988477550253	0	0.0497700469792533	0.0228968784142857	0	0.0280254629436438	0	0.0797199169419083	0	0	0.027577361139513	0.0431787176634007	0.00986092697711407	0	0	0.498167587736724	0	0.000652412364480482	0.0771622112894237	0	0	0	0.414	0.0279336090546941	1.0876183783305
TCGA-QT-A69Q-01	0	0.0228494096741674	0.0120100331582062	0.0335470223560752	0	0.448416641082561	0	0.0096527144669016	0.0395277171178421	0	0	0.100965539458927	0.0617392139211298	0	0.0191942322873518	0.159576005575048	0	0	0.0877972076294298	0	0.00472426327235925	0	0.259	0.0557010645308613	1.0843196516595
TCGA-WB-A81A-01	0	0	0.156430457000626	0	0	0.288231297698708	0	0.021536515830991	0.051582619508465	0	0	0.0750048998824421	0.0461082256569003	0.00415809146036614	0.0136969891458993	0.218698519512472	0	0	0.124552384303131	0	0	0	0.534	0.013285258156854	1.06658879668916
TCGA-WB-A818-01	0.057916248062231	0	0.0257420010725675	0.0835908680778247	0	0.114979984215347	0	0.0396402003716727	0.0420015136472076	0	0.0116325850373993	0.027792047840939	0.0599209942011837	0	0.0195325418479578	0.425093658130167	0	0.00519765885010947	0.086959698645393	0	0	0	0.55	0.0115327758305197	1.08459850136508
TCGA-W2-A7HC-01	0	0.0229799985572125	0.00998638507199267	0.110592753964792	0	0.270140854493205	0	0.0265607378369378	0.0222218249065062	0	0	0.091450124983799	0.0885717095322822	0	0.00286705658316101	0.21979566811011	0	0.0052241124934598	0.122973416541576	0	0.00663535692496459	0	0.362	0.036480129226188	1.07974934119842
TCGA-QR-A70T-01	0	0	0.123226170556673	0	0	0.131753265537399	0	0.163696918005422	0	0	0.00637831806695552	0.0886299455059328	0.023764442148993	0	0.0031826979314775	0.284537481765975	0	0	0.174830760481172	0	0	0	0.869	-0.0202296197159593	1.08534625536183
TCGA-SP-A6QC-01	0	0.076729570469423	0.0119845120633718	0.102953397734012	0	0.144576401158643	0	0.0554865732586468	0.0676542337985662	0	0	0.0555325806891544	0.0901200162907756	0.0153845328834923	0.0273919337648773	0.274131309216308	0	0	0.0780549386727292	0	0	0	0.121	0.0971837732372197	1.04429788535144
TCGA-P8-A5KD-11	0	0	0.0748918130204922	0.0282205986950425	0	0.296948523713147	0	0.0719189799811464	0.0173383292688525	0	0.0163247637479306	0.056511319755193	0.0969151848075992	0	0.00167282912652175	0.193950261488574	0.00127405598983287	0	0.135408852137215	0	0.00862448826845352	0	0.663	0.00330039608074778	1.07955413349478
TCGA-P7-A5NY-01	0	0.0084629597999264	0.0226003084334599	0	0	0.343791438010896	0	0	0.00302126307796296	0	0	0.104405281487885	0.111481462300227	0	0	0.292353362659118	0	0	0.113883924230526	0	0	0	0.763	-0.00813269213693176	1.09634503534338
TCGA-SA-A6C2-01	0.0571257374272665	0	0.219890885189944	0	0.00175157379657035	0.337336999254104	0	0.0420561570754793	0	0	0	0.0458815446608121	0.0328255711895198	0	0.0194892238553752	0.228709824258042	0	0.00876172396662463	0.00617075932626177	0	0	0	0.591	0.00934912883231021	1.06789832554696
TCGA-SP-A6QG-01	0.0748715085378344	0	0.0451388875720303	0.0314133503653744	0	0.233172269468608	0	0.00448277636448308	0.0844828426350641	0	0.00202702492458135	0.0943577753571359	0.0604850399585401	0	0	0.263332147014437	0	0	0.106236377801911	0	0	0	0.848	-0.0178363479316889	1.09108955288183
TCGA-QR-A6H4-01	0.0779680384799431	0	0.0874712941994086	0.171647518698743	0	0.020210172843554	0	0.0631121011573244	0.0317650275952895	0	0	0.101656468204293	0.046389629771015	0	0.0468610413093455	0.322947131436133	0	0	0.0299715763049507	0	0	0	0.657	0.00416235153813743	1.08632159790015
TCGA-QR-A6H6-01	0.122472551184926	0	0	0	0	0.129555288074511	0	0.0406079677202167	0.0660864772689716	0	0.092389873401058	0.0871337297896627	0.0218395746355478	0	0	0.340935836857641	0	0.00649449453447761	0.0924842065329885	0	0	0	0.783	-0.0103743085140692	1.10051672759681
TCGA-QR-A6H3-01	0.127009377572827	0	0.0117645585877342	0.0862501764390918	0	0.0472096121642582	0	0.0834649783873754	0	0	0	0.0530585426864246	0.0274070325521606	0	0.00676254982558942	0.415777616646819	0	0.00318357905666182	0.137624034840097	0	0	0.000487941240961669	0.67	0.00250852839602264	1.08881428855138
TCGA-QT-A5XL-01	0.00423995190044831	0.00221780375689519	0.0158594062143043	0	0	0.347195187364175	0	0.0304729838167794	0.0420822565739067	0	0	0.0535435881328611	0.0296162938590323	0.201225323949363	0	0.238450021363017	0	0.00842925924990593	0.00153653393593605	0	0.0251313898833761	0	0.205	0.067612952036523	1.07923242588373
TCGA-SP-A6QJ-01	0.0714884399192164	0	0.105533785465839	0	0	0.131775259783229	0	0.00450128536729555	0.0471987852112194	0	0	0.053204986277126	0.0186050436449365	0	0.023920079067227	0.466540998078588	0	0	0.0772313371853236	0	0	0	0.591	0.00938513038116761	1.08488210258027
TCGA-QR-A70E-01	0.0358982926540379	0	0.0779731589659532	0	0	0.325101188400798	0	0.0147703508411329	0.0343339691250232	0	0.00241863765612923	0.0840762041133137	0.0513711341549393	0	0	0.294736025470328	0	0	0.0793210386183448	0	0	0	0.853	-0.0183124841317106	1.09125543007283
TCGA-S7-A7WX-01	0.00323519900559012	0.0176654171630804	0.0158440531314878	0.0411625469208788	0	0.346917154799472	0	0.0444805940914458	0.0233366110635963	0	0	0.115016299982896	0.0770057249664494	0.00495414041228062	0.0212014077128531	0.188990853790212	0	1.0170989639099e-05	0.100179825970119	0	0	0	0.406	0.0293270601060996	1.08704478276481
TCGA-RT-A6YA-01	0.0550086664618938	0	0	0.0169484434353141	0	0.0742340109108606	0	0.123183997774135	0	0	0	0.121632382350742	0.202897255925021	0	0.00524557964637597	0.249121523636886	0	0.0277322106287593	0	0.123995929230013	0	0	0.659	0.00383414854320895	1.10287853566632
TCGA-S7-A7X0-01	0.0347969326928418	0	0.0751970168072847	0	0	0.195265972986294	0	0.0270310254428208	0	0	0	0.0777816227505974	0.0592146617235153	0	0	0.348596127683354	0	0.00638722290612961	0	0.175729417007163	0	0	0.375	0.0339502032463623	1.08848443548279
TCGA-S7-A7X2-01	0	0.0142974599635474	0.0216474587997566	0.0642355506942091	0	0.234110865240733	0	0.0265252540525982	0.0263759267940451	0	0	0.0973787947612763	0.0742381073142369	0.0175479189174185	0.00456681333385892	0.28584075078988	0	0	0.117021617470451	0	0.016213481867989	0	0.414	0.0280059045421615	1.07834466968215
TCGA-SR-A6MQ-01	0	0	0.0596688344659186	0.0314915785660858	0	0.48198402169761	0	0.0381819922265389	0	0	0	0.140526774564799	0.142433349115909	0.0685680488977261	0	0	0	0	0.0281183678664503	0	0.00902703259896206	0	0.476	0.0194964754729379	1.11730847431198
TCGA-WB-A81I-01	0.0914719992587853	0	0.459560500490347	0.0169039130342144	0	0.0376809756400117	0	0.0238605238297692	0	0	0	0.0648725675641412	0.0389791907076224	0	0	0.191710913618227	0	0.014264094628046	0	0.0606953212288352	0	0	0.372	0.0348945561278402	1.04559159113191
TCGA-QR-A6H1-01	0.0753017286780932	0	0.0675328026332149	0.0403825414005377	0	0.217024844624741	0	0.0244433568271873	0.0510981199645607	0	0.000251016309671551	0.0817239503486254	0.0607392740192428	0	0.0129712645416741	0.311040459135886	0	0.0574906415165658	0	0	0	0	0.424	0.0257668091453937	1.07514850016035
TCGA-XG-A823-01	0.00578905131575601	0	0.237571225310137	0.0952889667822541	0	0.0560722250341449	0	0.0687746645507935	0.0395874200266023	0	0	0.0334244277447572	0.0231809285648345	0	0.03881510051117	0.374438082543521	0	0	0.0270579076160292	0	0	0	0.093	0.10914343305177	1.03143829869152
TCGA-WB-A80K-01	0.155685813936995	0	0.0933644208391468	0.0607703010432905	0	0.208455430290691	0	0.0619213635880433	0	0	0.0656662426731168	0.0416199395778425	0.0387730917744251	0	0.0519954846931502	0.20515585079409	0	0	0.0165920607892088	0	0	0	0.335	0.0407384856923068	1.0667775889299
TCGA-QR-A70G-01	0.0332900153454906	0	0.0499716782139495	0.112962035570131	0	0.175066073913802	0	0.080929481341749	0	0	0	0.0565901480212782	0.0297243144702475	0	0.0286207050064127	0.400878226132412	0	0	0.0319673219845267	0	0	0	0.478	0.0190971879801072	1.08586922885784
TCGA-W2-A7UY-01	0.00694095921206985	0	0.0070303463332901	0	0	0.139797473983829	0	0.0232636323645485	0.0671013011059326	0	0.0371239632421982	0.038766579523329	0.069261775980845	0.131807075411473	0	0.385112628519463	0	0	0.0937942643230222	0	0	0	0.021	0.190761606501964	1.01997311567901
TCGA-QR-A70M-01	0.0021115240099552	0	0.132881201662174	0.0583708263112133	0	0.121553201103309	0	0.0260376984912778	0.0497473049239808	0	0	0.0790214874327764	0.130964663938722	0	0.00971651274465329	0.334573358549881	0	0.00084637956796648	0.0513308510105631	0	0.00284499025352781	0	0.63	0.00656587541059638	1.076404021821
TCGA-WB-A81D-01	0	0.0262327205854358	0.0239965505176316	0	0	0.429588620159353	0	0.0239545935622325	0.0117017559269465	0	0	0.063702083055489	0.0744458663562556	0	0	0.238473568573683	0	0.00484327802819395	0.0971772559969102	0	0.00588370723786834	0	0.354	0.0376186019707198	1.07749479520733
TCGA-WB-A821-01	0	0	0.146839114744664	0	0	0.235305750272924	0	0.0217891231291044	0.0339253411544181	0	0	0.115996504010685	0.167840611846802	0	0	0.167092768542141	0	0.0382646655021544	0.0269721177412819	0	0	0.045974003055825	0.522	0.0141677193330048	1.0734297593536
TCGA-SQ-A6I6-01	0.0211329182839056	0	0.0690553294108936	0	0	0.257818931660545	0	0.146039478538412	0	0	0	0.107185087686099	0.122812568240266	0	0	0.262598389769904	0	0	0.0133572964099741	0	0	0	0.535	0.0128019119428171	1.08749498356223
TCGA-SR-A6MS-01	0.129758918737467	0	0.211050026253668	0	0	0.212567178278349	0	0	0.120013006685497	0	0.0290756982810312	0.0506838785791938	0.0540122609216467	0	0	0.147179898813749	0	0.0456591334493988	0	0	0	0	0.242	0.0605831567087673	1.04746661103181
TCGA-QR-A7IN-01	0	0	0.121958885253132	0	0	0.18573282830492	0	0.111059423006935	0	0	0	0.107697693036766	0.0467360160846766	0	0	0.301421214865779	0	0.0392406922376994	0.0861532472100926	0	0	0	0.705	-0.00182715003151193	1.07763531417468
TCGA-QT-A5XJ-01	0	0	0.0811902605596492	0	0	0.307692944891246	0	0.0499458378131363	0.0378878415610759	0	0.0748590575994234	0.0140442038574405	0.0234736501665156	0	0	0.335916736766757	0	0	0.0749894667847557	0	0	0	0.975	-0.0403482040207605	1.10117971453219
TCGA-S7-A7WV-01	0.0311517407039606	0	0.0651993422253188	0.0539659239344395	0	0.0784952751140613	0.0230554609675718	0	0.00234476746858307	0	0.041234069507573	0	0.0158398683709649	0.0491641106957914	0.0038830138184329	0.628741473707998	0	0.00240482939958868	0	0.000884400378349279	0	0.00363572370736696	0.021	0.190678690491886	1.04149639731963
TCGA-QR-A706-01	0.0890796084435244	0	0.0761365768469816	0	0	0.153505600133541	0	0.0158730945119269	0.00944456122017676	0	0.00695521915465833	0.0566779906939991	0.0686768021327521	0	0	0.376538278871796	0	0.0172203367387778	0.128350465930796	0	0	0.00154146532107057	0.626	0.0068336631280225	1.07711231130013
TCGA-WB-A81H-01	0.0205837265969057	0	0.0232026617068816	0.038981279151314	0	0.297999981936038	0	0.0178821135476351	0	0	0	0.0809000039247385	0.0964454185617765	0	0	0.238739087390355	0	0	0	0.182718275472969	0.00254745171138674	0	0.385	0.0330287701335574	1.09431282657814
TCGA-RW-A67Y-01	0.0945100957183617	0	0.309525657082341	0.059179630682652	0	0.222051469575419	0	0.0103346369290175	0.00334847453138684	0	0	0.125013655958164	0.0625917816690533	0	0	0.0705733159765014	0	0	0	0.0355718210163537	0.00729946086074925	0	0.408	0.0290233197222815	1.06677333401101
TCGA-QR-A6GZ-05	0.0479741383962833	0	0.107841630825924	0.000919425254642012	0	0.165765038664809	0	0.0247360387497394	0.0296680993325063	0	0	0.058959830256411	0.056746868311352	0	0.0088955814917273	0.440560229698281	0	0.00759959305218165	0.0503335259661423	0	0	0	0.72	-0.00360607885712265	1.08804559923443
TCGA-WB-A81V-01	0.043015453040729	0	0.056851339096293	0.121895161950732	0	0.0906020744497965	0	0	0	0	0.131471111389576	0.0422122379037037	0.176342662642741	0	0	0.331240522483527	0	0.00228136220737844	0	0.00408807483552305	0	0	0.732	-0.00536967333680375	1.10621679403733
TCGA-QR-A70V-01	0	0	0.124582489467579	0.0100525372832482	0	0.139717729514586	0	0.0733798826773985	0	0	0	0.103984515589166	0.0385499720911397	0	0	0.463557276185615	0	0.00474005082202654	0	0.0414355463692402	0	0	0.814	-0.0138303657957545	1.10550245093246
TCGA-SR-A6MP-01	0	0	0.045588454537753	0.079819122652278	0	0.218399241003488	0	0	0	0	0.0258029399416267	0.0220484968087965	0.0667814164601435	0	0.00705365216773843	0.426057110663864	0	0.0117594367954966	0	0.0966901289688155	0	0	0.734	-0.00572975198535358	1.10315380703258
TCGA-WB-A81T-01	0.000803420104445082	0	0.0287667504466215	0	0	0.235021012335313	0	0.0162200872105787	0.0455565355868699	0	0	0.0422017534263199	0.0427684835794208	0	0.071560764654078	0.482640311160225	0	0	0.0344608814961275	0	0	0	0.543	0.011993972126626	1.10080754457776
TCGA-QR-A7IP-01	0	0	0.0569318584554641	0	0	0.26773965717512	0	0.183087873091727	0	0	0.0261403724646661	0.0847257286566522	0.052477679652579	0	0	0.254233462745621	0	0	0.0746633677581697	0	0	0	0.982	-0.0440730788703487	1.11094947399649
TCGA-RW-A67V-01	0.0837095726502838	0	0	0.0419372853980512	0	0.135396098629455	0	0.0856469266429554	0	0	0	0.0598864967968352	0.0704812013153787	0	0	0.359119700334925	0	0.0290191622150026	0	0.131950905185706	0	0.00285265083140769	0.939	-0.0325875230093997	1.11178396723661
TCGA-QR-A70I-01	0.0349662548140469	0	0.111496096223349	0	0	0.225395826381162	0	0.0180033450037851	0	0	0	0.0907157507025472	0.0274669828143288	0	0	0.202589219136208	0	0.0303536919705019	0	0.232809464220975	0.00612283190754589	0.0200805368255507	0.439	0.0234657052348845	1.0965816546781
TCGA-QR-A70N-01	0.0630773976726038	0	0.0390061482969026	0.0779930125717199	0	0.253668971776548	0	0.0478638292174349	0.0286616133174901	0	0	0.0338938721038899	0.0546698148719423	0	0	0.37206968602351	0	0.0110181972932734	0.000783158075924785	0.0147432627050915	0	0.00255103607366845	0.387	0.0327456599469752	1.08072793119971
TCGA-RW-A68F-01	0.0267237173955557	0	0.133167077349243	0.104197211595514	0	0.155107389887421	0	0.0936988333366209	0.0131934608487289	0	0	0.0545431740521071	0.024534815799691	0	0.0680354531129213	0.248359854570281	0	0	0.0784390120519177	0	0	0	0.685	0.000633900298047945	1.07386537406572
TCGA-QR-A6GZ-01	0.00200944461458113	0.00480171550254093	0.00533770048203399	0	0	0.565118650035949	0	0.0493613139312191	0.0311141115136128	0	0.0187931428490724	0.0843276433255642	0.103595495087034	0.0225678212370624	0	0.0340505563673665	0	0	0.0783701670057177	0	0.000552238048246421	0	0.285	0.0494900012912131	1.10909373537394
TCGA-WB-A80M-01	0.0136709708691945	0	0.0427784558612316	0.0564703734037485	0	0.127320275015297	0	0.087335554373094	0	0	0	0.0806946844638218	0.0820808947538804	0	0	0.251106552566844	0	0.111060785195783	0	0.0852629946395892	0	0.0622184588575153	0.856	-0.0188196548900132	1.09542475563853
TCGA-SP-A6QI-01	0.0334337373326684	0	0.0253432204359613	0.0654493608147904	0	0.144735380859498	0	0.0331931484136404	0	0	0	0.0821435301481925	0.0732014926208965	0	0.0066875453585535	0.397615642402551	0	0.00343475637711025	0	0.125078236069104	0	0.00968394916703424	0.674	0.00198306875076537	1.10532011259542
TCGA-WB-A81J-01	0.0286325524862579	0	0.124116600250198	0	0	0.2770745122657	0	0.0640433313112476	0	0	0	0.119187282381698	0.0333915223576126	0	0.00351410622325314	0.221185166018094	0	0	0	0.11769585899141	0.0111590677145298	0	0.483	0.0184782915250488	1.08526047831759
TCGA-WB-A80O-01	0.00114783493863287	0	0.0654363962274694	0	0	0.451133805853219	0	0.044325991603912	0.00630258958707744	0	0	0.120144790042697	0.101504834495074	0	0.00635069855386724	0.161297457800524	0	0.00229769994614056	0.0343225632270831	0	0.00573533772430267	0	0.418	0.0272505922558721	1.09433327675664
TCGA-WB-A820-01	0	0	0.0494530932395387	0.119823868436431	0	0.156070621710381	0	0.0201256245206604	0.0577323967193539	0	0.0425621252195415	0.0200560845649451	0.0721340136523904	0	0.0329257829566419	0.365364468526944	0	0	0.0637519204531718	0	0	0	0.749	-0.00652758935954271	1.09026048466415
TCGA-QR-A6H2-01	0.0559430266072806	0	0.13130441907492	0.0859929479724337	0	0.215315867285465	0	0.0160322504140738	0	0	0.0908671372741267	0.011325299278873	0.0138030001710581	0	0.00736789558204326	0.284060226544609	0	0.0576791094368102	0.0217404011280649	0.00856841923024139	0	0	0.444	0.0227761400352789	1.06842765847422
TCGA-TT-A6YO-01	0.061534474638716	0	0.00476532800654761	0.146015590263131	0	0.309624995324114	0	0.0594950434265775	0.0350693235693383	0	0.0734912618064545	0.00390025761933067	0.0692550102496466	0	0.0147350495510877	0.201232216265311	0	0	0	0.0106009955639788	0.00324390839798835	0.0070365453177779	0.454	0.0217824228405526	1.10011254926233
TCGA-RW-A686-06	0.0858135859646974	0	0.142920774627144	0.0551758826792791	0.0858043360938097	0.067750118822285	0	0	0	0	0.196671347568168	0.0454074391480052	0.0302357598563565	0	0	0.256468031090867	0	0	0.0337527241493886	0	0	0	0.885	-0.02288701199715	1.10333495638036
TCGA-RW-A68B-01	0.0891021171036515	0	0.0979636762437094	0.0244191652497236	0	0.269294763758717	0	0	0.0782978597937215	0	0	0.0548042765120705	0.0300089005350567	0	0	0.26704323099209	0	0.00537179254998834	0.0811792474587802	0	0.00251496980249208	0	0.551	0.0114326990247726	1.07202621013164
TCGA-QR-A6GT-01	0.0019272868068354	0	0.0370820297261212	0	0	0.183960269430958	0	0.0167778968857914	0.0477115711087242	0	0.00987474775085765	0.0248727112490647	0	0.491922468714254	0	0.157028125809316	0	0	0.0288428925180769	0	0	0	0.001	0.373590875414539	0.954607728942691
TCGA-QT-A5XN-01	0	0	0.108758186731187	0	0	0.390929807332667	0	0.0554995378992067	0	0	0	0.0718915605911616	0.0727829260758458	0	0	0.218704569693076	0	0.0212882952397626	0.057112262992973	0	0.00303285344412028	0	0.509	0.015897790524584	1.0778223811892
TCGA-WB-A81K-01	0.00439244529355375	0.0208745542138002	0	0.0641359717054738	0	0.364692965213175	0	0.0197705768496024	0.0710911334944116	0	0	0.11709431328003	0.0807378014603371	0	0.0328760669765236	0.155641437580687	0.00293619770821961	0	0.0657565362241856	0	0	0	0.221	0.0647656652191295	1.08230028676443
TCGA-PR-A5PG-01	0	0	0.0907299088645381	0	0	0.244736640289942	0	0.0098512354746163	0.0137134962370919	0	0	0.087259813940009	0.0591517416868892	0	0	0.333941562939868	0	0.0668828507705603	0.0899525700705699	0	0.00378017972591486	0	0.901	-0.0268369009618161	1.08960616255504
TCGA-W2-A7HB-01	0.0192047653631865	0	0.0813824942561396	0	0	0.313977458385934	0	0.160576922149356	0	0	0	0.0963202511192749	0.0666663433802955	0	0	0.230998061291967	0	0.000112188151221434	0.0307615159026251	0	0	0	0.477	0.0194229146312267	1.08634832494467
TCGA-QR-A6ZZ-01	0.0694988482577426	0	0.0672503423566546	0	0	0.150908318421825	0	0.00336142839728366	0.0267038960987255	0	0	0.0734421911850711	0.0475386762614707	0	0	0.467555193067268	0	0.00211786085819279	0.091623245095766	0	0	0	0.584	0.00984049568689604	1.09024096749091
TCGA-RW-A68A-01	0.130089672082169	0	0.227707851705291	0	0	0.220081999683403	0	0.018156955356043	0.0642703565719212	0	0	0.121699732423474	0.0539159886257971	0.00323292204554087	0	0.141458447417812	0	0.0120145259369983	0.00737154815154976	0	0	0	0.508	0.0161069022116159	1.07024662477787
TCGA-RW-A7D0-01	0	0.00997134087159523	0.0313920964780044	0.0611245089826292	0	0.276565596088912	0	0.013899545133776	0.0260506878892016	0	0	0.0933107242466612	0.0666261621336128	0.0190692568701236	0.00283627782295973	0.244899369228595	0.000962652731524018	0	0.144397721785318	0	0.00889405973708752	0	0.35	0.037876614283478	1.0739917548229
TCGA-PR-A5PF-01	0.157428471484514	0	0.132914736065223	0.0616635877810867	0	0.0657860267709694	0	0.043660378661887	0	0	0.0272397078675565	0.0355120631003895	0.0406416946084727	0	0.0179366820774315	0.328151331459482	0	0.0403823091648748	0.0486830109581134	0	0	0	0.984	-0.0446579240765174	1.08659438370039
TCGA-TT-A6YP-01	0.0104285070839487	0	0.0575983044366675	0	0	0.549043258730719	0	0.0342517867236734	0.00522180657681171	0	0	0.0995146241146428	0.0846800555719465	0.00190146385632412	0	0.112655890667798	0	0	0.024936264293071	0	0	0.0197680379443973	0.277	0.0511280324535039	1.09655777015253
TCGA-S7-A7WU-01	0	0	0.0976427208496501	0	0	0.210813849727168	0	0.163522248436533	0	0	0.0230394015165127	0.0841426774611832	0.0678355850424974	0	0	0.237249013790155	0	0	0.11019982322578	0	0.00555467995052055	0	0.626	0.00698646096852034	1.07765102649871
TCGA-WB-A81Q-01	0.0997654152482846	0	0.0590513656226873	0.0616655954268026	0	0.180989300551406	0	0.0357838079689155	0.0665593169131293	0	0.0377674610164203	0.00375498394534292	0.0173566554998181	0	0.0491381552378662	0.381006965966677	0	0.00716097660264996	0	0	0	0	0.613	0.00817240113913631	1.08492917235422
TCGA-SR-A6MX-01	0.0894357251204167	0	0.123611775776056	0	0	0.199649053115824	0	0.0617260293649071	0.000456204120025173	0	0	0.0837459109309067	0.0372654513938045	0	0.0121616623616005	0.355679550414656	0	0	0.0362686374018032	0	0	0	0.401	0.0299394495620346	1.06738222044671
TCGA-SR-A6MX-06	0.101089175120739	0	0.0942537245345766	0	0	0.272482209635935	0	0.0187312176181567	0.0518838993177037	0	0	0.111357224971666	0.0681086768016836	0	0	0.236239458902502	0	0.00917290947473716	0.0366815036223	0	0	0	0.438	0.0236570668578892	1.07409914869424
TCGA-W2-A7HD-01	0	0	0.0798692850267107	0	0	0.347834936640706	0	0.00854812988580144	0	0	0	0.0842006421995241	0.0661069499156546	0	0.00918622879590538	0.357293560908473	0	0.00634996171995894	0.031792848179674	0	0.00881745672759185	0	0.42	0.0267380615410354	1.08051876384667
TCGA-SR-A6MZ-01	0	0	0.00893141119119821	0.128384818844757	0	0.0902744271621759	0	0.0949952216145509	0.046431285746275	0	0	0.0584278490490609	0.074106801551843	0.0469447931080441	0.0488625024552446	0.281720515637979	0.000141087279262275	0	0.0967851729471495	0	0.0239941134124591	0	0.252	0.0569019782685433	1.06362145105136
TCGA-QR-A70H-01	0.102589157594618	0	0.104821416587096	0.198614437371584	0	0.040803611610771	0	0.0909190723625013	0.122990142650479	0	0.0394055759354048	0.0349164175436113	0.0281673608659979	0	0	0.160189535458903	0	0.0271935317469965	0.0493897402720379	0	0	0	0.924	-0.0299026204720552	1.09755374674079
TCGA-QR-A70P-01	0.136525366975054	0	0.0997133119840397	0.0326497173471761	0	0.237261085421249	0	0.0331549901858233	0	0	0.0421209167751018	0.031388310206034	0.0327486159789492	0.0360743731135371	0	0.22418899830921	0	0.0633330976925022	0.0308412160113244	0	0	0	0.654	0.0045300265199008	1.07136103417292
TCGA-QR-A6GU-01	0.0559465985515869	0	0.0306513306200993	0	0	0.277932816481419	0	0.0266409009330561	0.0245457976993041	0	0	0.055421383819882	0.0504883190315289	0	0	0.361107878482144	0	0.0430104433948689	0.0706944100720079	0	0.00356012091410313	0	0.431	0.0248219885568023	1.07527440601466
TCGA-W2-A7H7-01	0.0131181319467582	0	0.0227316280142225	0.0140289228012234	0	0.322507757197078	0	0.01242684339165	0.0329424528605009	0	0.0155126377966269	0.0894556328278012	0.131632267262412	0	0.0164052616289606	0.302379068809346	0	0.00020903453575899	0.0266503609276608	0	0	0	0.488	0.0179994532756698	1.0897520878298
TCGA-RW-A685-01	0.0328803552572149	0	0.214755701574332	0.0876678336062258	0	0.0831593040298414	0	0.0941571480995606	0.00845869937028211	0	0.0224270139856495	0.0286830017619615	0.0288432598783334	0	0.0676796665668479	0.283431178197784	0	0	0.047856837671967	0	0	0	0.521	0.0143346043453128	1.06038847860027
TCGA-QR-A6GS-01	0.00452585162112963	0	0.0499995632189107	0.0263632094671688	0	0.0783049545101215	0	0.0328089020587268	0.0616250737150301	0	0.0256433523580985	0.0458929027303393	0.0418107460736871	0	0.0672111382928095	0.477000875036635	0	0	0.0888134309173435	0	0	0	0.748	-0.0064540954991626	1.1022257527392
TCGA-RW-A684-01	0.0421009410542207	0	0.0911974429481413	0	0	0.217924231068069	0	0.0170514534124599	0.0590395804486708	0	0	0.121121631446831	0.0347928116166252	0	0	0.273567046678223	0	0.0246483569095539	0	0.11257157104079	0	0.00598493337641493	0.556	0.011092671993429	1.08877451818734
TCGA-QT-A5XK-01	0	0	0.0521883754959465	0.0518009196467552	0	0.184723029345337	0	0.0210921538383205	0.0432563908732124	0	0	0.0499997310781337	0.0479016962919081	0	0.0322367168071345	0.42881487154125	0	0.0235742501237778	0.0640185833391627	0	0.00039328161906129	0	0.478	0.0190993107011464	1.08390869342238
TCGA-RW-A67W-01	0.0372305543714256	0	0.143740103955896	0.0778406174532434	0	0.131347910695647	0	0.0651557320088225	0	0	0	0.0715949306183549	0.0363816925181033	0	0.0274200255241733	0.394464130268495	0	0.00116101890737212	0	0.0119247613628057	0	0.00173852231566048	0.434	0.0244903578619931	1.07466109820297
TCGA-QR-A70J-01	0.0632130751296524	0	0.00760541714678122	0.141441300927245	0	0.205975548415035	0	0	0.0260734382366802	0	0.0758448136326447	0.00858782764446289	0.0383591997361133	0	0.0122708311822006	0.299012869440856	0	0.0145048587681717	0.103328654793183	0	0	0.0037821649469732	0.481	0.0186342057926783	1.08139252113715
TCGA-QR-A708-01	0.0469035764292383	0	0.0415269834456896	0.081399838054132	0	0.246082053970136	0	0.108753185639865	0.02706659944904	0	0.0695354784630796	0.040876837979106	0.0756255786621586	0	0	0.214850775689635	0	0.00597663185627659	0.0414024603616429	0	0	0	0.718	-0.00328974307744263	1.09575136646727
TCGA-QR-A6GR-01	0.0189439192721779	0	0.0094377813615953	0.0743110550038547	0	0.164834578285001	0	0.00583142948623367	0.0346408386217368	0	0	0.105808756795777	0.0725467419854023	0	0.00388006969120669	0.459401066929526	0	0.0132672014845206	0	0.0370965610829683	0	0	0.657	0.00428247064655235	1.11125169557131
TCGA-WB-A80P-01	0.0364353247423619	0	0.0278093295654088	0	0	0.16647924645142	0	0.0377185032143043	0.00942212137268293	0	0.0241844911263466	0.00357038697047167	0.00294565192308531	0	0.0100957146553952	0.632070470053095	0	0.0315770785903998	0.0176916813350287	0	0	0	0.639	0.00553207924080797	1.12642999212307
TCGA-P8-A5KC-01	0.0186568136575313	0	0.0375578224598828	0.0861054469454237	0	0.192163924044931	0	0.0613521603580037	0.00420186380833701	0	0.105139493282613	0.00274034675828589	0.111463061119368	0	0.00498427539002053	0.242125786977944	0	0.0324259567768423	0.101083048420817	0	0	0	0.916	-0.0288517773754135	1.09188056018047
TCGA-WB-A817-01	0.0471827698565395	0	0.085916168651856	0	0	0.287916054824664	0	0.0108723762347726	0.0320935689384169	0	0	0.0996371455161555	0.104845037426297	0	0	0.246572928847642	0	0.000566520717221947	0.0843974289864347	0	0	0	0.48	0.0186574579865813	1.07290207635452
TCGA-WB-A81E-01	0.0233388692561533	0	0.107687201413101	0	0	0.206802592903016	0	0.055477002495224	0.034792867047819	0	0	0.0583799781796987	0.0803856730718669	0	0.034214780347115	0.323031267545572	0	0	0.0758897677404332	0	0	0	0.765	-0.00836229230302906	1.07726111353936
TCGA-SP-A6QF-01	0.0449094647396174	0	0	0.129933963673198	0	0.139151335393368	0	0.0254861988082693	0.108157804476528	0	0.0522813076281447	0.0761204175541945	0.0320823551320072	0.077300002541046	0.064427428903976	0.24367452990554	0	0	0.00647519124411141	0	0	0	0.26	0.0556670756457985	1.08225177747533
TCGA-RW-A689-01	0.0515954246651506	0	0.0276291550272087	0.0206001542323304	0	0.0721395390446528	0	0.0289519639666466	0	0	0	0.0648426290929426	0.0573507294957193	0	0.018944628001679	0.562265135980854	0	0	0	0.0946866306273598	0	0.000994009865456246	0.747	-0.00641617493445192	1.13012514484393
TCGA-QT-A5XP-01	0.054829271743924	0	0.113787978209285	0.00227480543461679	0	0.191808787547428	0	0	0.0361884953909945	0	0	0.0476168138593546	0.0317758071143702	0	0.004255848606061	0.393597370390848	0	0.0137119856019675	0.0648489076722648	0.0453039284288847	0	0	0.438	0.0237143646711665	1.0720305698564
TCGA-RW-A68G-01	0.0138575077657916	0	0.0807036107664035	0.0158785797723622	0	0.167596862862098	0	0.0423949234523529	0.000852734452399596	0	0	0.0630966285163029	0.0327345230436723	0	0.00744289263682601	0.575441736731791	0	0	0	0	0	0	0.687	0.000121659112000191	1.11759114668475
TCGA-RW-A681-01	0.0241467205280607	0	0.307008576214155	0.0522836658879439	0	0.00598432114496018	0	0.0788124957187691	0	0	0.0181097122466588	0.0353913560008887	0.00105880304927878	0	0	0.342307494235257	0	0.0760280953592238	0.058868759614804	0	0	0	0.933	-0.0314115564392331	1.0726545353155
TCGA-QR-A703-01	0.0785557363614793	0	0.0680851284418614	0.046659463292709	0	0.11931548663046	0	0.0223638807871691	0.0296342547051163	0	0	0.0478807136878654	0.0143560225527338	0	0.017177483993022	0.553218734534459	0	0	0.000481834866129067	0.00227126014699553	0	0	0.438	0.0235522363615076	1.1003676766437
TCGA-RW-A7CZ-01	0.117081362064511	0	0.160639942351047	0	0.0306257210363711	0.109247424829964	0	0.0272821572092433	0	0	0.0180306846460265	0.0947201086250619	0.0214394890470188	0	0	0.258582047597378	0	0.0327804391538614	0.129570623439517	0	0	0	0.433	0.024671103846651	1.05871606166588
TCGA-W2-A7HF-01	0.0620369065893718	0	0.0484830503816915	0	0	0.256422451122788	0	0.0463161860022408	0.0145546466046133	0	0	0.06516990868228	0.0337954474551746	0	0	0.38511957348062	0	0.00310669721821538	0.0849951324630044	0	0	0	0.973	-0.0384345722958172	1.10171328858725
TCGA-QR-A6GO-01	0.0769088397091463	0	0.05407657875378	0.0577291161156578	0	0.14548733085138	0	0.0239198498998785	0.0466709674087796	0	0	0.0538882343587172	0.0883892130088856	0	0.0306386731624756	0.200546905659632	0	0.0122796637901099	0	0.2041891157393	0.00262820062292604	0.00264731091933189	0.349	0.0379048934465226	1.08062196372093
TCGA-QR-A6H0-01	0.0413521646845494	0	0	0.285085157087333	0	0.0520404971552499	0	0.0166976576183052	0	0	0.0588627175677821	0.0370513330861918	0.0734977708197643	0	0.00985648718416395	0.284379595351694	0	0	0.141176619444967	0	0	0	0.655	0.00441154144816739	1.09734472867469
TCGA-WB-A81N-01	0.147354433724413	0	0.137494435148788	0.0360144140142623	0	0.0790474117381861	0	0.0515248835785606	0.014407661039681	0	0	0.0541174389002732	0.0717294113032653	0	0.0519465396827699	0.315462035961802	0	0	0.0409013349079992	0	0	0	0.66	0.00364238729308893	1.07073658803595
TCGA-S7-A7WP-01	0.104724484385597	0	0.089489839846635	0	0	0.183454088262636	0	0.0289257290735694	0.015214075922376	0	0	0.0628507977150646	0.0262908816671515	0	0	0.444652614243621	0	0	0	0.0418635581049122	0	0.00253393077843772	0.469	0.0204784458644475	1.08459748379971
TCGA-WB-A81M-01	0.127472687270565	0	0.2961214484202	0.00730553988993335	0.00761225677237901	0.050183988870013	0	0.00581430049812713	0	0	0	0.0288248962444513	0.0416448737263957	0	0	0.303982032453889	0	0.131037975854046	0	0	0	0	0.989	-0.049138959531062	1.0847878010064
TCGA-WB-A80L-01	0.104110811315673	0	0.11433996479991	0.00597357702900699	0	0.225629408395434	0	0.0141609504451356	0.0181340110304836	0	0	0.119659488747172	0.0884903163018634	0	0	0.309501471935321	0	0	0	0	0	0	0.448	0.0225398301796934	1.07784665308105
TCGA-QR-A70R-01	0.0609511755530599	0	0.0659629781591083	0.0284150710662858	0	0.0748514886665562	0	0.147430268375314	0.00130836389467858	0	0	0.101370486131203	0.0404472279757855	0	0.00974977379722962	0.429951434430285	0	0.0134664756083477	0.0260952563421461	0	0	0	0.942	-0.0341028353312446	1.10771191768101
TCGA-WB-A819-01	0	0.0345934022042642	0	0.152079626336028	0	0.191134414943364	0	0.0249017979381135	0.0952483873727444	0	0	0.0561067968591877	0.0612961531272778	0.0221225688501623	0.0533893451505495	0.176209352244061	0	0	0.131030445539335	0	0.00188770943491213	0	0.279	0.0507263375640939	1.0703250821919
TCGA-QR-A70D-01	0.118407595146509	0	0.0123770907527605	0.0856139473756243	0	0.392205981110297	0	0.0184370980450168	0.014316211987604	0	0.00609360237333817	0.0234647094669843	0.0177007358074659	0	0.0369864929153638	0.2240297811093	0	0	0	0.0503667539097358	0	0	0.753	-0.00669003042892244	1.10494737140289
TCGA-S7-A7WM-01	0.00601727264811686	0	0.196191739891645	0.100875594900684	0	0.142725141047497	0	0.0205612899382195	0.0130308493822486	0	0	0.063351685029091	0.0420073265678499	0	0.00796212513828886	0.27986078748612	0	0.00583193363460544	0	0.121584254335634	0	0	0.369	0.0355149308771883	1.06487245447116
TCGA-RW-A8AZ-01	0.039242522400061	0	0.0852677732718376	0	0	0.16876705815403	0	0.0827087069771379	0.0172116503221249	0	0	0.0654805429710959	0.029474664653402	0	0.000913331087141923	0.463751649780008	0	0.00209834327615619	0.0268045013321901	0.0157328735345566	0	0.00254638224025779	0.64	0.00547905671044712	1.09211431040782
TCGA-TT-A6YJ-01	0.0785181697245267	0	0.0801232952966415	0	0	0.303264321260301	0	0.15561061522261	0	0	0	0.10135328730344	0.0848130064171086	0.062371343258191	0	0.00607720089570892	0	0	0.127868760621472	0	0	0	0.345	0.038762154805801	1.07765406828836
TCGA-QR-A70K-01	0.158989670322123	0	0.125393172720184	0	0	0.224566981385962	0	0.0465669363556131	0.135806212062863	0	0	0.0497895511113545	0.0237036213543805	0.140563414591406	0	0.0878562812774487	0	0	0	0	0.00676415881866541	0	0.375	0.0341762652935231	1.07113291812904
TCGA-QR-A70W-01	0	0	0.182330667048842	0	0	0.220061420452652	0	0.0703679162040541	0.019272610917579	0	0	0.0644059104728436	0.0370358012448889	0	0.00464620364822311	0.312851552313162	0	0.0275739433044237	0.0614539743933311	0	0	0	0.534	0.0131166737318883	1.06487253029371
TCGA-RW-A686-01	0.0482166331932468	0	0.0896277853861422	0	0	0.325746684327849	0	0.0119738041323368	0.0350502649845002	0	0.0603655303805785	0.0459930824207053	0.0459654750324372	0	0.00484317567203776	0.316664062721491	0	0	0	0.0155535017486753	0	0	0.808	-0.0130214312403085	1.09377246481261
TCGA-P8-A5KC-11	0.00193858193300801	0	0.0633098765153494	0.0565718851515035	0	0.287549937935946	0	0.0224842585106927	0.0121932633865327	0	0.0287358666494416	0.0327817289264852	0.0683379038999361	0	0.00289988699890849	0.309845296798265	0.00320448232541536	0	0.110147030968516	0	0	0	0.434	0.024314403853338	1.07414860729573
TCGA-QR-A700-01	0.00348003981668652	0	0	0.143798159705511	0	0.155793457211191	0	0.056326877459631	0.0227666224724355	0	0	0.0215017682665598	0.0440997922180755	0	0.0135118435300662	0.458843333493214	0	0.0501945796249212	0	0.0296835262017086	0	0	0.501	0.0170563998246037	1.0994024328713
TCGA-SR-A6MY-01	0.075467584600594	0	0.0783476795202507	0	0	0.24655881026163	0	0.0646219927621874	0.0565481610956131	0	0	0.0440646462202702	0.0143763623462714	0.133719148780224	0.0397396081022682	0.237481860574404	0	0	0.00907414573628768	0	0	0	0.244	0.0595656523873046	1.0619046493371
TCGA-SR-A6MR-01	0.0579833632462788	0	0.0388721403367039	0.00715825992588382	0	0.123137765836109	0	0.0249695942858262	0	0	0	0.0653256539505455	0.0736825757079641	0	0	0.163265870263304	0	0.0535215651637809	0	0.345425148966049	0	0.0466580623175553	0.514	0.0150466462153159	1.14041516614454
TCGA-QR-A70Q-01	0.0477731227185115	0	0.0768661422594185	0	0	0.331429595910145	0	0.0726385465125617	0	0	0	0.139316190673688	0.0339501205748625	0	0.0250689356968034	0.204504199210056	0	0.00204061946607837	0	0.0664125269778757	0	0	0.317	0.0430759227929552	1.08337419417935
TCGA-WB-A81W-01	0	0	0.0549185925690068	0.0100001564641322	0	0.254454720188259	0	0.0138877403753209	0.0655743736542101	0	0	0.0470468662731906	0.0702332055705473	0	0.0292979938329424	0.380145701705857	0	0	0.0744406493665341	0	0	0	0.715	-0.00285566687292906	1.08804187770046
TCGA-QR-A70U-01	0.12423942474282	0	0.175028449170574	0.0292157932291277	0	0.16502481260445	0	0.0728218908549298	0.037266107206174	0	0	0.0897134654112795	0.0453444036513631	0	0	0.2493855349271	0	0.0119601182021823	0	0	0	0	0.764	-0.00825655007256311	1.07774112570427
TCGA-P8-A6RX-01	0.0703959542420182	0	0	0.0138748202206515	0	0.179979043589805	0	0	0.0698968145804434	0	0.032482099312475	0	0.0117232600470328	0	0	0.508738325902625	0	0.0584614813438156	0.0544482007611329	0	0	0	0.506	0.0162853264051294	1.09658228843112
TCGA-QR-A70C-01	0.137243095940352	0	0.0595333533804561	0.0272419783528658	0	0.168158172336059	0	0.0432761011728388	0	0	0.0316698608588501	0.0330608689821812	0.0204126547443494	0	0	0.413800432600858	0	0	0.0473033961327407	0.0183000854984486	0	0	0.811	-0.0133471869447663	1.09254705784393
TCGA-S7-A7WT-01	0	0.00424077020859303	0.00351940060553559	0.158253118690051	0	0.320597347553904	0	0.0341664334603823	0.00395807859534456	0	0.0237798170340676	0.0920204327589682	0.158331873051342	0.0661931623947689	0	0	0	0	0	0.021788404515787	0	0.113151161131255	0.625	0.00707367449497426	1.13085150288004
TCGA-QT-A5XM-01	0.0324350751606206	0	0.0676996959380665	0	0	0.184060291283559	0	0.00379196012449459	0.0115000333465651	0	0	0.0633024026055809	0.0724977519077284	0	0	0.415283688513419	0	0.0477349608498975	0	0.0531593574072589	0	0.0485347828628098	0.375	0.0340420596117837	1.08082265010814
TCGA-RW-A688-01	0.0787934276900578	0	0.30947532133594	0.036588163147074	0	0.0944883325551313	0	0.0292424164478378	0	0	0	0.0755480028325687	0.0208473172879334	0	0	0.309362940057309	0	0.0186706635683639	0.0269834150777838	0	0	0	0.678	0.00157041324760277	1.06201399528648
TCGA-WB-A816-01	0.0462520797283239	0	0.0304709802551087	0	0	0.159621127978298	0	0.0784011543417034	0.0422711451328821	0	0	0.0808668822616277	0.0917595577935396	0	0.0396533311758231	0.349414254596361	0	0	0.081289486736333	0	0	0	0.447	0.0225835612212761	1.07566763007852
TCGA-RM-A68T-01	0.0176778920160459	0	0.0423312515778131	0	0	0.38138331038297	0	0	0.0150794721790723	0	0.0536435098688025	0.0147130286202265	0.0334290569785532	0	0.0621246321667218	0.264953765714429	0	0.0287292953597936	0.085934785135572	0	0	0	0.438	0.0237557668519457	1.07579175085077
TCGA-QR-A6GX-01	0.0287352035736254	0	0.0203082093672378	0	0	0.308649292840142	0	0.024248933039772	0.0129594205358699	0	0	0.0810866839317544	0.0488577306269972	0	0	0.336444155596125	0	0.138710370488477	0	0	0	0	0.67	0.00253058764653293	1.0965761794733
TCGA-P8-A5KD-01	0	0	0.0305005730980058	0.0578723977422174	0	0.213187468194905	0	0.00418260909032851	0.0641819506409282	0	0.0136599725683667	0.0190280793271074	0.0476239086552591	0	0.00285555415104155	0.444843546535919	0	0.0260708766303802	0.0759930633655405	0	0	0	0.423	0.0260098036477867	1.08471593873
TCGA-WB-A81R-01	0	0	0.166400026709	0.0504131297431662	0	0.16088090406811	0	0	0.0972911993016861	0	0.0392319555538072	0	0.0444486272626442	0	0.0259756861552566	0.229425139596545	0	0.00507287384502194	0.180860457764763	0	0	0	0.54	0.0123765777586761	1.06097590818326
TCGA-WB-A80Y-01	0.0895633824530612	0	0.212034625867859	0.0581107994796039	0	0.0429479730617181	0	0.0908682529717938	0	0	0.0224898976104729	0.0721084530523186	0.169168711266652	0	0.0188506950265501	0.153897238853313	0	0	0.069959970356657	0	0	0	0.671	0.0023557992027683	1.06125749452233
TCGA-SR-A6MU-01	0	0	0.0749012179759227	0	0	0.237725248798497	0	0.112644925440711	0.0295843923460305	0	0	0.0862095814627004	0.026121145711007	0	0	0.240792485659353	0	0.188901624839118	0	0	0.00311937776666036	0	0.349	0.0379041045863893	1.07763327886843
TCGA-W2-A7HH-01	0.0642446375201525	0	0.14961587921226	0	0	0.243133614762392	0	0	0.0397376125001673	0	0	0.119707786373251	0.0917051395507128	0	0	0.186346019429528	0	0	0.105509310651536	0	0	0	0.701	-0.00139640090142055	1.07402210497676
TCGA-SQ-A6I4-01	0.0306238122381704	0	0.0218710272156059	0	0	0.20193647561889	0	0.0476151767359002	0.0583287866708944	0	0.0122768488300267	0	0	0.444841958046419	0	0.00407518539119474	0	0	0	0.159385308847756	0.0190454204051424	0	0.015	0.204941580969397	1.04394206526628
TCGA-RT-A6Y9-01	0	0	0.0522111664495617	0	0	0.486926238555486	0	0.0727396775348714	0.0695728147727298	0	0.0139479265744954	0.0445149436226307	0.0816667740245763	0	0.000221785519542947	0.131667528764334	0	0	0.0409945427706796	0	0.00553660141109192	0	0.293	0.0469448000284122	1.09144074006833
TCGA-RM-A68W-01	0	0	0.00443713228893621	0.0400991596923576	0	0.304177776914355	0	0.010242673703309	0.00354865327886057	0	0.12183705882724	0	0.0644457125911	0.0292032121261546	0.0236250522392341	0.228058504793096	0	0	0.170325063545357	0	0	0	0.712	-0.00248737972517816	1.09163050725996
TCGA-QR-A705-01	0.100576031558682	0	0	0.0730816821919692	0	0.107898948383656	0	0.0694568985851517	0	0	0	0.0823285963506932	0.0246467958690826	0	0.0228253164408491	0.309826840447142	0	0.0332150588278163	0	0.176143831344958	0	0	0.72	-0.00364706956239958	1.10839990069709
TCGA-QR-A70X-01	0.0893467537856614	0	0.0755190251394205	0.100700732201316	0	0.189529432949893	0	0.0374002961368033	0	0	0	0.0615771272129148	0.0236636311625624	0	0.0215925842494612	0.2961545849653	0	0.00147812525714407	0	0.103037706939524	0	0	0.433	0.0246642153291094	1.07770972118115
TCGA-RW-A68C-01	0.0376895535559907	0	0.0688202895899406	0	0	0.152300620441382	0	0.0183181845598488	0.0279012881008169	0	0	0.0664659530566466	0.0692517148401978	0	0.00431359404805572	0.413903630300706	0	0	0.141035171506415	0	0	0	0.534	0.0131111446573131	1.08220964624376
TCGA-QR-A6H5-01	0	0	0.0363785983027814	0	0	0.38777725706486	0	0	0.0193881519380073	0	0.0261655715572931	0.040718092567953	0.0407584249076233	0	0.00186579954914317	0.291302684448361	0	0	0.155645419663977	0	0	0	0.337	0.0402069515040034	1.07376306195429
TCGA-RW-A680-01	0.0272224369544668	0	0.0614092829593303	0.0211181567202474	0	0.11990070686807	0	0.0936014284847298	0.0124969961252242	0	0.00544544352306735	0.0747225376379847	0.00614878991343439	0.175842688639153	0	0.330976021880743	0	0.0480503639971975	0.023065146296351	0	0	0	0.2	0.0686397724175634	1.07144034236782
TCGA-SR-A6N0-01	0.0801529823085304	0	0.0954619395326752	0.0119600782662073	0	0.157039955716011	0	0.00948180486463902	0	0	0	0.0731346741556211	0.0319893303903899	0	0.00787421825242625	0.495974720580236	0	0.00229934562504245	0	0.0346309503082221	0	0	0.456	0.0216489136284393	1.0921518502558
TCGA-SR-A6MT-01	0	0	0.0686988322541254	0	0	0.273757275302335	0	0.012671019818646	0.0124102936921017	0	0	0.0984410957837293	0.034981393312286	0	0	0.389196417722538	0	0.00917213065477038	0.0992301547189905	0	0.0014413867404777	0	0.591	0.00915546622898028	1.08728055820706
TCGA-WB-A815-01	0	0	0.145358972235961	0.0254937177564912	0	0.162921218902673	0	0.085789029962111	0.00254650587485135	0	0	0.073371327763856	0.121684911665657	0	0.0485532138772622	0.312207944656506	0	0.00242553552717088	0.0196476217774597	0	0	0	0.479	0.0190270226980715	1.0701962894524
TCGA-SP-A6QD-01	0.0941881571765894	0	0.0541999126139265	0	0	0.11210741229107	0	0.0405018167064563	0	0	0	0.0796321332147239	0.00892854880018029	0	0.0234037392861252	0.383925951865501	0	0.0157142884255609	0	0.187398039619867	0	0	0.573	0.0103931530008453	1.10598179573224
