B cells naive	B cells memory	Plasma cells	T cells CD8	T cells CD4 naive	T cells CD4 memory resting	T cells CD4 memory activated	T cells follicular helper	T cells regulatory (Tregs)	T cells gamma delta	NK cells resting	NK cells activated	Monocytes	Macrophages M0	Macrophages M1	Macrophages M2	Dendritic cells resting	Dendritic cells activated	Mast cells resting	Mast cells activated	Eosinophils	Neutrophils	P-value	Correlation	RMSE
TCGA-DC-6156-01	0.0364669265245006	0	0.0186724290355318	0.0715780569978544	0	0.159235773455344	0	0.013673616413285	0.0303513572516807	0	0.0201277868941563	0	0	0.415305254456959	0.0640524199066409	0.164304778089678	0	0	0.00405490235057589	0	0	0.00217669862379257	0.002	0.313782720235718	0.979398419304335
TCGA-DC-6160-01	0.0360633125298933	0	0.115906129143996	0.0190404489983637	0	0.223472090456197	0.0266391303487997	0.0462651510476646	0.0572799459285096	0	0.102969180933843	0	0.00451969083719941	0.122987757947047	0.0656110467088454	0.134188424332367	0	0.00735032386296929	0	0.0377073669243066	0	0	0.296	0.0658295121216773	1.05475368055973
TCGA-EI-6512-01	0.00990036804196143	0	0.0308258710749884	0	0	0.377254893455581	0	0.0656192544657121	0.0786530621995212	0	0.0556326528631142	0.00315940005274909	0.0267227096818228	0.218370369441769	0.0180960694955098	0.0688341968367392	0.00150156563800105	0	0	0.0423372882826277	0.00309229846990316	0	0.427	0.0444649568824341	1.08738807623767
TCGA-DC-5869-01	0.0511955750978077	0	0.017113950302566	0.00570339309098506	0	0.243853867898749	0.0305706803638208	0.0767892628334742	0.0247549951566642	0	0.0464946292160188	0	0.00179754324758296	0.0956504039984584	0.0689423596873375	0.158316911158141	0.0881692539455236	0.0585960139097532	0.0247650647489753	0	0.00728609534414203	0	0.535	0.0309207846343849	1.07000862826046
TCGA-EI-6507-01	0.0609394413275127	0	0.00518449352974643	0.0958160041382771	0	0.0448382524246598	0	0.0454626096837276	0.060844762344271	0	0.0471944149709018	0	0	0.370800070345495	0.0254362173539008	0.103535858372672	0	0	0	0.106892567296423	0	0.0330553082124124	0.01	0.236140847741665	1.01341724354977
TCGA-AF-3911-01	0.089934377307069	0	0.0430028437525588	0.0600123898030729	0	0.126407203410532	0.0363292530121417	0.0484695351833686	0.00239708167990383	0	0.0496345554604527	0	0	0.102499876203964	0.065164962379211	0.320693105241543	0.0017698486368783	0	0.0365485583131272	0	0.002311409504756	0.0148250001114201	0.433	0.043534494695124	1.06791379445903
TCGA-EI-7004-01	0.0703214595171226	0	0	0.000128909324191153	0	0.120661067819957	0	0.0145015389234843	0.0365936514107467	0	0.0356171237007398	0	0	0.312896564687519	0.0317951438479843	0.353674123078371	0	0	0.0146249542064635	0	0	0.00918546348342051	0.011	0.231247231595254	1.02356801262746
TCGA-G5-6572-01	0.00303899800450567	0	0.0945889462381831	0	0.00527372689902057	0.0737076681469412	0.0723064363216012	0.0379858242312237	0.0119600698677661	0	0.117968888514661	0	0	0.465324674055378	0	0	0.00290043571548659	0	0	0.0703869361026954	0.0445573959025379	0	0.419	0.0457409210950398	1.11613483799512
TCGA-EF-5830-01	0.037295411615059	0	0.0448751133621688	0.059093363218651	0	0.160135031216192	0	0.00682373646764913	0.0833432607017212	0	0.12219763349599	0.0338496844725293	0.00941299675278143	0.148618737831974	0.0701359930497649	0.181755075128877	0	0	0.0424639626866432	0	0	0	0.692	0.00912708016338372	1.09155246844923
TCGA-F5-6812-01	0.0788089728985571	0	0.00952112750743123	0.0366340821539928	0	0.176353037881639	0	0.0660370185043773	0.0484803494445405	0	0.030025461444316	0	0	0.287528286316464	0.116203296319673	0.141911666929255	0	0	0.00849670059975404	0	0	0	0.039	0.170687037559106	1.03577923904809
TCGA-CI-6624-01	0.0678652212166174	0	0.0576297687993659	0.0306111089375429	0	0.202742199087048	0	0.043791091212792	0.0956648940845768	0	0.0503880092466251	0	0	0.208814527677449	0.0379389684954327	0.143960544257654	0	0.0343126811279973	0.022795240880349	0.00348574497655004	0	0	0.147	0.105724614984395	1.04549023083132
TCGA-AG-3902-01	0	0.0040345893727714	0.0291879127890316	0.161203105343307	0	0.0547270397773355	0	0.136919117775709	0.040234586677453	0	0.0384571568395251	0.0343355822751788	0.0326465967739785	0.0732668279624539	0.0840355853870123	0.224698472314032	0.010972099822372	0.0443745535112805	0.0166314571657534	0	0.0142753162128052	0	0.051	0.158975138556911	1.02743814017769
TCGA-EF-5831-01	0.108083263861145	0	0.0867574808967547	0.014712973101157	0	0.11805221967243	0.0394710851856744	0.0474837410156794	0.0355640577368894	0	0.041911243507024	0	0	0.213021976577301	0.0809256954602969	0.197595380937717	0	0	0.0164208820479311	0	0	0	0.34	0.0584629021095731	1.06356462959851
TCGA-AG-3731-01	0.0694695930707538	0	0	0.0277988712543024	0	0.202422271768214	0	0.0843659032438543	0.0295584833629448	0	0.0334802856350336	0.00360348584614919	0	0.146609042220455	0.160544115881654	0.194952695082827	0	0	0.0288617332762628	0	0	0.0183335193575488	0.00800000000000001	0.251601736014095	0.993155601792886
TCGA-AF-A56L-01	0.0739135333163672	0	0.0326540015297943	0.0508400308988729	0	0.0523517664559136	0	0.0978652457035691	0.105077719036639	0	0	0.0174341553595422	0	0.24581170477397	0.111335537500943	0.168182944345473	0	0.00109957684550546	0.0434337842334108	0	0	0	0.435	0.0428820840284862	1.0829784520605
TCGA-DT-5265-01	0	0	0	0	0.00606699177109958	0.100617785579906	0	0.0134741984287933	0.0472243344229367	0	0.0463558811612937	0.00281026495830459	0	0.427690241930846	0	0.341704326561461	0.00280600841367291	0	0	0	0.011249966771686	0	0.032	0.178354230799966	1.08323237952112
TCGA-F5-6465-01	0.0393422276282261	0	0.0478793889466451	0.0158197029868249	0	0.20191405875966	0.0657103087915341	0.0905684660849349	0.0310265759711489	0	0.0893803796171127	0	0.0203402786258762	0.173948411915781	0.0560997943590744	0.137735161000984	0.00407234893564167	0	0	0.0261628963765556	0	0	0.103	0.121822915076428	1.03755198646807
TCGA-AH-6547-01	0.022466058085322	0.123959355539762	0.0646429523202088	0.035583691493029	0	0.154451197358681	0.0135473191654239	0.0404968306836387	0.0376686758680695	0	0.0786610949091955	0	0	0.235517873627818	0.0363091603207575	0.134203324965205	0	0	0	0.0224924656628894	0	0	0.025	0.194518278309978	1.00843687133888
TCGA-F5-6811-01	0.0702989987118884	0	0.0449706546345391	0	0	0.1699840665444	0.00767167229452599	0.0242970679146349	0.0572651627726248	0	0.0237784866842934	0	0	0.335975167042202	0.0652209055900388	0.177895382784667	0	0	0.0226424350261852	0	0	0	0.11	0.119325357693957	1.06092045367247
TCGA-F5-6571-01	0.0208396376441391	0	0.00657511427027553	0.0354033491591358	0	0.217819338123633	0.0265480265464342	0.0326654303522673	0.0386467063267905	0	0.0563336818811976	0	0	0.272210406861524	0.0240831365542392	0.170355439797693	0.00904707726063923	0.0653485741877411	0.0241240810342903	0	0	0	0.05	0.161562237222942	1.03472076539308
TCGA-AH-6903-01	0.0584426423692548	0	0.130206684741987	0.01608446165667	0	0.364877908611231	0.0473306247066534	0	0.0456632925401524	0	0.052758521191156	0	0.0103036758759073	0.056402189392917	0.00704404676891156	0.146573850174075	0	0.0316333010209766	0	0.0326788009501082	0	0	0.816	-0.00773906860801026	1.08176205679084
TCGA-DC-6682-01	0.107202757478688	0	0.0120668202620929	0.095672838920553	0	0.197751353385945	0.00632234012825486	0.0747784633017525	0.0763098938768835	0	0.00483645020551981	0.0115793652129019	0	0.216275421600972	0.0559873763748066	0.136627899600428	0.00458901965120082	0	0	0	0	0	0.548	0.0291737095671554	1.08900788076448
TCGA-AF-6672-01	0.111436796834371	0	0.021941512098991	0.0993228239385354	0	0.244037225098961	0	0.105527406220753	0.0799653706974898	0	0.0782196847466338	0	0.0313231695331354	0.0258448961158622	0	0.0716992586822942	0	0.0345398126243198	0	0.0961420434086542	0	0	0.44	0.0422067480453809	1.08579039534999
TCGA-EI-7002-01	0	0.0154067577292095	0.0109221274009871	0	0	0.254764945088456	0.00774248757166868	0.0491979477944083	0.090917655725507	0	0.121096788069153	0	0.0410798267205828	0.261490757315677	0.013069550827238	0.0635369708980425	0.013561709142668	0	0	0.0572124757164011	0	0	0.401	0.0485797969082569	1.08533198208799
TCGA-BM-6198-01	0	0.01150986907546	0.038667692226709	0	0	0.147119970676678	0.0221995474152793	0.106868876868764	0.0147803077739923	0	0.0622278044763474	0	0	0.285215355643139	0.0799620888689926	0.18118308006671	0	0	0	0.0464518897616032	0	0.00381351714632434	0.03	0.182734864879175	1.02753288915375
TCGA-F5-6864-01	0.0714804710014989	0	0.0137956535434156	0.0376932293138168	0	0.158159728278077	0	0.060692553736237	0.0237031119269824	0	0.0206825144583376	0.0078807503910816	0.00440477046093229	0.24734208998841	0.0908336832844736	0.225983287457223	0	0	0.0373481561595143	0	0	0	0.149	0.105285533733316	1.05970683069318
TCGA-EI-6881-01	0.0480299239423723	0	0.0423561487691999	0	0	0.257485968835814	0.0287944206360185	0.0286030097339576	0.0557127822692368	0	0.0950460167750134	0	0	0.113532476902875	0.00886604521629033	0.130033055294187	0	0.0580230142308078	0	0.0723310625092824	0	0.0611860748849455	0.41	0.046842858927854	1.06548907642273
TCGA-DC-5337-01	0.0407149721324166	0	0.0219429480523028	0	0	0.322044474621958	0.0466863497451622	0.194854708773584	0	0	0.0270057291493085	0	0.00869190448877362	0.0871114886435031	0.124390517747768	0.102557071602234	0.00669825979634928	0.0170321277587899	0	0.000269447487850038	0	0	0.33	0.060151979916117	1.08149478094725
TCGA-G5-6235-01	0.0317654392907305	0.139227974800066	0.0122122602811053	0.146471733912221	0	0.0994906996896747	0.0613560841435369	0.212217330704836	0	0	0.0543762957609228	0	0.0264722718223963	0.10230752117312	0.0478533906566254	0	0	0.0340772029811471	0	0.0321717947836177	0	0	0.934	-0.0285428581894806	1.11061887362838
TCGA-G5-6572-02	0.0173360186939689	0	0	0.0883365925264232	0	0.192024508718973	0	0.011905294066399	0.0651526121255805	0	0	0.0471306307621722	0.059647230818939	0.177172929233779	0.0781951326125156	0.096983418884159	0.006604502704813	0	0.159511128852278	0	0	0	0.382	0.050946326955214	1.06939299564287
TCGA-DC-6681-01	0.0599186718727977	0	0.1560440140752	0.00774602374775259	0	0.200120921376772	0	0	0.0463287362321081	0	0.0347924932414464	0	0	0.338559551451876	0.0367834464703874	0.0936099303961037	0	0	0	0.0260962111355563	0	0	0.32	0.061549912280713	1.07429753887377
TCGA-EI-6511-01	0.0480122361490575	0	0.0627756031387956	0.0544225604417492	0	0.146045146355618	0.0471622805475501	0.0247149533852462	0.0409217644589079	0	0.0563685424042131	0	0	0.305256853355573	0.0718036367341746	0.137721493209616	0	0	0	0	0	0.00479492981949985	0.00800000000000001	0.253131605419513	0.991152785427468
TCGA-F5-6464-01	0.0402886932022857	0	0	0.0935755007615276	0	0.15434196650736	0.000133960496561062	0.0326454546153485	0.0699708428324563	0	0.0058929696162717	0.00355724995235926	0	0.203552008370926	0.0644338982161715	0.295847276698309	0.00348222672863608	0	0.0243422167006392	0	0	0.00793573530114833	0.041	0.168030192400386	1.03282647806294
TCGA-EI-6509-01	0.00101899204029095	8.90537921438827e-05	0.0360442551302666	0	0.0540400296688235	0.193880026713002	0	0.00359924099467162	0.0115463425565736	0	0.053797307724254	0.01204148844745	0	0.582297351384198	0	0.00657375016976616	0	0	0	0.0450721613785597	0	0	0	0.526761448141696	0.857386435168189
TCGA-AH-6897-01	0.0357953916463726	0	0.157956765390922	0.00538536593330066	0	0.272905474785069	0.0701410600961193	0.0311587051699352	0.033307716994056	0	0.0697983046027317	0	0.00130902471822471	0.101727770703949	0.0565567214138593	0.10822120800303	0	0.0483425256616239	0	0.00739396488080686	0	0	0.928	-0.0265423488146154	1.08321863202061
TCGA-EI-6508-01	0.0678930114665143	0	0.139175245583444	0.00619150996667065	0	0.231580253844897	0	0.055035889154033	0.0613590033542704	0	0.0347561555187662	0.0169603248851844	0.0147407025725018	0.0320246510365823	0.0390551606345507	0.256867893780153	0.0111400534751127	0.0230002867194183	0.0102198580079015	0	0	0	0.844	-0.0114146299473526	1.07619260477947
TCGA-AH-6544-01	0.289713238226717	0	0.174125687812843	0	0	0.147288200146743	0	0.158805785777872	0	0	0.0205715928892414	0	0.000856030883434402	0.120821776938009	0.0013681841557744	0.0141759066838555	0	0.0450612052946031	0	0.0272123911909075	0	0	0.749	0.00194184792489787	1.08436886986962
TCGA-DY-A1H8-01	0.0142180679587005	0	0.0297464904777109	0.0227583795642963	0	0.444800255472597	0	0.0527299978372611	0	0	0.115718335642156	0	0.0203270377373484	0.174943020505933	0.038817682597438	0.063222804097815	0	0	0	0.0227179281087442	0	0	0.539	0.0298929434555073	1.10103722762373
TCGA-AF-2693-01	0.0825855202623497	0	0.0929107619696653	0.0382436624385801	0	0.212200880616196	0.00441256478202534	0.052769454599916	0.0563916881566152	0	0.0382163228871578	0	0.0048337020414352	0.109107689622835	0.0490823844729937	0.160750172028759	0.00467007553392622	0.0303449249259923	0.0329116768630615	0.00252139968627431	0	0.0280471191122176	0.438	0.0425527932487607	1.05805868242189
TCGA-AF-5654-11	0.0424723896069222	0	0.332099115786354	0.0402638700534829	0	0.103327658530894	0	0.0353012614683805	0.0149674898595222	0	0.0157836629715135	0.0269397405958149	0.0599180744353639	0	0.0227238670707474	0.199858881454026	0	0.0326978836902954	0.0736461044766828	0	0	0	0.968	-0.0411725552716507	1.06216797717568
TCGA-CI-6622-01	0.0479715027802268	0	0.0924127470552384	0.0742360213294973	0	0.256502084970522	0	0.0507380027759341	0.0668614101830623	0	0	0	0.0499610331052057	0.0561492172748757	0	0.176260843878433	0	0.0167881920085803	0	0.089711010385307	0.0224079342531173	0	0.936	-0.0293690363039278	1.0902041537479
TCGA-EI-6882-01	0.0317180527782567	0	0.093292251910447	0	0	0.318217219696987	0	0.0357121062415914	0.0586401019955467	0	0.0297348481966961	0	0.0105588915668786	0.186638480752178	0.0722718771565858	0.122927746646741	0	0	0	0.0402884230580909	0	0	0.401	0.048646181711187	1.06943773413797
TCGA-AH-6643-11	0.354977735216636	0.0261121493390019	0.0785093208275614	0.0677941039623512	0	0.092200849071789	0	0.0981290818432001	0.0259505894229807	0	0.0462352196987429	0	2.32328241036351e-05	0.046615889500802	0.00658108536085624	0.134272375951389	0	0.00808199798533259	0.0122986286155707	0.00221774037968265	0	0	0.055	0.154857917764992	1.03385087651593
TCGA-DY-A1DC-01	0.110046766980877	0	0.104587606063305	0.0577731717286872	0	0.125621501177605	0.00084080694590941	0.0614822197958516	0.116671951380063	0	0.0271962539362054	0	0	0.0893965600599674	0.0915746248214459	0.203339805850208	0	0.00296238875694819	0	0.00850634250292717	0	0	0.354	0.0562855319282138	1.05913290550896
TCGA-EI-6884-01	0.0370905658643242	0	0.115026408392472	0.015371208533098	0	0.159021186531181	0	0.0427081990738905	0.0829167136126832	0	0.0707575720706069	0	0.0209931377721401	0.186729077988133	0.0302461527097323	0.177937490212734	0	0	0.0228801187996012	0.0383221684394039	0	0	0.213	0.0855381714864874	1.04663762594847
TCGA-AF-5654-01	0.0621982145319027	0	0	0	0	0.301751277970857	0.116161751742259	0.0386947693917508	0.00144969191768443	0	0.117367907621701	0	0.000289634799643347	0.0879006575473949	0.0557661586678448	0.138961738568597	0	0.0488335341175402	0	0.0306246631228249	0	0	0.703	0.00729760624229737	1.08989661109908
TCGA-AG-3725-11	0.0443173985326805	0	0.153599860681323	0.0103627006362227	0	0.135401514443616	0	0.0040646892297932	0.0227536198436225	0	0.0208872828788901	0	0	0	0.0264154229829809	0.364831045998162	0.0883446164630799	0	0.121339423378806	0	0.00768242493082313	0	0.018	0.215004079946108	0.991802048682337
TCGA-AG-4021-01	0.0175202543127407	0	0	0	0	0.106027663495394	0	0.00700129676061701	0.0339916944132684	0	0.0830403178821211	0	0	0.478274006013282	0.00528324045880851	0.164027294435136	0	0	0	0.0897438497549792	0	0.0150903824736532	0.042	0.165691965045164	1.08397699376757
TCGA-CL-5917-01	0.0623842372278612	0	0.109523329179538	0	0	0.255639222649681	0.0133352230548233	0	0.0298701717815162	0	0.0394349488115389	0	0.00292594993166942	0.277013043010811	0	0.0750564479180215	0	0.0516543830775426	0	0.0452141657141603	0	0.0379488776428376	0.591	0.0228190792330732	1.08240105910511
TCGA-AF-6136-01	0.163764472856381	0	0.0504765217151353	0.0441454188220257	0	0.197908642760829	0	0.0654135269267942	0.0233355952959271	0	0.0313225729694088	0	0.0143359388990813	0.00971931952222057	0.0414247439864603	0.232780604812923	0.0543753133960055	0	0.0709973280368083	0	0	0	0.71	0.00663151310861062	1.07097374673531
TCGA-AG-3742-01	0	0	0.00323669788111226	0.0347896927275656	0	0.193870619803536	0.137312421786784	0.0510469363098882	0.0485240432695345	0	0.0835181428571528	0	0	0.217549266834773	0.0258152596617303	0.145233897660238	0	0.0286099666939984	0	0	0	0.0304930545136867	0.55	0.0289134428051374	1.08643973902064
TCGA-DC-6155-01	0.0131447644841788	0.00389276107506499	0.023608394377205	0.0678707333873154	0	0.133937444676425	0	0.0559852497272904	0.0935517440382108	0	0.0726989518331577	0	0	0.310051108277628	0	0.095753167128078	0	0.0355848038753893	0	0.0939208771200565	0	0	0.119	0.116561094596477	1.06098829885153
TCGA-F5-6814-01	0.0401837023227574	0	0.028727357003738	0.10975241689609	0	0.0856553710683866	0.013230973164336	0.0706167891293848	0.0653350898061361	0	0.0918585538318838	0	0	0.172278547701202	0.158258685212957	0.162708642849995	0	0	0.00139387101313293	0	0	0	0.138	0.109157431424456	1.06354932094525
TCGA-F5-6702-01	0.0645349533849033	0	0.0141389988546341	0	0	0.215712521361274	0.000792178834956577	0.0240082159636752	0.0250556327856899	0	0.0394391768921227	0	0	0.255521543631643	0.0801938828956971	0.262526195928305	0	0	0.0180766994670986	0	0	0	0.0610000000000001	0.14809631013236	1.04543572153325
TCGA-CI-6623-01	0.0575139457712645	0	0.0648429826613801	0.0168530652166285	0	0.112401991055181	0.0464652150289184	0.0267574935369948	0.0314188464414711	0	0.0509025805364068	0	0	0.185210463476407	0.0336241964688915	0.154940784552504	0	0.0206347137163123	0	0	0	0.19843372153764	0.467	0.039190222764007	1.08913141487813
TCGA-AF-A56N-01	5.73465793797272e-05	0.00271538429627179	0.0278894839820103	0.0571730486545493	0	0.246977684944982	0.145271746373675	0.0211677823989354	0.070977981438649	0	0.105586466622885	0	0.0436418655280932	0.183096035891681	0	0.0121995117867173	0.00872166716039342	0	0	0.0700681585904916	0.00445583575128646	0	0.645	0.0153431891231012	1.09473886840903
TCGA-G5-6641-01	0.0728984703364902	0	0.145341938872408	0.0739279482979344	0	0.279015878733638	0	0.0730365965193161	0.0105524200667074	0	0.0758987714540845	0	0.0250927524019846	0.085177877914727	0	0.0753700976188173	0	0.0215612680105095	0	0.0621259797733827	0	0	0.582	0.0245449201159593	1.07268758819559
TCGA-AF-2690-01	0.0617034393325955	0	0.0339690839618326	0.0110218178248513	0	0.0792359947965217	0.0084792134943502	0.0437186374745576	0.0620760192828598	0	0.0440610766648253	0	0	0.254294245970682	0.0934446478324001	0.284987095648986	0.00480260543437203	0	0	0.0182061222811664	0	0	0.001	0.35493119309777	0.944864978626934
TCGA-F5-6861-01	0.0321457510554077	0	0.00699694134326819	0.0619113750777624	0	0.178021049052339	0	0.0458584021076495	0.059281336826949	0	0.0991975174485076	0	0	0.271907020301201	0.0133288136553571	0.105650487878615	0	0	0	0.125701305252943	0	0	0.451	0.0408167617907712	1.09650548008851
TCGA-AH-6549-01	0.0749462400561806	0	0	0	0	0.287882588879307	0	0.056046518315568	0.090889530700176	0	0.0747115579173147	0	0.0575055713251441	0.0694195601890334	0.0431979373551345	0.164516950115207	0	0.00776472328913576	0	0.073118821857799	0	0	0.559	0.0276549725573303	1.07786891650392
TCGA-EI-6510-01	0.0181348926911447	0.000132093306612466	0.165257679752719	0.111203802430181	0	0.282848965112068	0.00730040781660924	0.0438920751329859	0.0823193922401583	0	0.0565040927494059	0	0.0117082578969661	0.0588540322370247	0.0135340501031877	0.0922911582769416	0.00619326122128329	0.0154771852503282	0	0.0343486537823847	0	0	0.466	0.0394205827254787	1.07212479800246
TCGA-AF-6655-01	0.020179061277622	0	0.0184135882102793	0	0	0.195851283844228	0	0.0934812657510046	0.085060390864479	0	0.0788624198010254	0	0.00813386630705606	0.085839594394853	0.0290658683553881	0.157020461843517	0	0.10912099991837	0	0.116725775580773	0	0.00224542385140497	0.551	0.0286947264311223	1.07897482228292
TCGA-AH-6644-01	0.125041171161064	0	0.000630263166505521	0.050706156247119	0	0.135109669390927	0	0.0784099431310572	0.0857033423472087	0	0.067028695692462	0	0.0218934408895152	0.172137850901665	0.0444189739291832	0.122202651694533	0	0.0118480809279781	0.0474990727189046	0.0373706878018766	0	0	0.436	0.0427418458620732	1.06896271374613
TCGA-DY-A1DG-01	0	0	0.122857059255803	0.0808726563036675	0	0.141279542763259	0	0.00960700061516657	0.0713432963099649	0	0.0257008430933238	0.0307241379951331	0.00982450450911417	0.290836199404391	0.130360081002184	0.0668216286153491	0	0.0197730501326428	0	0	0	0	0.805	-0.00530457541051631	1.11290848631719
TCGA-DC-6158-01	0.0339725720758417	0	0.0142943907818847	0.00234627637688183	0	0.202320994572428	0.042341749701111	0.0437618912532383	0.0565907011153665	0	0.0555016511652038	0	0	0.222113636720489	0.0818699804817655	0.225917598187538	0	0	0.0168400073693221	0	0	0.00212855019892919	0.055	0.155382734674236	1.03391715637278
TCGA-CL-4957-01	0.0699634871832897	0	0.0413977287659245	0	0	0.302229151990664	0.0445392606594482	0.0495161576434613	0.0658385905315219	0	0.0364954259392169	0	0	0.137963351928285	0	0.150198442925282	0	0.0974707962022541	0	0.0043876062306523	0	0	0.639	0.0162889138607548	1.08172740335263
TCGA-CL-5918-01	0.0483501254197373	0	0.0467047249971019	0	0	0.317472009213701	0	0.0452608166906739	0.134130437893918	0	0.0829696734936625	0.0662402120433016	0.00726232067661223	0.0889492449255893	0.051301351102366	0.0300909105295737	0	0.0274424639012602	0.0367763507065992	0	0	0.0170493584059033	0.43	0.0438414702423614	1.0883777801674
TCGA-CI-6621-01	0.0369909459675689	0	0.00991787440673413	0.0232854650998104	0	0.124809122271782	0.0557377458622879	0.0252173798734859	0.0460337429106882	0	0.0369950537564323	0	0	0.277610886270005	0.0811452048350475	0.203421078024952	0	0	0	0.0462057643351573	0	0.0326297363860475	0.024	0.200681579366739	1.02053676090347
TCGA-AG-3742-11	0.103548552057991	0	0.0958912190550479	0.0175510953558256	0	0.111062274882647	0	0.013609884688102	0	0	0.0391374304484072	0	0.00284945595099016	0	0.0127117250470403	0.506236063450745	0	0	0.0954721550744098	0	0	0.00193014398879362	0.011	0.227271692059342	0.997710983282572
TCGA-DC-4749-01	0.0896900404373223	0	0.0855525290449011	0	0	0.290147727371745	0	0.0716187883602856	0.0296686170831069	0	0.0404826180352735	0	0	0.161191844414461	0.075834950386478	0.117770654472994	0	0.0199493014142206	0	0.018092928979211	0	0	0.774	-0.00173508959275407	1.08680100719889
TCGA-DC-6683-01	0.0924743627968442	0	0.0272249013540308	0	0	0.187686819371707	0	0.0525112532552692	0.0237093026084397	0	0.039106024710634	0	0	0.368853051383408	0.0536116784296748	0.13865268761024	0	0	0.0161699184797517	0	0	0	0.215	0.0845410793987078	1.08165821176473
TCGA-DC-4745-01	0.100881684247058	0	0.0338502300048025	0.00442954500926244	0	0.239343520324365	0.0407281733506201	0.0329887093051759	0.0148098492709228	0	0.0338666519373815	0	0	0.207412936955964	0.0411356739077565	0.186013367608913	0	0.0264066371803713	0.0304914706940085	0	0	0.00764155020339768	0.367	0.0537302280120462	1.06657625711266
TCGA-CI-6619-01	0.060649814862399	0	0.0125746882962674	0.0408980917438369	0	0.126973542904762	0	0.0455613292719112	0.101109630430078	0	0.0855515788389243	0	0.0128124335021461	0.211557409158645	0.0771590585592024	0.113463542937501	0	0.0293452624189841	0.0491637243300888	0.0252155295079166	0	0.00796436323733671	0.221	0.0824970012703083	1.05802909545403
TCGA-DY-A1DE-01	0.0480366588914662	0	0	0.0464801020379155	0	0.104559726405118	0	0.0481745031834842	0.0501252319309948	0	0.0230561209196384	0	0	0.49465116806668	0.0519798761071441	0.128055622630183	0	0	0.00488098982737523	0	0	0	0.035	0.174799608182128	1.07040945517096
TCGA-EI-6885-01	0.0398532085477995	0	0.00392790387864582	0	0	0.15443270816741	0.0254348615387925	0.054377165281114	0	0	0.0847539009488997	0	0	0.45645017597107	0.0667842096706822	0.062834100418668	0	0.0104279601305406	0	0.0407238054463776	0	0	0	0.517154228832487	0.856430496932321
TCGA-G5-6233-01	0.0958199343761736	0	0	0	0	0.13372726161149	0	0.0314222128535572	0.0501856714157283	0	0.046566887024833	0	0	0.329415596171255	0.00498395389732554	0.207433018592481	0	0.0423831961640258	0.0363968526534772	0.0216654152396534	0	0	0.567	0.0263847864983573	1.10650147693493
TCGA-AG-3732-11	0.0897208118792853	0	0.13274598402289	0.00347915857399321	0	0.114983997337563	0	0	0	0	0	0.00647098483470755	0.0222785752090313	0	0.0224493866117999	0.342171751591117	0.0381986108449861	0	0.227500739094627	0	0	0	0.187	0.0915015040337284	1.04517835742603
TCGA-AG-3731-11	0.0486483395973882	0.0485147770945576	0.168344189418608	0.0640853475274279	0	0.122347705556626	0	0.0410111892933545	0	0	0.0396228874583566	0	0.10825770977502	0.00424283790382569	0.00442481081978586	0.29391191605028	0	0	0.0564950365547438	0	9.32529500263031e-05	0	0.073	0.140879816198804	1.01567828879116
TCGA-DC-6157-01	0.0161522200839916	0	0.0950719742921902	0	0	0.155532588568115	0.0276390514727708	0.103137377438005	0.0552602184141038	0	0.0348160871576775	0	0.00377793893903136	0.206696911797425	0.101589407780521	0.144341534994828	0	0.0131906369592458	0.0427940521020932	0	0	0	0.583	0.0241474237293195	1.07720652677925
TCGA-DY-A1DF-01	0	0.00255217505760879	0.0363363163597132	0	0.081740623848066	0.190443176196454	0	0.00857830525174909	0.026490138315092	0	0.0817576088719798	0.0250918271371053	0.0499268353214572	0.257311235335474	0.00826049514322496	0.0561716432380554	0.0183707872832585	0	0.15336962047341	0	0.00202807934846162	0.00157113281888883	0.706	0.00694581495463641	1.09062714116534
TCGA-F5-6813-01	0.0726128123678268	0	0.0728219240617475	0.0949103675881823	0	0.0659990626167335	0	0.0620473039237704	0.0474979642370337	0	0.00362007449056009	0	0	0.391229001115362	0.0902861719678546	0.074699329157231	0	0	0.0242759884736977	0	0	0	0.011	0.230226359942171	1.01102016829264
TCGA-AF-4110-01	0.0148487476205893	0	0.150261994222276	0.0531217856070041	0	0.149027091497857	0.010180822059439	0.0178995321019546	0.0429247413516748	0	0.0749876811746677	0	0	0.332689225076532	0.0424226269473206	0.0992334197135201	0	0	0	0.012402332627165	0	0	0.024	0.199420152638263	1.01473477129077
TCGA-EI-6514-01	0.00303839330921294	0.00454392427944708	0.0351580106384415	0	0	0.154768117775554	0.0657751825605869	0	0.056354254075756	0	0.0936052548274702	0	0	0.453652196445685	6.63861388141281e-05	0.0554113024119894	0.0242235231040206	0	0	0.0534034544330224	0	0	0.0600000000000001	0.148730136691516	1.06774555640546
TCGA-EI-6513-01	0.0637890496939994	0	0.0314040587581374	0.0693484501805784	0	0.0930628892177331	0.0177419965031345	0.118438400048757	0.0501396782221968	0	0.0341462609704547	0	0.00411032469285197	0.286233314589966	0.110787145974998	0.105003177140727	0	0	0.0157952540064663	0	0	0	0.334	0.0592082242159775	1.08058433999064
TCGA-AF-2689-11	0.21746260623729	0.023087508406009	0.101215507940327	0.0958262925251556	0	0.107678059020868	0	0.0779176961432727	0.0537535080718068	0	0.0441980918606105	0	0	0.0136455298770554	0.00769966314725332	0.171852862255961	0	0.0147521339396313	0.05930436300047	0.0116061775742894	0	0	0.0629999999999999	0.146068281716	1.02196261189402
TCGA-AF-2687-01	0.0192152927785323	0	0.00596330126618171	0.0707524032954323	0	0.0324370010357397	0	0.0428615155397505	0.0137147098837028	0	0.0309139461369233	0	0	0.257448804222862	0.171801387074337	0.260536243407893	0	0	0.0718020203013629	0	0	0.0225533750572812	0.002	0.318714222829924	0.973285764912062
TCGA-DY-A1DD-01	0.0709141849175957	0	0.0702665752612639	0.0207617064691089	0	0.0707881006979002	0	0.0297217552093613	0.0389795918825112	0	0.0743961420573359	0	0	0.451163229661476	0.0373968105320836	0.135611903311363	0	0	0	0	0	0	0.214	0.0848447534736145	1.10046822475683
TCGA-F5-6863-01	0	0.0123183245110955	0	0.103502668367431	0	0.306678646167951	0	0.0628109119126261	0.0149442186615905	0	0.0383293106602168	0.0759622298401935	0.000381363308261054	0.305065069740514	0.0152660230112406	0.0589757012347781	0	0	0	0.00576553258410217	0	0	0.508	0.0333494142331429	1.11886127329977
TCGA-F5-6810-01	0.0894871034458182	0	0.00556610160559923	0	0	0.277537466569298	0	0.00958197685962473	0.0646390844534574	0	0.0675018463867635	0	0.01803325718437	0.14672577942787	0.14567573939901	0.150545347097647	0	0.000285706178676958	0.024420591391865	0	0	0	0.583	0.0243796991504111	1.09223787422661
TCGA-AG-3591-01	0.106869766723492	0	0.0707708568221088	0.0209983401296134	0	0.364775941133243	0	0.035658047617293	0	0	0.0306195550161894	0	0.00994148689531156	0.0461232042828848	0.0160232009800072	0.22308087027551	0.0264438403279426	0.00371242830871722	0	0.0244092089426691	0.0205732525450183	0	0.404	0.0480850442885992	1.06481247716977
TCGA-EI-6917-01	0.0121078346083781	0	0.0290008568645675	0.00680689417183296	0	0.0892230479142753	0.00641931533730263	0.106034726018254	0.0455417703360005	0	0.0528007387387919	0.00019343034601417	0	0.353841861615364	0.143374128239099	0.119600371911901	0.0177346434264334	0	0.0173203804717851	0	0	0	0.025	0.193064597207039	1.03691984372964
TCGA-AF-2691-11	0.138039400818393	0.0505850750268531	0.0770948085808036	0.0633115955290618	0	0.1984919060634	0	0.0411017302017552	0.0425786774415429	0	0.0677158887393724	0	0.00978455607292153	0	0.00269543517385775	0.190137465574752	0.00838338586637419	0.0290593510263703	0.0288126978258625	0.0522080260586796	0	0	0.14	0.108582569838471	1.03593864554688
TCGA-EI-6883-01	0.0614783137327339	0	0.00755040950031756	0.0640725918988521	0	0.18190917951563	0	0.0709615032480552	0.0563863533252225	0	0.0608276872816443	0.0137731997974635	0	0.31878998209848	0.076761738875269	0.0863941380410533	0	0	0.00109490268527842	0	0	0	0.12	0.115828718675722	1.06320976943122
TCGA-AG-4022-01	0.0760942208607792	0	0.000479109268331543	0.00706384196059631	0	0.147110870085274	0.0356596231839614	0.10794132536819	0.0254113413769204	0	0.0585933011563398	0	0	0.26720607579646	0.0540041046526079	0.14803665021607	0	0.0283678215121571	0.039398609522061	0	0.00447575891576784	0.000157346124483814	0.173	0.0970354059830231	1.05670333627792
TCGA-AG-3732-01	0.147688923830013	0.0700169760598965	0.0662610200377633	0.0865551134948725	0	0.188177337570603	0.000938815993927114	0.0974306936710598	0.0571112339054507	0	0.0351654086594558	0	0	0.0712131943385892	0.0531070708723566	0.0617782541780642	0	0.0225085081992812	0.0420474491886675	0	0	0	0.182	0.0938185720875923	1.05003716132322
TCGA-CI-6620-01	0.0951434747406708	0	0.0346433452928292	0.0301605520311555	0	0.200953449030429	0	0.033107116490929	0.0663945204659552	0	0.0691684287591915	0	0	0.139430854682413	0	0.21908192952909	0	0.0506039401562513	0.0089598236135335	0.0165246518909139	0	0.0358279133166385	0.239	0.0789727285915193	1.05436254540398
TCGA-AG-3725-01	0	0	0.135143080339689	0.0525160407475911	0	0.283902857097376	0.0374009982493278	0.0593448686347507	0.044968399650202	0	0.0470096082851881	0	0	0.128329082940474	0.0745998895719412	0.109304609031313	0	0.00714289187032621	0	0.0203376735818211	0	0	0.633	0.0166626219095984	1.07863907258206
TCGA-AH-6643-01	0.055715088236542	0	0.00931743328994977	0	0	0.0687062039194959	0	0.104988093131642	0.0850479750974064	0	0.0554990979866987	0	0.00586964240346222	0.33770886424552	0.0739860969399846	0.0148852937137237	0	0	0	0.114441530891327	0	0.0738346801442483	0.319	0.0620304270900874	1.09151851404674
TCGA-DY-A0XA-01	0.0659699277452519	0	0.133279884119017	0.0820979303140213	0	0.0873435739385586	0	0.0902064950420731	0.0391442756190656	0	0	0.0170236268122918	0	0.353562843622688	0.0267345300770749	0.0775926157174574	0	0	0	0.0270442969925005	0	0	0.59	0.0229596376709592	1.09459678884599
TCGA-AF-3400-11	0.0172570083608026	0	0.190850239588641	0.110140127235557	0	0.133937700228735	0	0.0537084260622032	0.0862842592287583	0	0.040118129607151	0.0270595604012806	0.0363457295877985	0	0.0069798002454645	0.186341572891948	0	0	0.110977446561659	0	0	0	0.918	-0.0240742255487667	1.076245219856
TCGA-EI-6506-01	0.0152889679748307	0	0.0944280052830499	0	0	0.197178164152831	0	0.0314084994649583	0.0927505249848049	0	0.0573038251257915	0	0.0212342334128233	0.232519042831994	0.032344444320669	0.13795864171234	0	0.0195147106870431	0.0452853650738073	0.0227855749750571	0	0	0.234	0.0804438580841422	1.05319889938016
TCGA-AF-2692-11	0.0755127892881976	0	0.040630410908072	0.0901554048701054	0	0.214088047568228	0	0	0.0421220924935132	0	0.0689440146376466	0	0.0145846163607207	0	0.0170271804996164	0.265396562904885	0.0144736570843847	0.0403784719201452	0	0.116686751464485	0	0	0.207	0.0870273681621339	1.05124397157404
TCGA-AF-A56K-01	0.0771211116739553	0	0.0301898668575505	0.021417257771004	0	0.167039387667242	0.0369468147197388	0.0310242116609357	0.0571403534634762	0	0.0694608195823461	0	0	0.27207932496091	0.0631588409134619	0.122834217744865	0	0	0.0441091831525346	0	0	0.00747860983197988	0.3	0.0643657189160735	1.06810439616872
TCGA-DC-6154-01	0.0684294627475876	0	0.115839317052568	0	0	0.150298243670681	0	0.0429625053285395	0.042253507959096	0	0.0463555150213839	0.00926109115003067	7.47609040146515e-05	0.176947292957652	0.0202223642899101	0.266713433278424	0.024143215607917	0	0.0103996567149276	0	0	0.0260996333172684	0.506	0.0336058340771545	1.07206195966475
TCGA-AG-3592-01	0.0621202679776146	0	0.0828665380501505	0.0275722780015276	0	0.219384606524516	0.0219974390861175	0.0474954044198503	0.0622450268162595	0	0.0813585518496948	0	0	0.128700514699486	0.0882659433427827	0.124466783108438	0	0.0244263430274776	0	0.025689568625814	0	0.00341073447027052	0.516	0.0324957345665402	1.07197062123902
