B cells naive	B cells memory	Plasma cells	T cells CD8	T cells CD4 naive	T cells CD4 memory resting	T cells CD4 memory activated	T cells follicular helper	T cells regulatory (Tregs)	T cells gamma delta	NK cells resting	NK cells activated	Monocytes	Macrophages M0	Macrophages M1	Macrophages M2	Dendritic cells resting	Dendritic cells activated	Mast cells resting	Mast cells activated	Eosinophils	Neutrophils	P-value	Correlation	RMSE
TCGA-FX-A48G-01	0.0562559785257855	0	0	0.117568100820964	0	0.0720921210460433	0	0.0731005562304561	0.120065926671627	0	0.0222142938760915	0.0578934950091624	0.0832485928927226	0.0186723641165312	0.0160642193344614	0.221425216107619	0	0	0.141399135368536	0	0	0	0.206	0.0759977010014638	1.05460108841919
TCGA-HB-A3YV-01	0.205541806307624	0	0.00391208525650092	0.184927717672372	0	0.063867267913101	0	0.114972547466956	0.0435117523379417	0	0.0108284470205337	0.0330782766828479	0.0822373127401945	0.0325640785430953	0.0303837808816038	0.194174927177229	0	0	0	0	0	0	0.79	-0.00970932881725503	1.09923818455221
TCGA-DX-AATS-01	0.00224319530618732	0	0.0373775092153376	0	0	0.150245598103755	0	0.0309697500144123	0.0535304107436802	0	0.0370056433651503	0.00251682708014519	0	0.34332476636535	0	0.286525765608546	0	0	0.0562605341974364	0	0	0	0	0.691976473426755	0.739260381245275
TCGA-FX-A3NJ-01	0.0364480464547305	0	0	0.0228898504473027	0	0.1307631049012	0	0.0114459935907454	0.0198986704882726	0	0	0.0347023390176415	0.0720062839358974	0	0.0454115252580562	0.266684893626509	0	0	0.359749292279645	0	0	0	0.338	0.0497389991494496	1.08706169845601
TCGA-DX-A1L2-01	0.00248151858777031	0	0	0.0206725908336181	0	0.149696534397327	0	0.00374958340996198	0.00283864273868709	0	0	0.0395329810746363	0.0355690945652154	0	0.0484996447439253	0.553149521957111	0.00363080973169131	0	0.140179077960055	0	0	0	0.053	0.151885006507974	1.0480660868965
TCGA-3B-A9HX-01	0.0182352653366807	0	0.00228170158579638	0	0	0.130526266145899	0	0.0414123232562366	0.0375066152453234	0	0.0883034917149953	0	0	0.135344066329598	0	0.200075407608152	0	0.119689396578845	0	0.177254195622333	0.00196221237998225	0.047409058196159	0.028	0.19208083213649	1.02109448013284
TCGA-WK-A8XX-01	0.0125890057739206	0	0	0.00834076122551792	0	0.0847297273288537	0	0	0.0201910383929753	0	0.0257943709238511	0	0.045805866542683	0	0	0.684441211896556	0	0.0173154334219874	0.100792584493655	0	0	0	0.00800000000000001	0.264852456865877	1.0101875377619
TCGA-DX-A3LS-01	0.0493171576121157	0	0.0132194241035145	0.0318009770225504	0	0.252761913945176	0	0.00301304163806789	0.0483920485501093	0	0.033933415681936	0	0.0206571100350418	0.0224839703944571	0.056586330307568	0.467834610709463	0	0	0	0	0	0	0.002	0.386943451691881	0.9256377595758
TCGA-DX-A3UD-01	0.000569515077310807	0.0143241969633261	0	0.00597773303432299	0	0.0764977506455584	0	0.0315207793728385	0.133260547973249	0	0.0374840546060452	0	0.0260038573740205	0.000679851703726753	0.0440826645330468	0.416349388972068	0.057600447931437	0	0.155649211813049	0	0	0	0.302	0.0553687076629061	1.06990914784657
TCGA-3B-A9I0-01	0.0263968409698366	0	0	0.0383495813136994	0	0.138753473327929	0	0.0435416098910599	0.0878663502756301	0	0.0449572966285086	0	0.0512829545024507	0.0359974855615454	0.0423795381948242	0.383228573121617	0	0	0.107246296212899	0	0	0	0.012	0.245800860220785	0.986572157262009
TCGA-DX-A8BM-01	0.00722793945507748	0	0	0.044367940402614	0	0.228641395462165	0	0.000571945603241888	0.00139087385434382	0	0	0.0228918297098452	0.074922425539902	0	0.0181684381753273	0.472181309288327	0	0.028880358162219	0.100755544346938	0	0	0	0.212	0.0746660272113164	1.07052472151536
TCGA-DX-A6BE-01	0.0442428876896261	0	0.000189196828231896	0.135541367149516	0	0.127423529283883	0.00897160493907942	0.0112250621725743	0.0133797327238405	0	0.0348600328315379	0	0.0277260853677382	0.00159422854890164	0.0659553657453985	0.49876865793275	0	0	0.0301222487869223	0	0	0	0.002	0.402929621756391	0.917698420989481
TCGA-DX-A8BP-01	0.000375128403441829	0	0	0.284683828242945	0	0.0346131643058325	0.0395773148133659	0.0788883960749761	0.00317340581586002	0.00428758787613411	0	0	0.0061432229080549	0.0408917759771432	0.11241469639343	0.382111347888329	0	0	0.0123449380409527	0	0	0.000495193259535489	0.002	0.405202700360508	0.917444133953621
TCGA-MO-A47P-01	0.00107494803526594	0	0.0451508574810009	0.239675152428382	0	0.181919881733621	0	0.0621768422372847	0.0174783018792807	0	0	0.0561870118427467	0.0521407510640286	0.0657116300414507	0	0.104096787293783	0.00654948330736064	0.00211267645652735	0.149504097652455	0	0.0162215785468128	0	0.49	0.0278366424980455	1.08651699916242
TCGA-WK-A8XO-01	0	0.00106763467258175	0	0.0423679714989906	0	0.137176710088743	0	0	0.0156816195175145	0	0.0166764869512492	0	0.0331816740099134	0.0504761205246924	0.0226330239464974	0.42845528475104	0	0	0.252283474038778	0	0	0	0.001	0.476016152000239	0.879163195488863
TCGA-IS-A3KA-01	0	0	0.0210069936612414	0.561105082312713	0	0	0.0556844845554075	0.131588572921448	0.0653481723121524	0	0	0.0117470902750183	0.00655449142831319	0.100500218207026	0.00686289499709976	0.038871433055473	0	0	0	9.72535725521524e-05	0.000633312701556	0	0.4	0.0391046559311253	1.14809148975325
TCGA-DX-A6BA-01	0.00724657503304401	0	0.00294246767704317	0	0	0.323846579335843	0	0.0318553632031407	0.0623109322720056	0	0.0331053284812194	0.0200565652373376	0.224592729846964	0.0201583211621786	0.0069767994722602	0.14699504508885	0	0	0.106932400575868	0	0.0129808926142458	0	0.53	0.023436580512017	1.07883859886485
TCGA-3B-A9HU-01	0.0359299110701514	0	0	0.0612852221485954	0	0.139310933629783	0	0.0580226966652194	0.0709032108080666	0	0.0344470146134578	0	0.0653704610022971	0.0855758929530758	0.135256373858299	0.298548447927838	0	0	0.0153498353232169	0	0	0	0.003	0.330750669533027	0.952714149484774
TCGA-X6-A8C7-01	0.00154509907678793	0	0.113293300712909	0	0	0.256406671669156	0	0.0201000480153323	0.0025443267887866	0	0.0180707222518471	0.0419094200487331	0	0.371749653767462	0	0.0164397968280083	0	0	0.157940960840978	0	0	0	0.581	0.0170645489791948	1.10101906778491
TCGA-DX-A1KW-01	0	0	0	0.019080073760789	0	0.230361361789132	0	0.0334872770712405	0.0319786907420918	0	0	0.0320027156354252	0.0858875907475382	0	0.0290112272474478	0.403961917772911	0	0.000983261612780543	0.130059322023831	0	0.00130835002029556	0.00187821157651785	0.356	0.0467717284589046	1.07435825182403
TCGA-HB-A5W3-01	0.0991849609399727	0	0	0	0	0.268941076853605	0	0.000952824083599507	0.0611775937972917	0	0	0.025219934106967	0.0482257403180088	0.0162822678709771	0.0189399208648629	0.249080684719361	0	0.00101541078987975	0.210979585655475	0	0	0	0.197	0.0785956590956002	1.05279197038401
TCGA-DX-AB2W-01	0.0174709320363688	0	0	0.0712034081343596	0	0.0486109878640235	0.00383792034484407	0.0166155686911254	0.0517577764783392	0	0.0109202596073834	0	0.0343345668015018	0	0.0131210829913073	0.717773122865714	0	0	0	0.0122098811095595	0	0.0021444930754738	0.002	0.428664634724352	0.916365155440428
TCGA-QQ-A8VF-01	0.00495355506091643	0	0.017266874138415	0.296567337198809	0	0.0776565252201087	0	0.064673304570853	0.0617519775145746	0	0.00197158880499646	0.04186292998367	0.0295025839624288	0.145874704604974	0.084743246685867	0.153537971219375	0	0	0.0196374010350129	0	0	0	0.027	0.194020476822609	1.02293494076431
TCGA-MB-A8JL-01	0.0333533148847341	0	0.0137435152361485	0.0467628406801334	0	0.0671931465895217	0	0.0386564746084964	0.0333602013307389	0	0.0372785240861966	0	0.00749181646285472	0.146875052489445	0.0407481338978578	0.500854396049537	0	0	0.0336825836843354	0	0	0	0.149	0.091789335419458	1.08356141868845
TCGA-FX-A2QS-01	0.0239656099711037	0	0	0.00884988975510675	0	0.25639155465035	0	0.0620544695090957	0.0277263965289617	0	0.0377815263579242	0	0.0277820122261721	0	0.138866315043466	0.400074705248001	0	0	0.0165075207098187	0	0	0	0.399	0.0392979263421421	1.09271004034402
TCGA-X6-A7WD-01	0.0271692934264225	0	0.0187555938054022	0.00184509221043681	0.0262751976869782	0	0	0.0275593404913086	0	0	0.0129969211628798	0.00137068101479696	0	0.35018831014021	0	0.386986644787695	0	0.0046762085888989	0.142176716684971	0	0	0	0.003	0.320286525801899	0.987692568238489
TCGA-IE-A4EH-01	0.0567695845018539	0	0.027620246122167	0.020155312919815	0	0.0924438189609395	0	0.0733920845309404	0.0185702756767981	0	0.0385749208897561	0.01577363381544	0.00655231829083086	0.113534810091551	0.0122003647661738	0.412770760037078	0	0.0399125381410319	0.0717293312556241	0	0	0	0.576	0.0178567248812414	1.09063328802664
TCGA-DX-AB30-01	0.100601819251448	0	0.0590466974259954	0	0	0.111912884422042	0	0.00279683070889521	0.0320881969031764	0	0	0.0175471261514237	0	0.273666551577972	0.0225052381141296	0.28456467249303	0	0.00426570475861167	0.0910042781932747	0	0	0	0.574	0.0185121303562831	1.10182828214894
TCGA-DX-A1KX-01	0.029439863109122	0	0	0	0	0.23979802725065	0	0	0.0545605064728181	0	0.0516073370406692	0.0369157734487057	0.0442278750065449	0.0673898249368881	0.0825170572664327	0.353862166137571	0	0	0.0396815693305984	0	0	0	0.071	0.133693933170024	1.04135363106467
TCGA-JV-A5VE-01	0.0694280954234564	0	0.00228328059242223	0.190966320540305	0	0.0396087701152319	0	0.0859029593980927	0.0372562899301571	0	0	0.0238621496519642	0.00540635124579353	0	0.10133566220969	0.404731611742616	0	0	0.0392185091502698	0	0	0	0.3	0.0556561158134747	1.07782467091818
TCGA-DX-AB3C-01	0.145831986111987	0	0.327384567177281	0	0	0.0889483278120202	0	0.130938002819569	0.0278053269962175	0	0.0304035185737148	0.0601317027036745	0.0195180999799264	0.0488179199772029	0	0.0703454591473174	0	0	0.0498750887010889	0	0	0	0.828	-0.0134474604697317	1.06633802269452
TCGA-N1-A6IA-01	0	0	0.0268603514054827	0	0	0.103549414251203	0	0.0258936373814967	0.00251681581100983	0	0	0.019503632876719	0	0.562744048438632	0.0304702160493695	0.169665408003654	0	0	0.0587964757824336	0	0	0	0	0.636914373953206	0.771709935612877
TCGA-QC-A6FX-01	0.00340595885661812	0	0.000418154500235547	0.0821908716138917	0	0.227044537978566	0	0.00292335360385615	0.0361482256891684	0	0	0.0167354676104083	0.0348671259958958	0.069751793370217	0.0837038750945302	0.441455838848114	0	0	0.00135479683849882	0	0	0	0.048	0.16118216436488	1.04153766164307
TCGA-DX-A1L4-01	0.000909522768433662	0	0.018276790837125	0.0132950368169823	0	0.131096181676607	0	0	0	0	0	0.0383331790968445	0.162059374094877	0.123455306498042	0.000150869313432186	0.399979825334682	0	0.0112880443485597	0.0611636628824737	0	0	0.0399922063319414	0.003	0.360859819745288	0.943151088422195
TCGA-DX-A8BK-01	0	0.0125549172239849	0	0.109639003987071	0	0	0.00559405380332759	0.0230371194885668	0.0238204953752891	0	0	0.0167616847192118	0.0329176614956745	0	0.0300880679678404	0.675113986912727	0	0	0.069714602538719	0	0	0.0007584064875881	0	0.504056168550121	0.864719379892426
TCGA-DX-A6YR-01	0.00169187776334732	0	0.000704832599544926	0.0793762839499555	0	0.05922056595357	0	0.0163511680109597	0.0584471608043358	0	0	0.0331649789152272	0.124433156369926	0	0.0162616258068509	0.481636960419795	0	0.00208325917218708	0.1266281302343	0	0	0	0.091	0.116864719712177	1.05554493246234
TCGA-DX-A7ET-01	0	0	0.00208498464958772	0.24380956111318	0	0.114202233728955	0	0.088943229566188	0.0596504684717016	0	0.024702163254165	0	0.0415485368157826	0	0.0923424027623328	0.319619389594976	0	0	0.0130970300431305	0	0	0	0.004	0.293255785121444	0.973204724883117
TCGA-X6-A7WA-01	0.00315851939985273	0	0	0	0	0.292588648737091	0	0.0145140269976058	0.0663167176841096	0	0.0600701830713394	0.0210200742967452	0.117280304349626	0	0.00369042769474384	0.327453369701409	0.000715556484796796	0.00192335320587542	0.0912688183768048	0	0	0	0.543	0.0225739873345945	1.08174425108092
TCGA-DX-AB2T-01	0	0	0	0.221317155912008	0	0.0497844611094919	0	0.0457452472083111	0.033937593743195	0	0	0.0176603475088358	0.0486383539354254	0	0.100384134713212	0.406913035999303	0	0.00368979548001506	0.0719298743902028	0	0	0	0.003	0.354293650292058	0.941265074655942
TCGA-FX-A3TO-01	0	0.00103475059442194	0	0.0680061415832583	0	0.205613859557469	0	0.0340196891262102	0.0646135623030428	0	0	0.0202740639492047	0.00317119064624015	0.20023030704841	0.0571481899436226	0.29480611870787	0	0	0.0436473164761266	0	0	0.00743481006412375	0.412	0.0372557078836288	1.09212911481681
TCGA-DX-A1L0-01	0.0368862527908908	0	0.000152208319931458	0.0110690411498419	0	0.27933498026429	0	0.0133289310442813	0.0310470678124337	0	0	0.0404102811599921	0.0326837424449456	0	0.0118067733355705	0.509412646123837	0	0.0244201109777375	0.00944796457624909	0	0	0	0.489	0.0279904480836854	1.09972904646449
TCGA-DX-AB32-01	0.0348748246050572	0.00505912981931244	0	0.136110534072263	0	0.0802001235561726	0	0.0800306930842188	0.0399484391272247	0	0.0173808429852668	0	0.0228649066631744	0.00612602882705179	0.0845858712823536	0.481678720713935	0	0	0.0111398852639702	0	0	0	0.001	0.491732731242776	0.869941170579822
TCGA-DX-A7EF-01	0	0.0042926259399377	0.0256345441990928	0	0	0.113719046856361	0	0.0164852819534615	0.0211202530769834	0	0.0216572959115555	0.0217838521030161	0	0.346704391050837	0.0534160030909036	0.33798919854273	0	0	0.0371975072751211	0	0	0	0.005	0.278564256404791	1.00301002577875
TCGA-IF-A4AK-01	0.0045442753966975	0.000228259918406234	0	0	0.020047427463671	0.145143910378147	0	0.0308762644289705	0.0372784076113762	0	0.0599444026275964	0	0.0401704781215389	0.282718734014941	0.114174168708776	0.239229662536043	0	0	0.0256440087938354	0	0	0	0.314	0.0534511863605354	1.0997439164576
TCGA-DX-A48O-01	0.0595524320033893	0	0	0.160058976625832	0	0.117704228290541	0	0.0425970922109592	0.00340537187946291	0	0	0.0183581934815725	0.0238982473736267	0	0.0647980760064617	0.22662660625756	0	0	0.283000775870595	0	0	0	0.113	0.105277077382683	1.05077116335952
TCGA-DX-A23T-01	0.0286388976974006	0	0.0206502981093343	0.0917690198878949	0	0.14674461317019	0	0.0246967467833268	0.0523457836360002	0	0	0.0071548420548837	0.0633275307784729	0	0.0402872666311239	0.474187892128854	0	0	0.0427071701818232	0	0	0.00748993894069567	0.0649999999999999	0.140767990005037	1.04011702931682
TCGA-IE-A4EI-01	0	0.00375055637125925	0	0	0	0.220765838092085	0	0.00717185384905167	0.0156091454946293	0	0.0424135090450779	0.0251511853213691	0.00341706630485783	0.174370790627533	0	0.389114658887852	0	0.0160211503377482	0.10035423918489	0	0.00186000648364749	0	0.515	0.0246925855585593	1.10177345712737
TCGA-KF-A41W-01	0	0	0.0434307020346931	0	0	0.161116013727229	0	0.0309123896437879	0.0243900850622346	0	0.0449133839179848	0.0149087622224951	0.0321905149415983	0.229003995157035	0.0213958221757365	0.234334808673775	0.00364598171136742	0	0.151944889078455	0	0.0078126516536088	0	0.126	0.100113805318676	1.05460973994173
TCGA-DX-A3UE-01	0.0880338797942183	0	0.0929842067085936	0.00411010477952655	0	0.0376075874530063	0	0.0727121953250046	0	0	0.00846554499161096	0.010619954760806	0.0247660778230471	0	0.0234010294635423	0.552942921951675	0.0398128834809235	0	0.044543613468046	0	0	0	0.809	-0.0112660422685903	1.11405638408638
TCGA-FX-A76Y-01	0.0755544010377285	0	0.00670656481311362	0.0393808562977589	0	0.0831570537214357	0	0.120054900610104	0	0	0.0195733011740518	0.0380119073743103	0.00108704866200746	0.0637510472585354	0.0418871150643245	0.252538133998163	0	0	0.258297669988466	0	0	0	0.162	0.088996808649552	1.0527263638266
TCGA-QQ-A5V9-01	0.00799657869354989	0	0.00384078115797194	0.0990879653366336	0	0.0770875629716475	0	0	0.0274673517058893	0	0.0317562792812335	0	0.00740569230546032	0.00941538125727679	0.00342474443249121	0.725400856817874	0	0	0.00711680603997166	0	0	0	0.004	0.293382852953305	0.999897021084682
TCGA-DX-A8BT-01	0.045069534283668	0	0.00138242781991135	0	0	0.0820749893637078	0	0.00950279144321315	0.0350599641410322	0	0	0.0241978315708731	0.00923403807264318	0.140714024720196	0.0188898504909605	0.591700559059933	0	0.0178073786909113	0.0243666103429506	0	0	0	0.005	0.282734894778335	1.00174872826847
TCGA-DX-A7ES-01	0.00912730453017433	0.0201624059135529	0.117529470408826	0.100518245316613	0	0.121163298443769	0	0.0406521027963895	0.00400553255511513	0	0	0.00686767332058611	0.0330651707898601	0	0.0552161312802621	0.447201277309279	0	0	0.0444913873355717	0	0	0	0.002	0.371734232379507	0.929682405929398
TCGA-DX-A3M2-01	0.00312104249462518	0	0.00443553049137104	0.118064963753081	0	0.0152601242093173	0.00719713856613077	0	0.0364545047179041	0	0.00979352891253845	0.00311044344273649	0.0556671315077884	0	0.0558521122620896	0.591871626740126	0.00239808940451241	0	0.095944099193488	0	0	0.000829664304290654	0.003	0.351304179957637	0.950684526226125
TCGA-DX-A8BV-01	0.0140304852141608	0	0.00168138960056643	0	0	0.221720333037701	0	0	0.0355548175326721	0	0.0757871372141975	0.0284845079127298	0.0599605208011651	0.160862570466586	0.00278427287231853	0.347633091575077	0	0.0146965316237243	0.0368043421491014	0	0	0	0.017	0.213566996138113	1.01125740126323
TCGA-DX-A6Z2-01	0.0246465078195982	0	0.00281343084513088	0.131180674952486	0	0.24241498605124	0	0.00992374527765976	0.017363009752498	0	0	0	0.0865075964245641	0	0.049356783697552	0.289240615840683	0	0.00639928602554583	0.140153363313042	0	0	0	0.012	0.24770790834494	0.984541686479287
TCGA-QC-AA9N-01	0	0.00790346033387987	0	0	0	0.144267866725922	0	0.0287772173939824	0.0599700053996716	0	0.0792132601670491	0	0.031799051225379	0.384816196971995	0.00119696250626314	0.20087255763583	0	0	0	0.0577660601772149	0	0.00341736146281394	0.05	0.154468071401102	1.06497834979729
TCGA-DX-A6BG-01	0.0391746988858676	0	0.00700704116817874	0.170705525691374	0	0.0250764188123435	0.00133732122871448	0.0115123309268162	0.0939743514826234	0	0.0245376928320444	0.0021143828948774	0.0447518479907881	0.146571605775399	0.117823516742261	0.296931546335613	0	0	0.0184817192331001	0	0	0	0.001	0.483979220977762	0.874254994718217
TCGA-PC-A5DL-01	0.0512336332170727	0	0	0.0273272937186393	0	0.254341081718852	0	0.00118604521605087	0	0	0.0067458886746869	0.011807600785298	0.0875146777313367	0	0.094909083657589	0.22553602869083	0	0	0.239398666589645	0	0	0	0.149	0.0917590406862718	1.05226828323483
TCGA-X6-A8C3-01	0	0	0.00199254657224591	0.0849666440448192	0	0.0712651984050135	0	0.0351490159366545	0.00990534804814364	0	0	0.0177705283399025	0.102680628262678	0	0.049905038904082	0.578972072411646	0	0	0.0473929790748145	0	0	0	0.012	0.247988928666229	1.00606207811433
TCGA-HB-A2OT-01	0	0.00771081055164378	0	0	0.00532061141308469	0	0.0197093607915287	0.00478164516178809	0	0.000258201072437749	0.0193805067628929	0	0	0.721015527254827	0	0.19699869237583	0	0	0	0.0220803505807378	0	0.00274429403522877	0	0.795667912660055	0.60753516708917
TCGA-DX-A1L3-01	0.0356766244404958	0	0.00144890510343378	0.0353012744502716	0	0.0926164302254037	0	0.0106445916197396	0.0180075756837422	0	0.00362280888805341	0.0021563767119239	0.0226484252082516	0	0.0925248369461727	0.508780963651261	0	0	0.176571187071251	0	0	0	0.004	0.285826477499335	0.979937530556946
TCGA-3B-A9HO-01	0.00241246751948088	0	0	0.265612576351426	0	0.0355633454393548	0	0.0630080636090185	0.0428748639754181	0	0.0200198884808226	0	0.0634194967461367	0	0.063177047246094	0.434048037806562	0	0	0.00986421282568637	0	0	0	0.001	0.487758798016617	0.872137760196913
TCGA-DX-A3UC-01	0.0124336112059016	0	0	0.0762595447701689	0	0.236720625122749	0	0.00226672915726269	0	0	0.028031683521341	0.0162595791113865	0.077719703064256	0	0.0225809766898051	0.404451580721427	0.015236370465839	0	0.108039596169863	0	0	0	0.432	0.0338751375492179	1.08041653954807
TCGA-Z4-A8JB-01	0.0968294507146499	0	0.0238600664270004	0.0265479241509198	0	0.100209474455623	0	0.0737498694714078	0.00617019589207716	0	0	0.0381658106344213	0.0182730214755681	0.0735412799323658	0.0331725639671106	0.301393851040494	0	0	0.208086491838363	0	0	0	0.48	0.0289391642316017	1.0730781115875
TCGA-HS-A5N7-01	0.00307624195438105	0	0.00412863866580168	0.0397242593668682	0	0.149854429122262	0	0.00606605142224919	0.0101565334615384	0	0	0.0202043592033728	0.0267004487440043	0	0.0221178222117913	0.48476541524973	0.00201936056872415	0	0.231186440029277	0	0	0	0.346	0.0481378393886586	1.08936127369382
TCGA-IE-A3OV-01	0.0139979957918827	0	0	0.0611285091956085	0	0.161938592494404	0	0.0326571277405348	0.0857695712067739	0	0.0130503018791643	0.00501470455578496	0.0697148953629309	0.105135873375177	0.123017517242995	0.309601439511923	0	0	0.0189734716428203	0	0	0	0.0580000000000001	0.14501555713289	1.04112221024549
TCGA-DX-AB2E-01	0.00358540686920201	0	0	0.0701996481831477	0	0.0953429143463652	0	0.0465141023046179	0.025768799225351	0	0.07920614950677	0	0	0.20952888810492	0.0611584480882786	0.325367777328229	0	0	0	0.0833278660431179	0	0	0.001	0.453964822546676	0.891727804405567
TCGA-MJ-A68J-01	0.00874954106013186	0	0.0064565718215118	0.0288848974100727	0	0.0904254492643671	0	0.0261637181186278	0.021677820078287	0	0	0.0349400787029376	0	0	0.00173111547320635	0.327025506506652	0.0363609739983089	0.031340852852462	0.383947253205098	0	0	0.0022962215083367	0.005	0.283717447579838	0.983681741968315
TCGA-DX-A8BL-01	0	0.000969403149141316	0.101486588413354	0.184213131936271	0	0.120872126657279	0	0.070062295156846	0.0689876672684025	0	0.0248696091784829	0	0.0387125769431248	0	0.101522857924716	0.249742791907345	0	0	0.0385609514650373	0	0	0	0.002	0.378107357412907	0.92626493045355
TCGA-DX-A8BH-01	0	0.0192647075502631	0.00091942381513492	0.28283343118228	0	0	0.00873638639565961	0.0624301320318021	0.0493504389647596	0	0	0.014725546150901	0.045614017634248	0	0.0638431961098585	0.380678327912117	0	0.0103709763335205	0.0612334159194557	0	0	0	0.012	0.244048616710866	0.991778507041156
TCGA-PT-A8TR-01	0.0567106660724396	0	0	0	0	0.267710434785417	0	0	0.106350476026644	0	0.196491116384131	0	0.112840588839607	0.0129642189931058	0	0.222467391743554	0	0.024465107155102	0	0	0	0	0.931	-0.0262748092986372	1.11468512941527
TCGA-K1-A3PN-02	0.00300070936803268	0.00342077851979842	0	0	0	0.249988957777906	0	0.0103528734999744	0.118618942324242	0	0.0774032427070022	0	0.0748663584699389	0.00316023148725859	0.00863018922327635	0.400927599712358	0	0	0.0496301169102121	0	0	0	0.63	0.0105042478218895	1.09277441564661
TCGA-DX-AB2X-01	0	0	0.00948016219619006	0.0475866377986427	0	0.076573097214419	0	0	0.0327658967815229	0	0.0126086482588458	0.0096281331875618	0.0502130038120993	0.348609364457768	0.00920314669652	0.37986558960384	0	0	0.0234663199925899	0	0	0	0.034	0.181428681960587	1.06670228325839
TCGA-HB-A3L4-01	0.0018724570257809	0.00660106498241581	0.000905784540905436	0	0	0.151811593549039	0	0.00299615332367946	0.0596761732439934	0	0.151865098529343	0	0	0.505433431139555	0.000596582904241269	0.0569329102274203	0	0	0.0613087505336267	0	0	0	0.003	0.343222814625567	0.971169462068378
TCGA-DX-A3U6-01	0.053934230530865	0	0	0.209915907807735	0	0.109217484746096	0.0122498072552692	0.066784915274458	0.0207177371842635	0.0395342925604461	0	0	0.0378423794863406	0	0.0977551475621383	0.31581884812225	0	0	0.0362292494701372	0	0	0	0.001	0.454035068441929	0.890136573590132
TCGA-QQ-A5VD-01	0.00631642410361391	0	0	0.0231466169389723	0	0.103462557224658	0	0	0.00681494486095587	0	0	0.0133485404437758	0	0.570533174053736	0.0217352779790282	0.180104721467215	0	0	0.0745377429280452	0	0	0	0	0.529022736788141	0.861146070767606
TCGA-QC-A7B5-01	0.0102333894986957	0	0.00352900201587077	0.0245812999557123	0	0	0.000494998582596864	0.0245219422343026	0.0348972639709601	0.0246193759291073	0.0196700036931355	0	0	0.409531631608756	0.00141700447484154	0.416591403533732	0	0	0.0299126845022896	0	0	0	0	0.722538209884509	0.69498343474619
TCGA-PC-A5DP-01	0.153191547676598	0	0.0729886770969249	0.0508767042893499	0	0.0420020996236593	0	0.08669486262118	0.00607119808799685	0	0	0.0271743116215916	0	0.0770384712606733	0.00437983717438223	0.315600024507369	0	0.0231430993586222	0.140839166681653	0	0	0	0.778	-0.00868312941159212	1.08112228129552
TCGA-3B-A9HJ-01	0.132620297178499	0.229854960751274	0	0.0763746102639196	0	0.0990365116610713	0	0.100126235019237	0.0458902669115043	0	0	0.0143310508751426	0	0.0754420556610009	0.016744115187279	0.156745111546115	0	0	0.0528347849449574	0	0	0	0	0.539834638547432	0.846608068997131
TCGA-3B-A9HI-01	0.0530656314402306	0	0	0.0487457226881323	0	0.0256206502627878	0	0.0646396644415863	0.0373957902237774	0	0.0328986322299767	0.000485435617899835	0	0.135146013992476	0.0662425055367543	0.463156716537715	0	0	0.0718265275808182	0	0	0.000776709447845274	0.002	0.432452186054544	0.90339797180288
TCGA-DX-AB3A-01	0.00776026815448763	0	0	0.0786327880288717	0	0.223428340243408	0	0.00232675001988252	0.040816777819698	0	0	0.0441908462080741	0.104841789943039	0.0470209805856396	0.0198599119356695	0.277150709222956	0	0	0.153970837838273	0	0	0	0.616	0.0122734836418779	1.08240560946473
TCGA-X9-A971-01	0.010104305092684	0	0.000873601870462916	0	0.108186832076594	0.0218055260506282	0	0.00638182972043992	0.00029621995512484	0	0.0511327955430851	0	0	0.398970826148233	0.0102996754352581	0.220139927911926	0	0	0.171808460195565	0	0	0	0.005	0.281872859700244	0.999385030662313
TCGA-RN-A68Q-01	0.00462130957119089	0.00307893003319268	0	0.104175127252521	0	0.0908476326143791	0	0.0314152530712557	0.00636038667724418	0	0.00710055468500151	0.0148953506105777	0.194659709254144	0	0.00474907643949395	0.499607489378875	0	0.00782547153612387	0	0.0277291704543035	0.00293453842169667	0	0.038	0.175010322887213	1.03919757077421
TCGA-MJ-A850-01	0	0.00722706032224755	0	0.0135859152342195	0	0.155320372474676	0	0	0.0793616514954081	0	0	0.0882955388034488	0.0476633602438196	0.10552991905799	0	0.305594966533279	0	0.0169249923700256	0	0.175982288181923	0	0.00451393528296343	0.876	-0.0195658470551107	1.12877903049151
TCGA-K1-A42W-01	0.0211669441271093	0	0	0	0	0.160305467042123	0	0.0126130981567579	0.0458255959785996	0	0.0358909580403215	0	0.106530588576597	0	0.016412128765684	0.410983731658634	0	0	0.190271487654174	0	0	0	0.054	0.150131945382829	1.03254720907136
TCGA-DX-AB2Z-01	0.0470597736176179	0	0.0177324157413678	0.394782109212602	0	0	0.00578357691462932	0.0233440148703362	0.0478396484056121	0	0	0.0280706867346786	0.0198269357631453	0.162842814511087	0.0274083234854655	0.19927421898727	0	0	0.0260354817561882	0	0	0	0.002	0.386871654656158	0.926692004989191
TCGA-IF-A3RQ-01	0.0113086622013075	0	0	0.0317991226522353	0	0.0956875244113218	0	0	0.00438949122407593	0	0.0731664526014432	0	0.0816658189035034	0	0.00612212408083899	0.689015631447717	0	0	0.0065213292084888	0	0	0.000323843269067969	0.048	0.158204622193789	1.07282901263061
TCGA-DX-A3U5-01	0.00334146305773495	0	0.00344336844760938	0.040746481070869	0	0.0519720891190745	0	0	0.024533439224033	0	0	0.0147360655042708	0.0907382151077689	0	0.00860656593498237	0.648100255077238	0	0.00092130372122653	0.104756089745591	0	0	0.00810466398960163	0.00700000000000001	0.267004351409484	1.00633748564343
TCGA-DX-AB2L-01	0.00572289475820447	0	0.00526543502231819	0	0	0.156386466370905	0	0.0151581822809509	0.0377213806528195	0	0.0551200101550944	0	0	0.141937161435272	0.00380218125004638	0.574008841549422	0	0	0.00477030777151044	0.000107138753456965	0	0	0.02	0.209033936829844	1.03923898644838
TCGA-K1-A42X-02	0.0303937553856181	0.0111833177533197	0.0393675269638075	0.0743436411319129	0	0.133259257458898	0	0.0674560805084087	0	0	0.00681264640388144	0.0180285394376955	0.0205041133475587	0	0.00721026836688638	0.248753462883876	0	0.0057165923762805	0.336970797981857	0	0	0	0.391	0.0411630827928624	1.08167255416529
TCGA-DX-A6YZ-01	0.00212772588922729	0.000241658665741886	0.000620494797550149	0.0633170375718131	0	0.125897285261518	0	0.0205730844673905	0.0181396726445448	0	0	0.0158679114240124	0.01304599033336	0	0.02660303460848	0.442419184033039	0.00224960877257802	0	0.268765028525004	0	0	0.000132283005741109	0.053	0.150584013615612	1.04150865762946
TCGA-DX-A7EN-01	0	0	0	0	0	0.254053707568956	0	0.000935448978659004	0.0849680107499616	0	0.05834552864906	0.0366718037949973	0.0529129668594192	0.120026746265288	0.0311956451420486	0	0	0.0281035543520608	0.332755867754727	0	0	3.07198848218435e-05	0.896	-0.0215705727874651	1.11709261605851
TCGA-DX-A48L-01	0.0651912626817702	0	0	0.0804316152242599	0	0.0607258310988878	0	0.0806449239442271	0.00227554038135336	0	0.0390684751670481	0.0194194930914004	0.0436789131998776	0.0101504549028184	0.0981895707533456	0.347553457546606	0	0	0.152670462008406	0	0	0	0.985	-0.0456189475823288	1.10742294878194
TCGA-DX-A8BS-01	0.00453218341560984	0	0.00387329603806384	0	0	0.147185471319232	0	0.0087334728679564	0.0324476659792035	0	0.0433496357776184	0.00472203542660185	0	0.276234030941891	0.00504984466401078	0.451149323495949	0	0	0	0.0227230400738639	0	0	0.002	0.413789587212902	0.925063547087718
TCGA-VT-A80G-01	0.0288570813787439	0	0	0	0	0.233801592456713	0	0.0147268807223822	0.0862124022611959	0	0.0450467039460454	0.0227319779458166	0.0274579342452998	0.00698796867597515	0.0846543103942839	0.398392186362335	0.000960470770435764	0	0.0501704908407734	0	0	0	0.384	0.0419907596639985	1.07962441169189
TCGA-3B-A9HR-01	0.0750054435547957	0	0.121288931969837	0	0.0827975213052992	0.194971643374949	0	0.0602795402894875	0	0	0.0355375470956592	0	0.00926814412804684	0.0453208638875075	0	0.241254786022932	0	0	0.134275578371486	0	0	0	0.747	-0.00501061357337806	1.07250909963084
TCGA-3B-A9HQ-01	0.0262956149184165	0	0	0	0	0.121971293046261	0	0.0355567966485349	0.0775038309639171	0	0.029233322292909	0	0.0615712247274881	0.0136957728455319	0.0438613827077665	0.282229442197254	0.000866077566834925	0	0.307215242085087	0	0	0	0.005	0.280455939933861	0.974488813488145
TCGA-3B-A9HL-01	0.00153817117098157	0	0.00415666321220731	0.00951921157521197	0	0.212090649595076	0	0.00302172326507944	0.0193582362758454	0	0.0117681577474796	0.0444171971471207	0.0412709994203868	0	0.019970167621258	0.614320825216797	0	0.00659611911114065	0.00731510172704763	0	0	0.00465677691436799	0.123	0.10163481563269	1.0843024861795
TCGA-DX-A7EM-01	0.0593898617911667	0	0	0.10451659964568	0	0.155502989303969	0	0.0432406788560761	0	0	0	0.0144191950387466	0.0575314392639766	0	0.058009195038964	0.347638761052119	0	0	0.159751280009302	0	0	0	0.176	0.0848850137715926	1.0523195189
TCGA-DX-A1KZ-01	0.0146153866970957	0	0	0.0559740608309547	0	0.0818307031714292	0	0.00552250657069726	0.00881845171366852	0	0.0316359120092616	0	0.0503012833726668	0	0.00410845317060157	0.670467537602481	0	0	0.0767257048611438	0	0	0	0.013	0.238448768283889	1.02130902507012
TCGA-WK-A8XT-01	0.164745541912828	0	0.0822070941342621	0	0	0.0625297635446634	0	0.108880425934286	0.053077838238812	0	0.00227669516040044	0.0206212407239988	0.00355651795418761	0.231050513301092	0	0.243002177853388	0	0	0.0280521912420818	0	0	0	0.996	-0.0615229720482684	1.12002409427836
TCGA-UE-A6QU-01	0.00990898600377974	0	0	0.350957296666582	0	0	0	0.0542298270866812	0.104673403441872	0	0.0401431862261458	0.0105978168065089	0.0123339056196828	0.125357211062814	0.096461402640971	0.190955789081708	0	0	0.00438117536325363	0	0	0	0.002	0.371780559572024	0.937234966118458
TCGA-DX-AB2F-01	0.00436478083246606	0	0	0.0163054286540536	0	0.128900936441911	0	0.000267644002896585	0.0103234391305325	0	0	0.047424207082202	0.0477987354971051	0	0.0134016928614979	0.610685691980819	0	0.0197070178512836	0.0918929507176485	0	0	0.00892747494758476	0.014	0.228918399480143	1.01784908830959
TCGA-DX-A6B9-01	0.00434916475619556	0.00674801101970233	0	0.0379198254164536	0	0.271465447405274	0	0	0.0128293705279474	0	0.0174044236607674	0.055394727119601	0.0478033170527465	0	0.0111970624386622	0.238547589650159	0.00561877245259535	0	0.290722288499896	0	0	0	0.261	0.0626463363036493	1.07309200642011
TCGA-IE-A4EJ-01	0.0434321883874258	0	0.0166346585931153	0.0787552099384396	0	0.139258422730703	0	0.00392567886782602	0.0454094353485332	0	0.0381423857392565	0.0107714636325775	0.0155112320129013	0	0.134440087125613	0.425810762858535	0	0	0.047908474765073	0	0	0	0.03	0.188222944795473	1.02269083352693
TCGA-Z4-AAPF-01	0.0388000659477016	0	0.0167543221652937	0.0448705077864354	0	0.132803548326308	0	0.0153900021516907	0.0859847616586618	0	0.0260177728394398	0.0270772958624304	0	0.528298417308179	0	0.0799608986238622	0	0	0.0024244317655176	0.00161797556447989	0	0	0.001	0.472312585725869	0.891434811360728
TCGA-SG-A6Z4-01	0.0463612104279366	0	0.00345255886768767	0	0	0.170596675385639	0	0.0635778999749724	0.00926881014949463	0	0.0585569888781119	0	0	0.282224994243442	0.00190934125245052	0.308984395713307	0	0	0.0527084852417439	0	0	0.00235863986521452	0	0.620697895355193	0.791939619336783
TCGA-3B-A9I3-01	0	0	0.0436716075438717	0	0	0.449958975566574	0	0.0455282703350757	0.0577243168533801	0.00865497581370933	0.0351921889568858	0	0.060834799210291	0	0.0026291743617875	0.138056753989563	0	0.0267277342933683	0	0.127187933470735	0	0.00383326960475929	0.249	0.0667052134706	1.07345149465414
TCGA-WK-A8XZ-01	0.0202186928645952	0	0.00366190855756572	0	0.0109687686638451	0.149831384334636	0	0.0281329524762105	0.000833885037879683	0	0.0666885623569648	0	0.0710565435794295	0	0.0656320831533067	0.384377975877708	0	0	0.198597243097859	0	0	0	0.764	-0.00712304387567295	1.09595331988348
TCGA-DX-A3LU-01	0.00777573215044553	0	0.0526726254936187	0.177076656033502	0	0.0334397745759729	0	0.0253342133445629	0.0509012147397514	0.00136575951953889	0	0.00285137220142254	0.0650256614196081	0.000656699427534602	0.115080721091939	0.443803913683047	0	0	0.0240156563190557	0	0	0	0.002	0.418346160596296	0.909168940035796
TCGA-DX-A6BB-01	0.124080838787677	0	0.0709919567650512	0.0088130664122802	0	0.0818361384148367	0	0.0566435515637563	0	0	0	0.0363203379481502	0.0325835920171906	0	0.0419744944039264	0.365743618509465	0	0	0.181012405177667	0	0	0	0.763	-0.00696769788945888	1.08346416449526
TCGA-DX-A6BF-01	0	0	0	0.0561967476222198	0	0.111614171397795	0	0.0164935457866451	0.00251955079732895	0	0.00995678208943324	0.0216571167742884	0.0815083481156572	0	0.0383312554679651	0.640375471550916	0	0.00818031587528861	0.012607323858701	0	0	0.000559370663761244	0.021	0.207082953138176	1.03726400535551
TCGA-DX-A7EO-01	0	0	0.0615723636089453	0	0	0.284808247938946	0	0.000134385773045011	0.0898591042727112	0	0.14358931235525	0	0.0526009211760954	0.105963150913062	0.00640688465834051	0	0.00911930503599723	0	0.245946324267608	0	0	0	0.989	-0.0493855155996719	1.11615642072355
TCGA-K1-A3PO-01	0.0386045974692808	0	0.00707953657978328	0.0994456236757671	0	0.110288346825063	0	0.0377755714279581	0.048635978172276	0	0	0.0635959145255619	0.0460742718300059	0	0.0122889883027046	0.344802978428286	0	0.00359010710863304	0.18781808565468	0	0	0	0.091	0.117607551235717	1.04100673032552
TCGA-3B-A9HY-01	0.00362128358933512	0	0	0	0	0.294611017249652	0	0.0360210703026153	0.0429635895334444	0	0.0128920624991336	0.0278654308829718	0	0.141832312342664	0.138844665826969	0.26978951213695	0	0	0.0315590556362648	0	0	0	0.082	0.124604152314662	1.05607826424866
TCGA-DX-A7EQ-01	0	0.0289690704642471	0.0227047294923702	0.00410653146738904	0	0.0954022912143824	0	0.0588586270643299	0.0125137004297957	0	0.0254065621304142	0.0378124602851716	0.0194787135135338	0.320527796976148	0	0.367854576631399	0	0	0	0.00636494033081968	0	0	0.445	0.0320285800273962	1.13197278420995
TCGA-HS-A5N8-01	0.0677346025306741	0	0.0194523560350328	0.0397753916870343	0	0.244062163631318	0	0.0284472392605104	0.0298699093252943	0	0	0.0600265296720105	0.0374200597239845	0.0654525327093488	0.000545428935507751	0.261039634749151	0	0.0288582539964037	0.11700818904681	0	0	0.000307708696920258	0.258	0.0642915393928653	1.05710818187512
TCGA-KD-A5QS-01	0.00349772098499362	0	0	0.00347086395177528	0	0.183836712454361	0	0	0.0359478284211358	0	0.0112699641127879	0.00530177844036384	0.0338765728047309	0.367449694575595	0.00217999715678727	0.241961831321046	0	0	0.111207035776423	0	0	0	0.003	0.345756676829054	0.959194207328388
TCGA-MJ-A68H-01	0	0.00783403099913533	0.00237141053590316	0	0	0.345581483575241	0	0.0239852286248725	0.0994362480935533	0	0.127694207241522	0	0.0600200497179155	0.0325264345777861	0.0113310001942835	0.176322937332347	0.00523892145683598	0.005156264961987	0.102501782688617	0	0	0	0.581	0.0171534901909124	1.08780301839963
TCGA-DX-A23R-01	0.00614714755565944	0	0.0588838809262864	0	0	0.25262368348706	0	0.133575672437351	0.0350818106346621	0	0	0.00852272710451313	0.0618331047844856	0.0845723372902546	0.00183186846082457	0.109161025137703	0	0	0.2477667421812	0	0	0	0.844	-0.0157047983564821	1.09329032525284
TCGA-DX-A8BQ-01	0	0	0	0.350563487273378	0	0.00594611797121418	0.00671901858051326	0.0403248380952827	0.0163479598565219	0.0322339018308132	0	0	0.0390993717161406	0	0.0907163096499931	0.378705679980315	0	0	0.0393433150458279	0	0	0	0	0.5097170225548	0.859750531429591
TCGA-SI-A71P-01	0.0187503834909811	0	0	0.104272167564225	0	0.128995846741501	0.00325187595443058	0.00527892505943821	0.00442894883095171	0	0.039735324583079	0.00384238303804992	0.195910602266525	0	0.0202722435221919	0.466030162866298	0	0.00893305377005894	0	0	0	0.000298082312270199	0.012	0.248248025996945	0.999159685833126
TCGA-IF-A4AJ-01	0.0078463503835184	0	0	0.00169098903211177	0	0.222174803379076	0	0.100606222706076	0.00402345256608757	0	0.0278831462036143	0	0.00301858814183966	0	0.131996297455293	0.345417348128504	0.00310561179140644	0	0.152237190212472	0	0	0	0.15	0.0913201102889035	1.05965241882124
TCGA-DX-A3UF-01	0.0347952459522049	0	0	0	0	0.0954836519224228	0	0.0652044841847954	0.0340020737763104	0	0	0.0368711514704882	0.0257199901883433	0	0.208617148627331	0.375178208312179	0	0	0.124128045565926	0	0	0	0.045	0.163676828648014	1.04823428807404
TCGA-X6-A8C4-01	0	0	0.0527297965929859	0.0306616294692774	0	0.233254541042304	0	0.0255318424621633	0.0165723566648971	0	0.0267081931108556	0.0282612211117262	0.124560647925648	0.00863027246740573	0.0283988874731584	0.406750568729735	0	0	0	0.0179400429498432	0	0	0.424	0.0353123033618124	1.08201669314058
TCGA-FX-A8OO-01	0.00292438548211331	0	0.0716173877312155	0.0489703422755052	0	0.328112615831994	0	0.0243072796737723	0.0144434792438483	0	0.0459663332216097	0.00786103405173152	0.08576092788959	0.0799462876050989	0.021209522056293	0.218057183615025	0.0155950068091385	0	0.0352282145130651	0	0	0	0.805	-0.0107799056778817	1.08826210290587
TCGA-SI-AA8B-01	0	0	0	0.00402391540379894	0	0.0248022554420923	0	0.0158687487010121	0.00911253655764115	0	0.0193253544495705	0	0	0.479810308234685	0.0223597693220046	0.395540534518306	0	0	0.0291565773708894	0	0	0	0	0.717342350423774	0.697130465682194
TCGA-3R-A8YX-01	0.0243218813976384	0	0.085655002896231	0.0391246434152965	0	0.211271023670863	0	0.0268339908303902	0.0497447692182575	0	0.00381723473080046	0	0	0	0.0393348471833209	0.468576652796622	0	0.00764701597209938	0.0356861797244207	0	0	0.00798675816406053	0.17	0.0871331896390214	1.05775304935313
TCGA-X6-A7WC-01	0.00840781974756494	0	0.013199354363458	0.0703999226121859	0	0	0.0276479514201709	0.136189249074658	0.0147872223945565	0	0.00635892992879844	0.0888081064628981	0.00338112362919343	0.13895370068482	0.0576772938756397	0.37026441895624	0.00617602206822577	0	0	0.0577488847815912	0	0	0	0.519504689255496	0.853995528944419
TCGA-UE-A6QT-01	0.095605126151039	0	0	0.178685707885609	0	0.104003374502116	0	0.0644343197184061	0.0634924936037393	0	0.035770731802576	0	0.0323604881176066	0.0892591308560147	0.111947411232005	0.202997931113666	0	0	0.0214432850172217	0	0	0	0.002	0.408953386665059	0.912800395145961
TCGA-LI-A9QH-01	0	0	0.00247288935434753	0	0	0.245981576813339	0	0.0324101566742234	0.0502506388010878	0	0.0464046162751166	0.0338734732040209	0.083308436989013	0.0109879705947144	0.0107063231643523	0.385086307647993	0	0.00568637769577566	0.0928312327860165	0	0	0	0.405	0.0380895469626411	1.07751997259595
TCGA-SI-A71O-01	0.00131024593764006	0.00713716474197766	0	0	0	0.218481863953287	0	0.0872424157352455	0.0648291066656219	0	0.0499696085784681	0.000604623853109529	0	0.430287195734202	0.0129453110110759	0.0800943322659478	0	0	0.0470981315234239	0	0	0	0.038	0.175387110850361	1.05042069349563
TCGA-X6-A7W8-01	0.00733908402732089	0	0	0.0289853829802017	0	0.0691035535744661	0.00635626879772684	0.00233309458801209	0.0399880146761233	0	0.0203010094360868	0	0.00334572340425584	0.10488347790945	0.0277811974966715	0.59817047855205	0	0	0.074096152070154	0.0147140667634332	0	0.00260249572404764	0	0.516419520973316	0.856913208067093
TCGA-SI-AA8C-01	0.0190447480997519	0	0.00541627012092095	0	0	0.0775732554312383	0	0.0536372795618824	0.0368719417297881	0	0.00199820910489115	0.0134228717425576	0	0.447078443780681	0	0.260270084245612	0	0.0135516418415188	0.071135254341157	0	0	0	0.004	0.295125915291925	1.00390946653832
TCGA-MB-A8JK-01	0.0208202231959659	0	0	0.086597609377611	0	0.0305701593894784	0	0.0564283165219985	0.0727659009061896	0	0.00428095040085739	0.0439037432515815	0	0.116817689860738	0.0616610038314435	0.254298781335391	0	0	0.251855621928745	0	0	0	0.052	0.153850852452367	1.03090729708276
TCGA-KD-A5QT-01	0.0621379732649462	0	0	0	0	0.241403088697082	0	0.0775600131862213	0.0322045321489344	0	0	0.0398978816825689	0.0438827796206506	0.0399794826495022	0.0744894952551135	0.187164027004601	0	0	0.20128072649038	0	0	0	0.704	0.00202072700576698	1.08234586144136
TCGA-WK-A8XY-01	0.00287701614259354	0	0.0112730802195669	0	0.00895007157910668	0.127644719703327	0	0.0107230581868312	0.00593149192600917	0	0.158591176673206	0.0342579223188838	0.188059660023897	0.00150821692043886	0.00403223879886931	0.26731241600224	0	0	0.17883893150503	0	0	0	0.969	-0.0371511210421823	1.11376414459639
TCGA-QQ-A5VC-01	0.00639093376113649	0	0.0635315835375575	0.0141321324677809	0	0.182724744447437	0	0.12393017650787	0.00626040392620811	0	0.0220506677873798	0.0414963024244675	0.00901026727982178	0.155541439590284	0.0248678499025835	0.279979819394952	0	0	0.0700836789725213	0	0	0	0.498	0.0267684296798671	1.07853404101555
TCGA-JV-A5VF-01	0	0	0.027645592741719	0	0	0.037704569152642	0	0.0483709767903589	0	0	0	0.0194335660463974	0	0.57690205982579	0.00252303908160304	0.222623527585608	0	0	0.0616593251109545	0	0.00313734366492794	0	0	0.776179394393636	0.636831370319651
TCGA-DX-A1L1-01	0.0319258897642194	0	0	0.131052311848625	0	0.076147692754646	0.0102661378547827	0.0454953080893226	0.0135764867051264	0	0	0	0.0306163507879272	0	0.145061565025847	0.427234442737996	0	0.00631707674208124	0.0823067376894259	0	0	0	0.012	0.241614870417139	0.999378127112422
TCGA-WP-A9GB-01	0.0952699194411402	0	0.172540378135884	0	0	0.125203870638628	0	0.134830393946224	0	0	0	0.0888752598698037	0.0208618890694233	0.0341189430181615	0	0.293717326678214	0	0.0127637820045194	0.0218182371980013	0	0	0	0.849	-0.0161781652992133	1.07876400984299
TCGA-X9-A973-01	0.00216361542499357	0.00173501883690108	0.0020866207662747	0.0338712738035838	0	0.160043789490627	0	0.0109035058195178	0.0709723110731501	0	0.0861673324713148	0.00701000723448211	0.123424394729027	0.0384725447327213	0	0.391609395679235	0	0	0.0660451173159894	0	0.000529233531728179	0.00496583909045401	0.096	0.113784937033963	1.04981230313282
TCGA-Z4-AAPG-01	0.00959973692013784	0	0	0.0164159375610578	0	0.0859127588062752	0	0.00173463816432486	0.0068127346745857	0	0.0120813754553015	0.0460430526802899	0.0149119573461587	0	0	0.673955612048644	0	0.00479159327695144	0.127740603066272	0	0	0	0.038	0.175282557966248	1.05659291765523
TCGA-X6-A8C6-01	0	0	0.0379381968030566	0.0578387889586243	0	0.0838756254502275	0	0.0190679855365577	0	0	0.0264993349941731	0.00698010316238465	0.0379329803683986	0	0.0532939225793487	0.601529459977891	0	0	0.0750436021693374	0	0	0	0.08	0.127572076039544	1.06446940851333
TCGA-DX-A6YV-01	0.000546869275015052	0.00142213262433043	0	0.0379346300265104	0	0.174344421682237	0	0.00311448091096975	0.0489040110794389	0	0.00975277623423848	0.0385142590893011	0.0386756842467967	0.401360234184825	0.00111019034159857	0.186600866177439	0	0.00660319483941422	0.0511162492878853	0	0	0	0.345	0.0483154123336382	1.11788787343409
TCGA-SG-A849-01	0.00635938965404738	0	0.00438257515276495	0.286469220956929	0	0.0803377546726877	0	0.0842065493718056	0.0485072533254475	0	0	0.00356540483801415	0.0426115597091981	0	0.098216608284844	0.316253364967331	0	0	0.0290903190669308	0	0	0	0.002	0.431340919779452	0.902476825565879
TCGA-DX-A2IZ-01	0.122127890791668	0	0.000901194736389115	0	0.090246532985289	0.181484073934115	0	0.0751927008146388	0	0	0	0.011229198132407	0.0527701945903691	0.383194673319571	0	0.0429637035031228	0	0.0124791690289987	0	0.0274106681634312	0	0	0.258	0.0641199865708759	1.0947374892106
TCGA-DX-A1KY-01	0	0	0.213109313199154	0	0	0.161410946172196	0.00583190177255433	0.0975782152550069	0.0370762180889406	0	0.0370141846090108	0	0.147372324962801	0.0419896591209949	0	0.159715043779811	0	0	0.0989021930395299	0	0	0	0.986	-0.0465073198729331	1.07452573425832
TCGA-DX-A23Y-01	0.073533176294454	0	0.0160808695923608	0.171007074379267	0	0.123991302224309	0	0.0244910446868394	0.0332213350571486	0.0255243479172426	0	0.00555555506237854	0.0218325320749751	0	0.110648038966837	0.384255345087388	0	0	0.00985937865679949	0	0	0	0.003	0.366512831115643	0.935162094318031
TCGA-DX-A7ER-01	0.228746461637989	0	0.170268487177644	0.0376291017213994	0	0	0	0.138315466781069	0	0	0	0.0855592858448237	0.00375254361108889	0.0562030035848526	0	0.279525649641133	0	0	0	0	0	0	0.968	-0.0365574536807565	1.09564710107542
TCGA-PC-A5DO-01	0.0347164260955238	0	0	0.0747076845465273	0	0.114186429937766	0	0.0307558797324485	0.0805620241131196	0	0.0433926771806821	0.00124088789889911	0.0512450628295973	0.0629799893231753	0.0110904408912776	0.469025529613459	0.0039917779225568	0	0.022105189914968	0	0	0	0.1	0.110606127114357	1.05966475128678
TCGA-IW-A3M4-01	0.0695530992439091	0	0	0	0	0.264857427742848	0	0.0930512794385508	0	0	0	0.0497543608235951	0.0895090734810185	0.0470688858891198	0.00589475009012823	0.207761563315058	0	0.00119688232128938	0.171352677654483	0	0	0	0.577	0.0176941036032837	1.07552025850624
TCGA-DX-A2J4-01	0.0190456855212749	0.00601023556486971	0	0.0291696425896414	0	0.0702520953652697	0	0.01227267720033	0.00800269626732127	0	0	0.011175359903143	0.00136799474615165	0	0.0262514551944803	0.19824369769519	0	0	0.618208459952328	0	0	0	0	0.686320361747911	0.72787506031989
TCGA-DX-A8BO-01	0.00681626832835817	0	0	0.0394433371590381	0	0.0846668765695386	0	0.0485058003285737	0.0439704805012068	0	0	0.0188814526949255	0.00124294539636045	0	0.0203878051059446	0.609834558776462	0	0.0465909517767771	0.079659523362815	0	0	0	0.002	0.378390875349649	0.935440211510594
TCGA-DX-A6B8-01	0.00449012216918269	0.00259347528732717	0	0	0	0.36264226115392	0	0.021477733901637	0.0104995874580076	0	0.125883886819188	0.0303011857717139	0.0416563350440076	0.262879902192273	0.000273178495261398	0.102489078607858	0	0	0.0348132530996232	0	0	0	0.639	0.00966124765333081	1.11351280036164
TCGA-DX-A23U-01	0	0	0.0102886069624243	0	0	0.130810240684078	0	0	0	0.019037162107113	0	0.0092108887863143	0	0.382848405584626	0.0326227848954757	0.404486882971237	0	0	0.0106950280087315	0	0	0	0	0.55111546770323	0.838273773485018
TCGA-VT-A80J-01	0.0046664610444778	0	0	0.102094932368528	0	0.0642501752086364	0.00381335339992717	0.0544567075234034	0.0292733484030264	0	0	0.0114883558930628	0.0403392925170352	0.163911558256439	0.0848772459895947	0.396361411495551	0.0049174254864827	0	0.0395497324138358	0	0	0	0.002	0.425407019707078	0.907386857965059
TCGA-DX-AB2J-01	0.0727594072346731	0	0.0426354845175889	0	0.00196402712857113	0.23728064211205	0	0	0.00689622881114605	0	0.0289907022323323	0.0345321026023501	0.115720663381378	0	0	0.422924231413956	0	0	0.0362965105659535	0	0	0	0.726	-0.00160792879292838	1.09470479519799
TCGA-K1-A6RV-01	0	0.00429705093062087	0.00832313838218226	0	0	0.0848818099690072	0.00153718507918296	0.0278033542683547	0.0290477665360239	0	0.0391200718683763	0	0	0.368598825688887	0	0.426834187871963	0	0	0.00955660940540229	0	0	0	0	0.5574566857674	0.833178409433939
TCGA-PC-A5DM-01	0.0152270489628385	0	0	0.00846040306631367	0	0.191346176335531	0.0123013966958598	0	0	0	0.0361293191152183	0	0.0887562264663463	0.208108654244023	0	0.412251433487378	0	0.00390751271152017	0.0235118289149707	0	0	0	0.0639999999999999	0.141323488448569	1.06196190991932
TCGA-PC-A5DK-01	0.110392374710474	0	0.0132034782825336	0.163535726740242	0	0.110383131314472	0	0.0402437988403076	0.00453387829492194	0	0	0.0329031449962664	0.0306562121360112	0	0.0550086298279364	0.171788470518324	0	0	0.267351154338511	0	0	0	0.08	0.127381400560489	1.0382555944595
TCGA-IS-A3K7-01	0	0	0.00534311173213471	0.079740776220632	0	0.313961768558884	0	0.0648080686674568	0.0331730195039765	0	0.0137858302893522	0.0298123848088914	0.0124613444380764	0.0467547155202567	0.0664105780264333	0.316965595790786	0	0	0.016143730128376	0	0.000639076314743822	0	0.049	0.157766147719566	1.03553163393259
TCGA-IE-A4EK-01	0.0474981116419211	0	0.077217076430433	0.00999162440520515	0	0.107242621743882	0	0.0343918564497757	0	0	0.0175465420341347	0.0478073371523573	0.0516123307193797	0	0.0514583030472396	0.346529435079074	0	0	0.208704761296598	0	0	0	0.81	-0.0113157376437855	1.08689292934471
TCGA-X6-A8C5-01	0.0107443302437609	0	0	0.150374203629384	0	0.125488921422446	0	0.00742782033489375	0.0311806859495362	0	0	0.0391543664793534	0.116630663983404	0	0.0452427525890478	0.348960846636209	0	0	0.124795408731965	0	0	0	0.034	0.181128223007229	1.01552402906791
TCGA-QQ-A5V2-01	0.0481641635459859	0	0.0114334162641332	0.048144806356169	0	0	0	0.0281099544201023	0.00333979892761056	0.0406839518440538	0	0.0322414963684111	0.0801826090282695	0.247301245413433	0	0.424313572580974	0	0	0.0360849852508577	0	0	0	0	0.625172862748494	0.78341761727296
TCGA-DX-A2J1-01	0	0	0	0.051169506736414	0	0.0879690674488151	0	0	0.0273898873130763	0	0	0.0147171802983783	0.0724013308835233	0	0.0160007327123875	0.662770151074045	0	0	0.06758214353336	0	0	0	0	0.507192358132952	0.862926232845849
TCGA-3B-A9HS-01	0.0840597427620948	0	0	0.217825548055257	0	0.105209968211487	0	0.0482484166459827	0.101187413236233	0	0	0	0.0469781487551003	0.0450144135901311	0.0663793537412806	0.278376478213594	0	0	0.00672051678883892	0	0	0	0.005	0.278765604602736	0.975348442886066
TCGA-DX-A6YX-01	0.0023257533052071	0	0	0	0	0.21044320566923	0	0.0079513693173448	0.0509074193619799	0	0	0.0225616867531234	0.0153924141651543	0.213842466803627	0	0.436401587465451	0	0.0380110280199886	0	0.00216306913889421	0	0	0.011	0.25027490173902	1.01027772697297
TCGA-RN-AAAQ-01	0	0.000488000751278885	0	0.0125799278736567	0	0.0550868390320352	0	0.00656279528089856	0.0269947752942453	0	0.0649534347019707	0	0.189611916916721	0	0	0.633311491984357	0	0	0.0104108181648358	0	0	0	0.003	0.318498627095498	0.982532826219533
TCGA-X6-A8C2-01	0	0.00620933756158312	0	0.00050082377287764	0	0.00187264150712879	0.0190005076163396	0.0259036488186566	0.0103897430446271	0	0.00597952689253546	0	0	0.520283135642368	0.0061740686542181	0.355637637212694	0	0	0.0480489292769716	0	0	0	0	0.749125768780331	0.664087872012624
TCGA-X2-A95T-01	0.115566746287172	0	0.0331582946219081	0.0616991404070809	0	0.0478331000465089	0	0.0929560666163723	0.0345783671681763	0	0.00843484753209169	0.0110344244522281	0	0.149619465486385	0.078063836360196	0.331614324364671	0	0	0.0354413866572093	0	0	0	0.451	0.0316105541675918	1.08335247237269
TCGA-HS-A5N9-01	0	0.00321747870064703	0.00062409142845796	0	0	0.140718390807631	0.000413132916614859	0	0.0847047924574384	0	0.0555369926443566	0	0	0.519835496518612	0.0156297056935357	0.14995899678581	0	0	0.028679275314247	0	0	0.000681646732650243	0.116	0.104118488687659	1.12000109468357
TCGA-DX-A6YS-01	0.0180270299518668	0	0	0.0321746762762867	0	0.396127241603846	0	0.0145010857938389	0.0835707349876349	0	0	0.0541373672168973	0.0710305613502684	4.26404135773127e-05	0.084036653349415	0.147906770632394	0	0	0.0984452384239746	0	0	0	0.709	0.00113122538778515	1.10000188327427
TCGA-DX-A3UA-01	0.0041381476037484	0	0.0213202169286381	0	0	0.0639732743115799	0.0027196570490674	0.0721880570194116	0.0456987928870937	0	0.053724955093517	0	0	0.497393419571288	0.00304432264743937	0.227171437025292	0	0	0.00862771986292421	0	0	0	0	0.718283496963979	0.701950850106483
TCGA-DX-A1KU-01	0.064247982795865	0	0.00233915719213599	0.0633344300581276	0	0.188390040851828	0	0.012494631259495	0.0121727522082088	0	0	0.081484855660292	0.0467039615836577	0.0437914582831914	0.0764585877629507	0.349671537946825	0	0	0.0558039388500478	0	0	0.00310666554737458	0.081	0.126865205352748	1.04245384675987
TCGA-DX-A3M1-01	0.00493315358913139	1.86820520515046e-05	0	0	0	0.109468348307106	0	0.00400330412991721	0.0336202830856025	0	0.00641338834204091	0.0108549452820301	0	0.296096195029415	0.0196236339344521	0.481766794181523	0	0.00664743901752646	0.026553833049204	0	0	0	0.002	0.413565093674642	0.930754437895681
TCGA-MB-A5Y9-01	0.00489561051550438	0	0	0.165426633817326	0	0.0339888724632495	0	0.0226844531142678	0.0283801228845043	0	0	0.0478691666813265	0.0116345142801907	0	0.0169415872699898	0.586642164855754	0	0	0.0779879883429445	0	0	0.00354888577494221	0	0.507829810947589	0.860745137475533
TCGA-SI-A71Q-01	0.099803064117441	0	0.061511826526488	0	0	0.150071637559071	0	0.0459297393126267	0.0636440101077277	0	0	0.0660374818756076	0.0111922605586064	0.227362884473955	0.0094998914035916	0.224711626967868	0	0.00833690246104191	0.0318986746359747	0	0	0	0.419	0.0359353619203486	1.07928902651751
TCGA-DX-A3U7-01	0.115437625761265	0	0.0900379208883371	0.00156997841753379	0	0.159666151866044	0	0.0256831042389909	0	0	0.0647478412788926	0.0160320154111711	0.0182596403875895	0.107119599381088	0.0593690979299444	0.276679479037483	0	0	0.0653975454016614	0	0	0	0.495	0.0270632113150298	1.06677528548319
TCGA-DX-A23Z-01	0.0759500473062488	0	0	0.0309958342155728	0	0.161466525171199	0	0	0.034617713601387	0	0.0160901449630772	0	0.0546491715257869	0	0.0473209583280978	0.463186756608414	0	0	0.115722848280216	0	0	0	0.056	0.14726482968638	1.03461376617933
TCGA-DX-AB2O-01	0.00221983507018988	0	0	0.0763378391763476	0	0.0971341318557558	0.000770663743118642	0.0548634787951877	0.0773276743366263	0	0.00453027810655177	0.0502122004179015	0.028535216165394	0.0169831629315408	0.0454963171699796	0.385870868604159	0	0	0.159718333627247	0	0	0	0.395	0.040313085547381	1.07630319269046
TCGA-QQ-A5VA-01	0.0627425987675125	0.0413594216920825	0.000702990302135227	0.138575709120877	0	0.13524344211811	0.013652065627765	0.125808647948778	0.0340710133220854	0	0.00961179328656932	0	0.0591157348226086	0	0.0527672620534441	0.309762659217001	0	0.00359739140941421	0.0129892703116177	0	0	0	0.004	0.290182339849949	0.967471108867046
TCGA-DX-A6Z0-01	0.0586206325064324	0	0	0.101365417417462	0	0.0507239363465168	0	0.0585520854864557	0.0375928057824741	0	0.0100845265625595	0.00465018974568714	0.00896932678767531	0	0.10925885255577	0.410507101013296	0	0	0.14967512579567	0	0	0	0.016	0.219518702682795	1.00248492748138
TCGA-DX-AB2P-01	0.0104079221814019	0	0.00412821956029002	0.00184476513525802	0	0.0123092620395563	0	0.0394533865591216	0.0101171885613772	0	0.0210072755614697	0	0	0.344328537686722	0.0324124015142011	0.488213059985164	0	0	0.0357779812154381	0	0	0	0	0.671074542770833	0.741656409030954
TCGA-DX-AB2Q-01	0	0	0.0454301736778495	0.00532001743667408	0	0.170806361993228	0	0.0090467860105624	0.034363315632667	0	0.0156350582306886	0.0101528658652873	0	0.288551085272272	0.0817818292187175	0.316738330102119	0	0	0.0134098472806399	0	0	0.00876432927929498	0.053	0.151849383581252	1.0576969966392
TCGA-DX-A7EI-01	0.15652684071324	0	0	0.183838826320402	0	0.0174514839203288	0	0.120741451718306	0.0673891955095064	0	0.0452986421655414	0	0	0.0529241118165177	0.100010099494089	0.223356963481115	0	0	0.0324623848609544	0	0	0	0.991	-0.0522310640693539	1.11589283637206
TCGA-K1-A42X-01	0.0332400443698606	0	0	0.0404553020620724	0	0.225616307756401	0	0.0309681330834311	0.00437836756652034	0	0.00719094575456894	0.015298577730295	0.0317206098728645	0	0	0.2365108402828	0	0.01029356675266	0.364327304768526	0	0	0	0.519	0.0242341324659628	1.09952480649346
TCGA-DX-A7EL-01	0.0163486575192823	0	0	0.214780802593898	0	0.12907187646697	0	0.0220321493070835	0.0348116217530132	0	0	0.031013069115429	0.0341297091525851	0.0286738660093904	0.0633776305910236	0.191601885918335	0	0	0.23415873157299	0	0	0	0.003	0.302665740115088	0.963247684108679
TCGA-DX-A48P-01	0.00525129768727367	0	0	0.0661945556915443	0	0.095490469556348	0	0.0444563632137743	0.0626562157142333	0	0.0195613825202023	0.00811361546545592	0.0533115313718823	0	0.0369869796091863	0.368416732866565	0	0.003198717240493	0.236362139063041	0	0	0	0.164	0.088649008363884	1.05696544409254
TCGA-DX-A8BG-01	0.00866955203311484	0	0.00428557257762188	0.322309233193426	0	0	0.000845272964538219	0.0558038417928257	0.0569820591352509	0.0340418284396366	0	0	0.0962972622183375	0.0207762559917411	0.12252441860403	0.259599024245661	0	0	0.0178656788038169	0	0	0	0.003	0.328060002810568	0.956889927000533
TCGA-DX-AB2S-01	0.0212495660444111	0.0439881911779774	0	0.103426793055348	0	0.237836559264416	0	0.0374367872657267	0.0475043161332907	0	0.014083409672456	0	0.0122299573433889	0.0930681792406174	0.106209175434161	0.262195378363947	0	0	0.0207716870042602	0	0	0	0	0.573977994906209	0.825995198154356
TCGA-DX-A240-01	0.0893917362635774	0	0.0120609445659548	0	0	0.216133748287038	0	0.0210120964562065	0.0363373757113997	0	0.0631832986779575	0.00761026381043437	0	0.341282385845131	0.00781236978259764	0.188716417835549	0	0	0	0.0164593627641546	0	0	0.234	0.0709706718705297	1.0898772331915
TCGA-3B-A9HT-01	0	0	0.00737029038774921	0.130917518743272	0	0.0889336833311893	0.00540699820375576	0.0728245488578428	0.0607421075754161	0	0.0398778672622949	0.000979376899059187	0.029915693275494	0.0601494326815022	0.0762313359852815	0.410435266250529	0	0	0.0162158805466144	0	0	0	0.002	0.380938084864082	0.928214965630983
TCGA-DX-A6BH-01	0.079792290025804	0	0	0.0172487732176931	0	0.192551583045784	0	0.0175367949988514	0.0312543821662237	0	0.00555532374828214	0	0	0.208625179925654	0.0584297576924299	0.289671495554816	0	0	0.0993344196244613	0	0	0	0.013	0.237444356870313	0.996907094407481
TCGA-IW-A3M6-01	0	0	0	0.0704144318959537	0	0	0.0054366070216675	0.0325041718818961	0.0560593644849283	0.0105983009272178	0	0.0351718376931466	0	0.0671356304267102	0.00998161902492698	0.494018963824268	0.00942841319512356	0	0.203543789971735	0	0	0.00570686965242596	0.344	0.0487459138778542	1.09613032630939
TCGA-DX-A8BZ-01	0.00112723970791501	0	0.00119737232665572	0.0146162431647497	0	0	0	0.0142136986967277	0.0180914493524462	0	0.0161653341221928	0	0	0.368946285024199	0	0.538180465900162	0	0	0.0274619117049516	0	0	0	0	0.708278841383955	0.706370374834757
TCGA-K1-A6RU-01	0.0050948426725837	0	0	0.0747594470889179	0	0.0642780051176005	0	0.000309915505884959	0.00310019874240114	0	0	0.0146846155196697	0.0330173654067465	0	0.0277569989549587	0.628029995826839	0	0	0.148968615164397	0	0	0	0.013	0.236952813142068	1.0167700581334
TCGA-DX-AB3B-01	0.00580610735955446	0	0.150125635226544	0	0	0.236241090368717	0	0.127671301383715	0.0574832595023763	0	0.0874063380466973	0	0.0459673070395927	0.200695218996672	0	0.0349360364364866	0	0	0.0536677056396455	0	0	0	0.559	0.0202291768590509	1.07425028065391
TCGA-DX-A3UB-01	0	0.00266533392340848	0	0	0	0.46419920606451	0	0.00941235598007103	0.0444964779564125	0	0.0196236165353994	0.0413956465346582	0.08490064781149	0	0.00555834727625199	0.165301898239074	0	0	0.162446469678725	0	0	0	0.668	0.00560842334985947	1.09831705635003
TCGA-DX-AB2V-01	0.0442291734615452	0	0	0.0748797662189694	0	0.139107408229335	0	0.00636771565569956	0.0380909150994991	0	0.1256855741436	0	0.0548376454550962	0	0.00868607598684595	0.456898908067457	0	0	0.0512168176819526	0	0	0	0.17	0.0873486120079091	1.06558712609558
TCGA-DX-A3LW-01	0.0469999089632046	0	0	0.0208929006531778	0	0.199342892727293	0	0.0328814535743026	0.0470638678934408	0	0	0.0743866057214825	0.0636172498115032	0	0.00613200820863787	0.357442433785691	0	0.00264829317266141	0.142838634134548	0	0.00575375135405789	0	0.247	0.0670772248357362	1.06178568838337
TCGA-DX-A8BU-01	0	0.00423623855083685	0.0357040391773057	0.0606578994279413	0	0.216879159012347	0	0.0549405579217923	0.146493423725175	0	0.0702651682881982	0	0.042809436068692	0.185779339559813	0.00171294335172058	0.130352550261407	0	0	0.0501692446547718	0	0	0	0.558	0.0202928600262284	1.0873991731936
TCGA-IS-A3K6-01	0.00250707273908056	0	0.00501328910128396	0.182366448766195	0	0.119955499312781	0	0.101476553386508	0.10691306480177	0	0	0.0493464500129318	0.0513344773053999	0.088595990764872	0.0504049162162457	0.0865596644653626	0.00202693068619104	0	0.153499642441379	0	0	0	0.248	0.0668559485094268	1.06796433155851
TCGA-3B-A9HV-01	0.00482822555267648	0	0.0463498495896531	0.0116635341425872	0	0.19857521360803	0	0.0213277660743964	0	0	0	0.0709205461631526	0.0500581380672702	0.217378877026987	0	0.117110020911382	0	0	0.261787828863865	0	0	0	0.879	-0.0199389249599781	1.10712281555478
TCGA-VT-A80J-02	0.0353693806709229	0	0	0.0633921307740472	0	0.0684003600518061	0	0.0466434792367855	0.10118940662303	0	0.00684294496796688	0.0196945482964733	0.010608596057645	0.122435645131875	0.0802936178693789	0.368463743785018	0.0208429299993327	0	0.0558232165357184	0	0	0	0.025	0.201068233598443	1.01357731880062
TCGA-WK-A8Y0-01	0	0.0108125032471329	0	0.137906604283909	0	0.0665957573632561	0.0220466342264938	0.054619566839022	0	0	0.00569887883791896	0.0306963643942394	0.0483272917594495	0	0.0766077247632166	0.498991592791053	0.00702249127139747	0	0.0406745902229105	0	0	0	0.004	0.289780498982675	0.975939082897934
TCGA-VT-AB3D-01	0.0035089566379311	0	0	0.451632538697005	0	0	0	0.145869228373953	0.0710707388221556	0.00233459813884708	0	0.00841918985218366	0.0203135536283295	0.0241528589939099	0.0540623811103799	0.218635955745305	0	0	0	0	0	0	0.001	0.466525745154199	0.886619267007722
TCGA-DX-A3U8-01	0.0261362176503388	0	0	0.0387194223130257	0	0.12796800697083	0.000753343462789681	0.0069855736924495	0.0301809204608095	0	0.046521417359348	0	0.076534823816729	0	0.0576048867782761	0.559965531034579	0	0	0.0250864007104245	0	0	0.0035434557504009	0.021	0.20574649766862	1.02358498078945
TCGA-HB-A43Z-01	0.107026522483315	0	0	0	0	0.153627844193457	0	0.0366573648282622	0.00122809712555671	0	0.00980001697676955	0.0242132747832835	0.0572437009504239	0.00448135411184812	0.0280562608956572	0.423682371155102	0	0	0.153983192496324	0	0	0	0.657	0.00689079768054333	1.08940080626878
TCGA-DX-A7EU-01	0.00267287036686146	0	0	0.120929385122858	0	0.0937455737192095	0	0	0.0115638212363286	0	0	0.0315269567687535	0.024539129593436	0	0.0638287729358977	0.530311063614257	0.0027217005573878	0	0.116483396297775	0	0	0.00167732978723553	0.015	0.221427626855938	1.01140603870272
TCGA-IS-A3K8-01	0.126583726186546	0	0	0.0359511955245664	0	0.0104004719754107	0	0.108637828497945	0.00867021408366243	0	0	0.032704208845804	0	0.130746888223718	0.0279110257550623	0.365772527505589	0	0	0.152621913401696	0	0	0	0.254	0.0657410977477072	1.07023479579069
TCGA-KD-A5QU-01	0.0193644193103516	0	0	0.0760198750706238	0	0.0569149201797448	0	0.0874048803639374	0.00825536661902851	0	0	0.0347138389546464	0.0133619110947628	0.161212318621685	0.0612759020700583	0.337020361904453	0.0151401188992174	0	0.129316086911491	0	0	0	0.251	0.0664354398335149	1.07346259923519
TCGA-IW-A3M5-01	0	0	0.00343531441725449	0	0	0.00145989092969861	0	0.0309933156909358	0.00307101521557105	0.00119766507178564	0	0.00170213085726392	0	0.644704463298087	0.0028434896347216	0.240985347564204	0	0	0.0696073673204776	0	0	0	0	0.744726806174223	0.668913622524383
TCGA-QQ-A8VD-01	0.0671545398276263	0	0.0349189532812445	0	0	0.120407921840909	0	0.07137578353861	0.00215256232518834	0	0	0.0353423805782811	0	0.145657908500893	0	0.367562310971174	0	0.00717884001873179	0.148248799117342	0	0	0	0.4	0.0390903788458378	1.08172079029155
TCGA-DX-A8BJ-01	0	0.00633693030611461	0.0177405683362503	0.00749305923302835	0	0.115618898209534	0.00567158617751564	0.0254902600900576	0	0	0.0162776142798168	0	0	0.441204270106884	0.0213104659258574	0.320089331402447	0	0	0.0227670159324945	0	0	0	0.003	0.30056342708197	1.00861640327931
TCGA-K1-A3PN-01	0.0263969015646766	0	0.000499910439870243	0	0	0.34246445768194	0	0.0329821613625348	0.061820548708675	0	0.0883678414731946	0	0.0799567066235791	0	0.0213833012947315	0.307714320887533	0.000256743833049103	0.00424459142960595	0.0339125147006101	0	0	0	0.743	-0.00431712373682884	1.09607100115784
TCGA-LI-A67I-01	0.00197992060501893	0	0	0	0	0.219490755406962	0	0.0172969808232239	0.0331136865655197	0	0.0123731076578424	0.0435544118701595	0	0.292940571278334	0.0163525232344678	0.316666586852868	0	0	0.0451946523144131	0	0	0.00103680339119112	0	0.503374851814215	0.864116443321996
TCGA-JV-A75J-01	0.00286548693147041	0	0.182525747217633	0	0	0.207690761980859	0	0.0688769760202251	0.01809331584389	0	0	0.0762524204387109	0	0.389196785399708	0	0	0	0	0.0544985061675035	0	0	0	0.718	-0.000384693032566186	1.10763070923152
TCGA-PC-A5DN-01	0.00172064238177179	0.0161579992054799	0.00598767515220776	0	0	0.249274770929979	0	0.07278347041227	0.0357397026090719	0	0.14090348085455	0	0.0465550023502095	0.21978562589804	0	0.170216071383589	0	0	0	0.0325564554686345	0.00831910335419709	0	0.394	0.0406065175849892	1.08869408161675
TCGA-DX-A48N-01	0.0121885235204361	0	0.0112105287643929	0	0	0.260128219717488	0	0.03668382084166	0.074009418283139	0	0.129938856368878	0	0.0475822865870894	0	0.020212322305907	0.273277250534257	0	0.00228330650069973	0.132485466576054	0	0	0	0.563	0.0197919327534137	1.07922933762955
TCGA-DX-A48U-01	0.0824063351004491	0	0.00186267903405152	0	0	0.170946036624488	0	0.0172507243751408	0.00331289621391585	0	0.0260912108422926	0.00396057001438202	0.0186276746918003	0	0.00233135817300394	0.376993052531896	0	0.00257835692576008	0.29363910547282	0	0	0	0.49	0.0276872655660673	1.0906961653967
TCGA-FX-A3NK-01	0.136175780390381	0	0.0322509198207501	0.0374609989418362	0	0.155501336363466	0	0.0436922254931916	0.0272556224405567	0	0.0288962361838491	0	0.0124975604152009	0	0.0180734489538189	0.420913661275362	0	0	0.0872822097215883	0	0	0	0.203	0.0765700462562624	1.05622068311118
TCGA-DX-A6B7-01	0.0911899936214769	0	0.00649157891978361	0.0403241405910445	0	0.083539505043319	0	0.0634634002775901	0	0	0.0892602696056504	0	0.0282076699247533	0	0.0134007044953211	0.320051540912599	0	0.00744073052715565	0.256630466081307	0	0	0	0.309	0.053950828780445	1.06769628260112
TCGA-IE-A6BZ-01	0	0	0	0.0612013140357472	0	0.226854174285933	0	0.0690295448023799	0.0489010206419828	0	0	0.0323830403575953	0.0182735332957287	0	0.0902023425834012	0.352057102481743	0	0	0.101097927515488	0	0	0	0.695	0.00317127471677449	1.09365656638078
TCGA-3B-A9HZ-01	0.0408876492479975	0	0	0.0640371844011494	0	0.154838401159526	0	0.0349168391765178	0.024765770885274	0	0	0.0128366728863845	0.0754273920822283	0	0.0606950948595607	0.374949506013353	0	0	0.156645489288009	0	0	0	0.028	0.1925299773815	1.00938287229247
TCGA-QQ-A8VB-01	0.0483566119053887	0	0.0512993699095365	0.0220243259515756	0	0.0943596429918439	0	0.0557761691506765	0	0	0	0.05891524477363	0.0201260839971279	0.000112172280348393	0	0.189989893007484	0	0.00179296216163858	0.45724752387075	0	0	0	0.742	-0.00425182612161526	1.13351413241298
TCGA-DX-A48K-01	0.0531124883119775	0	0	0	0	0.189491299773903	0	0.0594476043288155	0.0619944898436821	0	0.0103980968233603	0.00929402433698345	0.0416528819434481	0.0412311546047848	0.00552554285466108	0.468133561570871	0	0	0.0597188556075134	0	0	0	0.302	0.0551655521641448	1.07969775519496
TCGA-QQ-A8VH-01	0.0306190705871616	0	0.00913672991208883	0.0610901229444086	0	0.186183805787718	0	0.0349562932805459	0.0457213075413142	0	0.0186384447918265	0.0243814446831079	0.0159369091007944	0.32391280734526	0	0.209786409428984	0	0.0101673493368631	0.0294693052599275	0	0	0	0.444	0.0322057685609718	1.10688175573815
TCGA-DX-A23V-01	0.0567863226294199	0	0	0.0442712018658519	0	0.0954211200832194	0	0	0.019646695730534	0	0	0.0145641324387488	0.094010594247648	0	0.0242727284829674	0.594534729672261	0	0.00181495367277409	0.0546775211765758	0	0	0	0.004	0.297012211676557	0.980646114494894
TCGA-DX-AB2H-01	0	0.00374756830743254	0.0669788536389932	0	0	0.158441972841452	0	0.11531957753676	0.0339149161606031	0	0	0.0765377593026589	0.00178031620098099	0.404473693557492	0.0139871695136065	0.116239137093877	0	0	0	0.0085790358461439	0	0	0.483	0.0283408717494776	1.11888912110476
TCGA-FX-A2QS-11	0.0824100194457888	0	0.039214164808212	0	0	0.164305779752096	0	0	0.0441863972153777	0	0	0.031865198359778	0.115497502114035	0	0.0400983364407434	0.347990955605868	0	0	0.134431646258101	0	0	0	0.786	-0.00918140140235788	1.0845854272914
TCGA-DX-AB36-01	0.00400336569159591	0	0.0100834051351802	0.0385529280700383	0	0.347326994792523	0	0	0.0206883382804346	0	0.106771546736082	0	0.0790975497214992	0.219460029120683	0	0.157360352802265	0	0.00901300513626955	0.00764248451342814	0	0	0	0.365	0.0451975717614388	1.08982451836596
TCGA-X6-A7WB-01	0.0182464422512705	0	0.0575931293060149	0	0.00749909567016384	0.192367772430553	0	0.0548971464351181	0.00915743308356611	0	0.00334513226593203	0.0334361973343447	0.00943239945820592	0.0575965626867403	0.02262069716272	0.494619882822177	0	0.0206537821242124	0.0185343269689821	0	0	0	0.622	0.0117560886882572	1.10233339906153
TCGA-MB-A5YA-01	0.019302443256355	0	0.0241293390507966	0.0196644123875334	0	0.144674392207763	0	0.00689408252244325	0.00307540110630971	0	0	0.0406746184965069	0.142986598371958	0	0.0182041010260798	0.317363056092636	0	0.0181030740276206	0.244928481453998	0	0	0	0.07	0.135509796140623	1.0361847337947
TCGA-DX-A8BR-01	0.0059280819114514	0	0.00458636001016599	0.0585229606197282	0	0.0536983008911237	0	0.00871168249378661	0.0129407841007138	0	0	0.0344119241754605	0.0418583411440806	0	0.0134622885587037	0.653910001042856	0	0	0.108903180450345	0	0	0.00306609460158505	0.012	0.248095742623335	1.01396005750153
TCGA-QQ-A5VB-01	0.00524020918219042	0	0.00876496208530345	0.155953875538457	0	0.0948816491301377	0.00757170301998631	0.0830379573005466	0.007515684077628	0	0	0.0173243348730631	0.00712410249041251	0.0218190167482205	0.0751542424185767	0.50503264017905	0	0	0	0.0105796229564278	0	0	0.003	0.311223085555654	0.967814318026082
TCGA-DX-AB2G-01	0.000770212287802063	0	0.000506395981996809	0.0616990665712623	0	0.119596128604102	0	0.00263044487948949	0.0172912007855328	0	0.00958987105628518	0.00152693817676123	0.121333557718479	0	0.0487791611142121	0.576080923674795	0	0	0.0374817139420276	0	0	0.00271438520725462	0.002	0.372399377336436	0.940166011760718
TCGA-WK-A8XQ-01	0.00739929785275661	0	0.0735590187870946	0.158034841668643	0	0.103088289909226	0	0.0689187917463707	0.0930161310373234	0	0.125944099011795	0	0.0860820659025251	0	0	0.281469123070351	0	0	0.000885989171509094	0	0.00160235184240605	0	0.571	0.018849440629718	1.08917734798338
TCGA-SI-A71O-06	0.000814191567106824	0	0	0.266600711985465	0	0.110104644520633	0	0.111939999225989	0.0467612558950042	0	0	0.0248529753095336	0.0182464476992084	0.0229942797848043	0.0903231825823461	0.267409221146032	0	0	0.0399530902838777	0	0	0	0.004	0.293656507033414	0.973342908038463
TCGA-DX-A8BN-01	0.00252116977830995	0	0.0112315166652148	0.0299438242166253	0	0.0660545294140907	0	0.000818462357335001	0.0011601808182999	0	0	0.0601098409948503	0.0584720482695859	0	0.00226923590179231	0.645445644981654	0	0	0.120223916914971	0	0	0.00174962968727067	0.012	0.242379834901554	1.01797550902136
TCGA-DX-A3LY-01	0.0187905313156211	0	0	0.0188205550936373	0	0.0385975159079622	0	0	0	0	0.0116873093725103	0.00447558955903441	0.0549251182958299	0	0	0.787191449335062	0	0.00724696974757811	0.0565996451779936	0	0	0.00166531619477062	0.003	0.353451164574271	0.976918428571868
TCGA-DX-A6YU-01	0.0132072172796663	0	0.00369841697512962	0.217085307018912	0	0.0261534847716937	0.00690063932783537	0.013415892856593	0.0158605477295415	0.0086384005543417	0.00764508912092652	0	0.00150079445845338	0	0.104490953781151	0.563185511552695	0	0	0.0182177445730608	0	0	0	0.003	0.365847200792458	0.943653482116304
TCGA-DX-A2J0-01	0.018023484986679	0	0.0495520095938004	0.19912430409223	0	0.140445890919412	0	0.0233410876170762	0.105303986879902	0	0	0.0112481506524123	0.0473940729671682	0.00447635740882774	0.0279054812500937	0.18529129903304	0	0.00122197838918686	0.186671896210172	0	0	0	0.591	0.015420335426563	1.07920746214638
TCGA-DX-A3U9-01	0.109811234224851	0	0.0448731523421326	0	0	0.126487644291687	0	0.00194687101402572	0.0577974686883971	0	0.0390057135418513	0.0508105580820294	0.00826865338434545	0.136348702986062	0.0218038161303467	0.234923893422397	0	0	0.167922291891875	0	0	0	0.345	0.0485329344816464	1.06293740187597
TCGA-MO-A47R-01	0.027970543543623	0	0	0.0387097857025571	0	0.113451297995492	0	0	0.0143931395571851	0	0.105037626901818	0.00320962220741211	0.0265467895774894	0	0.0491147999164245	0.551651655918616	0	0	0.069914738679383	0	0	0	0.753	-0.00604684850960727	1.11909089288595
TCGA-3B-A9I1-01	0.0466181130608527	0	0	0	0	0.111802486024784	0	0.043101893060181	0.0438812964617942	0	0	0.0481312605274101	0.0130735985489973	0.206347871563805	0.046153765158636	0.386537965006855	0	0	0.0543517505866843	0	0	0	0.084	0.122474237131938	1.06178267165825
TCGA-DX-A6YQ-01	0	0	0	0.166626916407657	0	0.112057555027505	0	0.0215165403996914	0.00659780914723169	0	0.0302392822182586	0	0.0239835279571159	0	0.180548245001928	0.41233441819246	0	0	0.0460957056481531	0	0	0	0.00600000000000001	0.275295554117123	0.991299858752318
TCGA-MB-A5Y8-01	0.000512543897548299	0	0.00244909555671734	0.00385063036901427	0	0.051114263998543	0	0.0145789458305313	0.00707894662837043	0	0	0.0150839777862357	0	0.471888690853693	0.01652520062887	0.368588790621575	0.00251941140804995	0	0.0458095024208523	0	0	0	0	0.738796737423273	0.67667427834274
TCGA-3B-A9HP-01	0.0115433112945359	0	0	0.0400668153368651	0	0.0223217541856229	0	0.0190618012041451	0.0604282881603712	0	0.015877463677527	0.0184174020293683	0.0764810335088117	0.0420754540417059	0.0803532147105388	0.502937141207035	0	0	0.110436320643473	0	0	0	0.033	0.1846801546977	1.03191964691084
TCGA-SG-A6Z7-01	0.0779073656739468	0	0	0	0	0.0627758266252816	0	0.0355394686928577	0.0610530413826969	0	0	0.0246260015972908	0	0.478866798807532	0	0.210730550634944	0	0.00556100490690855	0.0429399416785422	0	0	0	0.192	0.0804373741464398	1.12625001156029
TCGA-QQ-A8VG-01	0.0443133070175745	0	0.00217808535638177	0.0748643106669998	0	0.0128706990935212	0	0.030476192906278	0.0333260266900983	0	0.00446166771240682	0	0.0846555981648282	0.0895304644784749	0.00335169373327363	0.555896327737663	0	0.0326944935094211	0.0313811329330786	0	0	0	0.003	0.33858328072098	0.961074420438077
TCGA-K1-A3PO-11	0.0031020396794521	0.00017656462415965	0	0.0349446789492291	0	0.24545323521362	0	0.0137677695689229	0.00108181674363363	0	0	0.0506825805821335	0.0866731705576785	0	0.00144054236613189	0.265908931242989	0.00132333848463697	0	0.295445331987412	0	0	0	0.053	0.150721931353239	1.03538142863829
TCGA-WK-A8XS-01	0.0412897249267008	0	0.079894866452142	0	0	0.218011994280146	0	0.108326614329666	0.00220650296578819	0	0.000492251909433878	0.0437041931976491	0.04400126441459	0.017958634449442	0.0887617514254395	0.299473942779768	0	0	0.0558782588692337	0	0	0	0.719	-0.000697885136499038	1.08031828312625
TCGA-DX-A6YT-01	0.0238166944272629	0	0	0	0	0.254409387659176	0	0.0103875979018181	0.0481886316653278	0	0.0131981408381104	0.0230269965235372	0.0506732884351473	0	0.00514419508778391	0.480765804046627	0	0.0200713775094996	0.0703178859057093	0	0	0	0.206	0.076146780665544	1.07000706691419
TCGA-DX-A3LT-01	0.0076580418188463	0	0.00649926957866491	0.0768683056047721	0	0.000971984008704331	0	0.0197496651500443	0.0743794936346751	0	0.0212269365067937	0	0	0.174255214315383	0.00273178548326901	0.397316940955395	0	0	0.218342362943452	0	0	0	0	0.587677290189879	0.813268742706166
TCGA-DX-A48R-01	0.0500746993426604	0	0	0.0285041957659088	0	0.192504009941801	0	0.104175649133113	0	0	0.00406977822857186	0.046803737797847	0.029137691948793	0.0138086757860138	0.038366764193754	0.316153023228565	0	0.0657222427697945	0.110679531863177	0	0	0	0.942	-0.0284093630819086	1.09407223726852
TCGA-DX-AB35-01	0.00263995756777566	0	0.00166279912111329	0.0658764310013673	0	0.188181636152249	0	0.00120653008215447	0.0377208632181353	0	0	0.0651462030618715	0.0454128184680639	0.00964859765316755	0.0573851662584877	0.496038438586671	0	0.0210862790223686	0.00799427980657476	0	0	0	0.081	0.126204672076144	1.05806545202621
TCGA-DX-A48J-01	0.00160617539715228	0.00358824815285536	0.00327474554639829	0	0	0.341420046243364	0	0.0203810852004196	0.0505890319043329	0	0.112942301883904	0	0.0178480477516059	0	0.0270510086795721	0.0187770126810177	0	0	0.402522296559378	0	0	0	0.086	0.121075134661607	1.07828671765742
TCGA-DX-AB37-01	0.00419425135688644	0.00118351480113697	0.00966297318806568	0.116914125630418	0	0.0499331710313248	0	0.0233325340040348	0.0225190870839313	0	0	0.0409726875324819	0.117780409467802	0	0.0117671088232255	0.576051314652752	0	0.00176438909940819	0.0239244333285325	0	0	0	0.001	0.487361114947499	0.873291334917048
TCGA-DX-A8BX-01	0.000303047271412534	0	0.00344991494029582	0.0178481891961865	0	0.147104668461707	0.00207834950961521	0	0.00489302641035454	0	0.0919591739982907	0	0.0631843403338039	0	0	0.614207499154883	0	0.00355817082683405	0.0482837179488917	0	0	0.00312990194772507	0.011	0.24935800717136	1.00809254018112
TCGA-K1-A6RT-01	0.0445939800987224	0.166409337905205	0	0.175810725992841	0	0.14568682178407	0	0.0538373518468846	0.0830339793359033	0	0.0198039220926801	0.00797719900316239	0.0486424898557129	0.0469232739317935	0.0848469537429589	0.122433964410065	0	0	0	0	0	0	0.003	0.338036626029232	0.947839640284387
TCGA-Z4-A9VC-01	0.0142938269127999	0	0.0281787488726606	0	0	0.442442758341605	0	0.00188916616232849	0.00355561494692048	0	0.0907339023509339	0.0265074960311935	0.068119979277113	0	0.00587745796800989	0.189968681633049	0	0	0.127242929451492	0	0	0.00118943805189356	0.719	-0.000618534692745684	1.09591764058823
TCGA-HS-A5NA-01	0.00523249054160393	0	0.00225197895278726	0	0	0.165255782256946	0.000620629990480023	0.0538980087142364	0.0713310177545781	0	0.000882256873768775	0.0219843849931618	0.164782632893604	0.114758897094176	0.0273259496211134	0.218790674149483	0	0.000234644735574478	0.152650651428487	0	0	0	0.253	0.0661533411964958	1.05961726931164
TCGA-FX-A3RE-01	0.000379991763630646	0	0.0321145253707682	0	0	0.193838622232126	0	0.0854191799840863	0.0183516973614315	0	0.00360047553942057	0.0492786828977989	0.0439102484512387	0.298408984781935	0	0.222822155595048	0	0	0.0449875068477824	0	0.0068879291747341	0	0.078	0.128954287342462	1.05623738344252
