B cells naive	B cells memory	Plasma cells	T cells CD8	T cells CD4 naive	T cells CD4 memory resting	T cells CD4 memory activated	T cells follicular helper	T cells regulatory (Tregs)	T cells gamma delta	NK cells resting	NK cells activated	Monocytes	Macrophages M0	Macrophages M1	Macrophages M2	Dendritic cells resting	Dendritic cells activated	Mast cells resting	Mast cells activated	Eosinophils	Neutrophils	P-value	Correlation	RMSE
TCGA-2G-AAHP-01	0.247965552045058	0	0.0874151876012721	0.239729939145298	0	0.0324340586436184	0	0.0617755149314814	0.0777638030157525	0	0.0178627670142785	0.031202928303743	0.0166592279967461	0.0591740214229343	0.0482379870571019	0.0700043165855817	0	0	0.00977469623713392	0	0	0	0.219	0.0762529319466686	1.06731878988115
TCGA-4K-AAAL-01	0.157518552786804	0	0.0423870162239733	0.110745142497616	0	0.120087920068886	0	0.0724246957237647	0.0314880744336226	0	0	0.0300509412892362	0.0178250992692372	0.160898144930163	0.0574299287138504	0.15886740836111	0	0	0.0402770757017373	0	0	0	0.026	0.200407518884584	1.00364707872286
TCGA-2G-AALP-01	0.0995698340149751	0	0.101463408084575	0.0386174203100748	0.0118039336014115	0	0.0149861624421544	0.064625313534897	0.0323162679061226	0	0.0524871699256404	0.00229365489609288	0	0.383540049547348	0.0503204932770035	0.121853116055702	0	0	0.0261231764040034	0	0	0	0.0570000000000001	0.146398386962995	1.04748463365142
TCGA-2G-AAGI-05	0.371599624577216	0	0	0.0732998216697862	0	0.092147926556763	0.00673236650173239	0.117433309152096	0.0214771969040964	0	0.116987289518224	0	0.00157949631548059	0.0942784862834894	0.0705364001635631	0.0306683700562048	0	0	0.00325971230134907	0	0	0	0.003	0.418204024005754	0.911548180376224
TCGA-ZM-AA0N-01	0.168842761724433	0	0.0230184392812319	0.25963388668689	0	0.070173383057116	0.0417050643555434	0.0716453024885253	0.0987073740450634	0	0	0.0180535190303266	0	0.136605433100859	0.0623280659739096	0.0258059320968488	0	0	0.0234808381592528	0	0	0	0.004	0.333602342217943	0.95237592318006
TCGA-2G-AAGI-01	0.0306883333962274	0	0.0469446301434546	0.0718987658985787	0	0.077086269945555	0	0.0938317394748686	0.0355375849790646	0	0.0266370341629278	0.0123689103849717	0	0.237486384776198	0.100736637173206	0.243244566483004	0	0	0.0235391431819441	0	0	0	0.012	0.242910453249856	0.99675980721598
TCGA-2G-AALT-01	0.0289372261431894	0	0	0.0616387228380055	0	0.0104957383600851	0	0.0548006686650355	0.0792185336353041	0	0.0609788951486032	0.00412990094039831	0.0337936580518062	0.256302860157701	0.0785955478792672	0.315949562134251	0	0	0.0151586860463541	0	0	0	0.005	0.323800074878418	0.964021058055118
TCGA-2G-AAKO-01	0.348182153413707	0	0	0.0541349989894716	0	0.0658426973707641	0	0.0968793767187392	0.0773168863782184	0	0.050544844055378	0	0	0.162193637337644	0.119767947955071	0.0251374577810069	0	0	0	0	0	0	0	0.524813927317084	0.850854175182366
TCGA-2G-AAFG-01	0.0973782126537665	0	0	0.157916442464014	0	0.0827448570144561	0.012829642150407	0.0324195630830346	0.0612531554302155	0	0.0514998653945632	0	0.0116540892089644	0.359340088796543	0.0827993871681059	0.0365888356300649	0	0	0.0135758610058653	0	0	0	0	0.479482825503453	0.877149576579694
TCGA-2G-AAG6-01	0.051524506285167	0	0	0.0451522954713833	0	0.132663990884528	0	0.0519859032228251	0.0533417533352743	0	0.00285480992257605	0.0300777575146497	0.0170135504475877	0.187871115805586	0.0110488605176349	0.241914568391073	0.0190546438700299	0.0657590957209192	0.0897371486107653	0	0	0	0.086	0.129316740443756	1.03821681671923
TCGA-YU-A90P-01	0.0565224119674889	0	0.00261241836836618	0.105452173782556	0	0.0748627706492697	0.00717738568593324	0.0582690505558888	0.0585076787315901	0	0.0771940958380632	0	0.0265304973621966	0.263508314167081	0.104505391077811	0.164857811813756	0	0	0	0	0	0	0.173	0.0895126108075491	1.07180967830695
TCGA-4K-AA1I-01	0.170101570561175	0	0	0.0481995496696266	0	0.211364567942015	0.00941790926181757	0.0154038444063613	0.0926614468506385	0	0.0134743382194289	0.0219394777286978	0.0140267022082975	0.212072738217932	0.126587033343768	0.0408916745965021	0	0	0.0238591469937395	0	0	0	0	0.535910344480636	0.845880686227826
TCGA-2G-AAHL-01	0.169683551234028	0	0.0188709661711653	0.0964416906524318	0	0.0265018374320453	0	0.0491398387507332	0.0984950841070314	0	0	0.0242948580323142	0.00884489473124845	0.316800421373762	0.126255411229373	0.0267670189785458	0.000427827928239782	0	0.0374765993790812	0	0	0	0.004	0.376358194163942	0.932314713784042
TCGA-2G-AAGK-01	0.0599787667112164	0	0	0.114380264603612	0	0.0407729922108346	0.0468516597868622	0.10557925840756	0.029923524635904	0	0.0730570232209596	0.0172254352951045	0.00462441625429064	0.270011146686708	0.109062854994946	0.110977772698	0	0	0.0175548844940016	0	0	0	0.00700000000000001	0.281183529854852	0.979857947819683
TCGA-XY-A8S2-01	0.0454077207744348	0	0.0407863311533449	0.200742942570801	0	0.0573337039102402	0.0734751283661842	0.138049397808753	0.000465061969694503	0	0.0979866842008024	0.00126971216283389	0	0.160168396073218	0.0907993268942075	0.087203764742865	0	0	0.00631182937262048	0	0	0	0.154	0.0980667843929007	1.06113846490275
TCGA-XE-AAOF-01	0.318791874708891	0	0.00885367714379767	0.130015854422962	0	0.076922850341876	0.0064979662556038	0.0703342822836488	0.0995375405564728	0	0.0591147623939984	0	0	0.142233704887866	0.0773355259797175	0.0103619610251665	0	0	0	0	0	0	0.003	0.383517299573056	0.928890759923291
TCGA-2X-A9D5-01	0.116364173212501	0	0.0890103379082053	0.111827955113585	0	0.0504208362183423	0.00867626404916362	0.0200743572476676	0.0440978044064868	0	0.0370714786086753	0	0.0228683242031495	0.332820140496109	0.0710716903440419	0.0782003122259343	0	0	0.0174963259661372	0	0	0	0	0.497501945109703	0.867567532054558
TCGA-YU-A90Y-01	0.0844793274683677	0	0	0.0727851791580282	0	0.106001515487795	0	0.091659033442471	0.054266508769225	0	0.0387528515652846	0.000327555930742555	0.0281252893640162	0.1732883569116	0.0798242722162043	0.250821506680371	0	0	0.0196686030058949	0	0	0	0.012	0.242299166904937	0.991626748663795
TCGA-2G-AAGY-05	0.242889200804019	0	0.0332793550018381	0.169874991234405	0	0.0309635879056612	0.0152196326282043	0.113243267849532	0.0490189227290019	0	0.0719511310600266	0	0.0298201132919538	0.0943054988071587	0.0495880899974538	0.0998462086907455	0	0	0	0	0	0	0.223	0.0745645287963821	1.0641536719771
TCGA-X3-A8G4-01	0.0454327211471746	0	0.0225937651670895	0.14417443454909	0	0	0	0.083717908699586	0.0386034380031772	0	0	0.0548160531368371	0.0228498995579511	0.273020648942483	0.120986217571658	0.151195114696644	0	0	0.0426097985283088	0	0	0	0.003	0.393909227292833	0.923181311735911
TCGA-2G-AAG5-01	0.0317308679223396	0	0	0.0277096632066992	0	0.0905210799616959	0	0.026451436812217	0.058032484609248	0	0.026414083794279	0	0	0.273178997774841	0.00976417109204156	0.425929152654058	0	0.0151641053730049	0.0151039567995754	0	0	0	0.012	0.24024387708199	1.02110038770372
TCGA-2G-AAFV-01	0.0291451549451823	0	0.0309010767613582	0.0240387593376316	0	0.0864990451389701	0	0.0587840064807329	0.0592723747574272	0	0.0140312963491041	0.0168184063049811	0	0.368869716706158	0.0273776300420428	0.249845172206383	0	0	0.0344173609700282	0	0	0	0.00800000000000001	0.261263932933444	1.0035915682949
TCGA-2G-AAGP-01	0.0402539674556249	0.00742979618575393	0.00186646077141587	0.0751376845601163	0	0	0	0.0867601026280064	0.0696010351384222	0	0.0260503183446893	0.028891395077303	0.0360695752739651	0.337651257763964	0.121528580686938	0.11751597972111	0	0	0.051243846392692	0	0	0	0.004	0.335697815892637	0.956878345585919
TCGA-2G-AAFL-01	0.0511660385198052	0	0.0956488021083701	0.156215666284807	0	0.0751597402197125	0	0.0633927305301476	0.0338534847075797	0	0.0266403213724064	0.0194027713638165	0.0588916320271037	0.122785393076002	0.0897714883735913	0.189545458136061	0.00548928524789915	0	0.012037188032698	0	0	0	0.011	0.24724073678881	0.982998649553889
TCGA-2G-AAF6-01	0.100133028780245	0	0.0090799438562449	0.17880381265474	0	0.0921169941590053	0.00550289079571732	0.0480659343771936	0.0423899055436131	0	0.0129559651107337	0	0.0165342635537896	0.367368930364853	0.0505218364026745	0.0661164170121318	0	0	0.0104100773890575	0	0	0	0	0.467081172904821	0.884448753144333
TCGA-XE-AAOC-01	0.0179928468315635	0	0	0.0432745392715978	0	0.102559526528771	0	0.0667839255354579	0.0684045751476262	0	0.0210305172416792	0.0294628439109235	0	0.42492876478692	0.062761995480185	0.140526712848714	0	0	0.0222737524165622	0	0	0	0.023	0.204688537157455	1.03879962591497
TCGA-2G-AAFE-01	0.117739980201816	0	0.0093230920045156	0.0572028232083308	0	0.0959564163819938	0	0.0659049764079278	0.0781307987770581	0	0.000673646926505234	0.00990913369418491	0.00886535930397459	0.4286041331887	0.0512076204225075	0.0588327139707282	0	0	0.0176493055117579	0	0	0	0	0.488241803276872	0.873145158584675
TCGA-2G-AAGA-01	0.124720040686969	0	0.13027486627374	0	0	0.0665402016741187	0	0.205887694186875	0.0140284689906917	0	0.0415130660758356	0.0357708396422121	0.0399872264532525	0.303891571274437	0	0.031839654934789	0	0	0.00554636980707955	0	0	0	0.429	0.0384302321936002	1.07724435784293
TCGA-2G-AALZ-01	0.0989642225041916	0	0.0206914396956925	0.125465039139698	0	0.0448971714940157	0	0.0622275100723477	0.0420060898613902	0	0.0212245890288514	0.00407141888128294	0.0373289408933296	0.0487712483056355	0.0437157303378845	0.410580164849321	0	0	0.0400564349363594	0	0	0	0.00900000000000001	0.25557041658944	0.983936724426891
TCGA-2G-AAHG-01	0.228618388113639	0	0.0947561328650684	0.127817441315862	0	0.0305933957705224	0.00544144956643841	0.115431103970139	0.0309048528953815	0	0.0229697183157483	0	0.00905542050166707	0.112611548399945	0.0447086812330149	0.177091867052574	0	0	0	0	0	0	0.105	0.117726585570005	1.0363327874982
TCGA-XE-AAOJ-01	0.0388853300996768	0	0.0286513106574979	0	0	0.11447370886949	0	0.0733397324492058	0.0588253525399334	0	0	0.0629494944518635	0.0215295771397952	0.352601548240389	0	0.198570833789366	0	0.0198524857960453	0.0293495509516916	0	0.000971075015045494	0	0.003	0.423387392985818	0.910162533229543
TCGA-2G-AAM4-01	0.0790817898054368	0	0.00556582174768276	0.121130784643064	0	0.0600922444812232	0	0.166921364401631	0.0484784527614569	0	0.00791751693502121	0.0184640305581277	0.0563651170954061	0.184081794164412	0.0971097026628155	0.143766072976193	0	0	0.0110253077675288	0	0	0	0.594	0.0181781136115921	1.08927020008106
TCGA-2G-AAH3-01	0.157198208771463	0	0.0491234101437467	0.0265588541216641	0	0.0694788315520007	0	0.0360894746236628	0.0401632795713305	0	0.0230804610547455	0	0	0.435272694476742	0.0634907823681238	0.080034711641036	0	0	0.019509291675485	0	0	0	0.003	0.384603694017808	0.934283283504522
TCGA-YU-A912-01	0.154320943581916	0	0.0234007116991077	0.0419399763495755	0	0.148664478039612	0	0.0324370198655607	0.0594313159876007	0	0.00948237273989243	0.011279101881917	0.0411279708309818	0.263350159149267	0.0995506084632388	0.0962239517292386	0	0	0.0187913896820923	0	0	0	0.00800000000000001	0.268939624828184	0.981019691223477
TCGA-2G-AAGO-01	0.141436714474508	0	0.0874373842347274	0.0867431065965443	0	0.0577589550699067	0	0.0753201597696211	0.04374424212791	0	0.015071734407215	0.0163105831705876	0.0268562027206205	0.156233351010773	0.0790743298660688	0.202809020194235	0	0.00980881216219572	0.00139540419508741	0	0	0	0.65	0.0108682250219018	1.07950297922897
TCGA-2G-AALG-01	0	0.0467651178674012	0.139253582857732	0.139144882012835	0	0.0383085340392759	0	0.037100619102794	0.0180875878997532	0	0	0.0301126395178297	0.0115453671471064	0.249476670787317	0.0106383765345921	0.260460072587346	0	0	0.0191065496460174	0	0	0	0.028	0.189790985111645	1.01674927988236
TCGA-2G-AAKG-01	0.0298231179104371	0	0	0.125120752808666	0	0.0271159366377488	0.000318529120929623	0.104959680620063	0.0664118541939302	0	0.0168744560277949	0.0150728875133221	0.024464886659637	0.202639482422627	0.13861871743914	0.228236510042636	0	0	0.0203431886030697	0	0	0	0.013	0.232877580309324	1.00521110147599
TCGA-2G-AAHA-01	0.0977938017391098	0	0	0.00672316449907377	0	0.165922477591227	0.00677244745364882	0.0158556289917507	0.0533470596016608	0	0.0151683771235956	0	0.0039265264236641	0.489340915489452	0.128525593348339	0.0070920887600247	0	0	0.00953191897845393	0	0	0	0	0.614186365548798	0.78901536834121
TCGA-ZM-AA0F-01	0.0606416980790581	0	0.00415553941258238	0.118886312811264	0	0.0747567533871579	0	0.0292747871046268	0.033376084918303	0	0	0.0114687364302532	0.00431675116530523	0.535595441191068	0.0281190592399616	0.0745744350574183	0	0	0.0248344012030016	0	0	0	0	0.612814511548665	0.790060212857845
TCGA-2G-AAFM-01	0.0573328971675698	0	0	0.155716433910134	0	0.0455008595193061	0.0629759779800559	0.0600969322305449	0.0345674301769317	0	0.0387748575105292	0.0490995845687287	0.0282467496779395	0.15072196988865	0.119270147859009	0.157150551937401	0	0	0.0405456075732001	0	0	0	0.003	0.410508343989482	0.912344971701695
TCGA-YU-AA61-01	0.150622410788469	0	0.000282635130993416	0.0622433981857396	0	0.0305236052749078	0	0.083567417413089	0.0121520406718395	0	0.00508406079915358	0.00945297194784462	0	0.241748062536876	0.1569206859639	0.203078782671242	0	0	0.0443239286159459	0	0	0	0.004	0.367037501410406	0.93931249819138
TCGA-WZ-A7V5-01	0.257021880470888	0	0.0212581292675834	0.0898780840458227	0	0.0575279564593098	0.00660231482371058	0.102404408474108	0.0742706708941463	0	0.0321133060132074	0	0	0.225268116461928	0.0374023769526914	0.0653259673806098	0	0	0.0309267887559942	0	0	0	0.004	0.35824468581174	0.937370854123133
TCGA-VF-A8AB-01	0.000886658569391706	0	0	0.0499457775845795	0	0.12438596750584	0	0.0112541302794392	0.0607957802093111	0	0	0.0315138258839216	0.041268077384361	0.525194032434254	0.0503466955756083	0.0564393312227079	0.0193043632611366	0	0.0286653600894493	0	0	0	0	0.5408750250231	0.843171703760054
TCGA-XE-AAO3-01	0.147915262123474	0	0.0663917859661843	0.206950347576065	0	0	0.031705118795166	0.163204092426154	0.0563852651310372	0	0.0850240895546037	0	0.0173736096219323	0.0990118416919611	0.0521985052642532	0.0642904312625121	0	0.000252343777194904	0.00929730680946221	0	0	0	0.296	0.0592683979503969	1.07072872379905
TCGA-2G-AALQ-01	0.118789765092749	0	0	0.0573772212504724	0	0.134273404359614	0	0.0478598754007172	0.114886964657408	0	0.0253069610521948	0.00513950353748018	0.0255392242037441	0.0380936054773498	0.0538352787033181	0.36519474655996	0	0	0.0137034497049927	0	0	0	0.043	0.166637642055991	1.02329469127855
TCGA-ZM-AA0D-01	0.109247528198668	0	0	0.10904101209247	0	0.22822633366999	0	0.0161631660537435	0.0701229018100394	0	0.00979183489653582	0.0219013964146368	0	0.278186154011283	0.103948333240649	0.0183193292101602	3.26290240520921e-05	0	0.0350193813777717	0	0	0	0	0.571649775999273	0.823889951898343
TCGA-2G-AAKL-01	0.0575024401817513	0	0.0137737631138094	0.069425461104861	0	0.0517283456251086	0.0014322688301014	0.118686186438542	0.0117586264510884	0	0.052221158154771	0.0568142766013202	0.0223899574541666	0.287484868328605	0.0845823442210054	0.154391812915934	0	0	0.017808490578936	0	0	0	0.026	0.202392937881825	1.01943020684632
TCGA-2G-AALF-01	0.00417064028703667	0	0.170416185844886	0.114670987855626	0	0.0869324812943448	0	0.0630430336197378	0.0428268976643517	0	0	0.0551812291157551	0	0.116194378703476	0.0571774668053675	0.27471377205275	0.000952579466832572	0	0.0137203472898359	0	0	0	0.04	0.168309146237844	1.0149574461492
TCGA-2G-AAGN-01	0.0639575975188542	0	0.00643486928210331	0.0256754499038122	0	0.0921848316755227	0.00215256781496014	0.0723881148536921	0.0452325819925608	0	0.0671232089782113	0.0188392090387426	0.0248841529757067	0.289319997044488	0.0975948978286408	0.181330364855812	0	0	0.0128821562368932	0	0	0	0.016	0.216364733628403	1.01353165911226
TCGA-VF-A8A9-01	0.355684363776411	0	0	0.0935865922408654	0	0.147051545892495	0.018326370522905	0.147342209240047	0.0100465230877444	0	0.0278888991468005	0	0	0.0692420807584748	0.0610996800235328	0.0690233803373257	0	0	0.000708354973397591	0	0	0	0.003	0.407649422911912	0.91669617292896
TCGA-2G-AALN-01	0.0576079640256396	0	0	0.0085337907581314	0	0.0367354675155461	0	0.0361826567831318	0.0408028657194607	0	0.0451281970561834	0.0109664249291702	0.0625478864994878	0.309127044252413	0.0402194484243217	0.332459471186659	0	0	0.0196887828498553	0	0	0	0.056	0.148271486735924	1.06517674296948
TCGA-2G-AAGM-01	0.0257419114236503	0	0.0133924432886427	0	0	0.319412466921281	0	0.0980948240831328	0.0845127817171387	0	0.0701727013179396	0.00899386326130287	0.0813336540100487	0.191271271980538	0.00500787677297088	0.0494389480359421	0	0	0.0526272571874119	0	0	0	0.605	0.0169333111409023	1.09179271890573
TCGA-2G-AAL7-01	0.0899285139415315	0	0	0.0521858184946147	0	0.0181532238960015	0	0.107220360297934	0.040324065857899	0	0.0138965649705859	0.06899033433397	0.0215037432516482	0.356891447372621	0.0450602520491126	0.156244946480199	0	0	0.029600729053883	0	0	0	0.028	0.190024663551156	1.03204652685809
TCGA-2G-AAFJ-01	0.00379968625281878	0	0.0664521146947129	0	0	0.347789419299834	0	0.0258996884473601	0.0737571847159909	0	0.0321079317517094	0.0664858310321516	0.061472132347637	0.181102889852613	0	0.120793285369979	0	0.00177738475846648	0	0.0185624514767272	0	0	0.28	0.0629653228820439	1.07335467355602
TCGA-XE-AAOB-01	0.0232261886104923	0.0105417347917043	0.0715744247020969	0.160059118170042	0	0.0160247932437801	0	0.0590505562426148	0.0415992888426572	0	0.0839463005153433	0.00796303239729073	0.00293784153383604	0.265650372383504	0.103355471247794	0.143737582506748	0.000312688128544423	0	0.0100206066835514	0	0	0	0	0.621894027628997	0.795282999147694
TCGA-2G-AAGE-01	0.0662622375676203	0	0	0	0	0.022910393920486	0	0.1156739431509	0.0264822575220427	0	0.0172567814581935	0.0283907447815886	0.0211568443634073	0.407634623721755	0.111288983442563	0.153610127882349	0	0	0.0293330621890948	0	0	0	0.003	0.414207379832089	0.920609762379451
TCGA-2G-AAG0-01	0.0706117096872983	0	0	0.0359300748043633	0	0.0701550832214399	0	0.0982975779773758	0.0522894132409116	0	0.121091635507489	0.00432048274290681	0.0294377910398095	0.148928645835931	0.132358165172159	0.209276047196557	0	0.00231262449408654	0.0249907490796725	0	0	0	0.012	0.239844490561667	0.995906868278314
TCGA-2G-AAGY-01	0.124314107850011	0	0.0155205616537817	0.0908461754223235	0	0.0618025503939073	0	0.0490415805459515	0.096939276108583	0	0.0608218951441365	0	0	0.17118764333647	0.0551963056794797	0.27237148981947	0	0	0.00195841404588578	0	0	0	0.056	0.148722481922146	1.03366287913517
TCGA-ZM-AA0B-01	0.290709662466777	0	0	0.157013179891232	0	0.148619191445756	0.0143384779855401	0.091290174779232	0.0825952289053114	0	0	0.0335347397345238	0	0.0860192930649147	0.0406303748948779	0.0347624003287717	0	0	0.0204872765030635	0	0	0	0.003	0.392024145686186	0.925186084776669
TCGA-2G-AAGJ-01	0.0312273927252407	0	0.00867614810329729	0.0500920623277617	0	0.11665396045074	0.0070131476867931	0.0515086804016331	0.052817143696624	0	0.0776439684708046	0	0.0108453753256243	0.374210852755275	0.0899713570621437	0.115764620070763	0	0	0.0135752909232994	0	0	0	0.005	0.321135134497466	0.967504266273336
TCGA-XE-A8H4-01	0.141233172468345	0	0	0.147448198949873	0	0.0819805389507601	0.00943566255212937	0.0442349176153922	0.0454339527074309	0	0.0354888418925909	0	0.0208607555443432	0.323474561921171	0.0846274727547283	0.0528622943309792	0	0	0.0129196303122564	0	0	0	0	0.520955979146664	0.853408535211693
TCGA-SN-A6IS-01	0.17607300719915	0	0.184534061115724	0.206782360703336	0	0.0412898918550591	0.00604294564822388	0.147896427587402	0.0102089910672109	0	0.00449932067387757	0.0174497450670815	0.00399827019045269	0.0675589250247881	0.0322324725248422	0.0968018208992135	0	0	0.00463176044363805	0	0	0	0.252	0.0689851824117493	1.05498608954294
TCGA-W4-A7U3-01	0.0685216108322167	0	0	0	0	0.114297825150498	0	0.0523469054006153	0.0282776573198496	0	0.00120522241315157	0.0112553808381604	0.0273612304701866	0.234187046868922	0.15665065874001	0.267154534383119	0	0	0.0387419275832715	0	0	0	0.00600000000000001	0.317244426804983	0.968855643375368
TCGA-2G-AAGX-01	0.225173796897084	0	0	0	0	0.1511442822276	0	0.0144194337784177	0.0234394203352647	0	0	0.0608426713050592	0.051581088404368	0.0443182547687389	0.0121624744812753	0.317829560583252	0	0.00312601554103683	0.0959630016779033	0	0	0	0.848	-0.0143974689850425	1.0935025886456
TCGA-ZM-AA06-01	0.228122892659312	0	0.0344100005375805	0.198430460741502	0	0	0	0.105423517215639	0.0580577652360098	0	0	0.043853845683743	0	0.211914191169379	0.0522019372942909	0.0382344427529267	0	0	0.0293509467096176	0	0	0	0.004	0.356290717936973	0.939119094502512
TCGA-SB-A6J6-01	0.245653596946168	0	0.0776329748095357	0.0470976923553937	0	0.046569618703145	0.00798948647590728	0.0596010642464955	0.0717679179683739	0	0.00783918114436737	0.0123219001140858	0	0.292186893577796	0.0809245146657287	0.011180360592811	0	0	0.0392347984001915	0	0	0	0.004	0.365652518572636	0.934173588455359
TCGA-2G-AAHP-05	0.299353431042588	0	0.01789343097044	0.0872364646204014	0	0.117481831996548	0.0482549131344637	0.0534738427561166	0.0316570842818078	0	0.0333507489792625	0.0230070822039281	0.0298406212440749	0.0538797916699138	0.1114993264075	0.0439549256631316	0	0	0.0491165050298235	0	0	0	0.00600000000000001	0.302171993015942	0.96558441883158
TCGA-YU-A90S-01	0.0683217938370377	0	0	0.0588786911133267	0	0.115613449717578	0	0.00867099983474933	0.0782706953066367	0	0.00117185162272498	0.0133044721929446	0	0.510440718857989	0.0834154299496429	0.0276153450313309	0.00442122243380872	0	0.02987533010223	0	0	0	0	0.63342730790614	0.774776758415286
TCGA-2G-AAHC-01	0.181229123026681	0	0	0.0461059573512166	0	0.0986050996826835	0	0.0425410811532923	0.083354793544386	0	0.0123266122703047	0.00873913722054603	0	0.384220417374608	0.108714855031093	0.0158087433649338	0.000489206536833369	0	0.0178649734434214	0	0	0	0	0.58432373308905	0.813497157569625
TCGA-2G-AAG3-01	0.185140735238202	0	0	0	0	0.149310275164861	0	0.0564583779216971	0.0652729961189254	0	0.0125071742304413	0.00212424728407816	0.0130361510170387	0.270105947963677	0.101369518801488	0.117815774226452	0	0	0.0268588020331378	0	0	0	0.011	0.245077668578922	0.994836503681748
TCGA-XE-AAO6-01	0.153595480130447	0	0	0.0947679967430189	0	0.125035354188641	0.0425512296154026	0.0514172774457633	0.0314748738643035	0	0.000974484821170351	0.0454491120200997	0	0.259275612949826	0.125785880246484	0.0148684392451737	0	0	0.0548042587296708	0	0	0	0.004	0.347988167661581	0.944984672125506
TCGA-2G-AAGF-01	0.0680700494051997	0	0.0194151753278141	0.0196746489233508	0.00451275949048998	0	0	0.0729579268903628	0.0427325202519046	0	0.0586926646421292	0	0	0.398691641857327	0.0701998658293456	0.239122917761338	0	0	0.00592982962073841	0	0	0	0.05	0.155240121682458	1.06853696312423
TCGA-XE-A8H1-01	0.10034410595877	0	0.00386874839614776	0.089291733902031	0	0.0367180925069831	0	0.182674936887416	0.0185834061154676	0	0.0452730723028314	0.0543751498737696	0.0210090354709737	0.252217213460217	0.0268155266321881	0.124412887278114	0	0.00932790216286457	0.0350881890522257	0	0	0	0.31	0.0559886908734447	1.07662734530988
TCGA-XY-A89B-01	0.144968681957559	0	0	0.0374532859623111	0	0.0446815921311454	0.0121637946067863	0.0398401048039562	0.0687837306552127	0	0.0171212974254164	0	0	0.465906535190557	0.0727462865857906	0.0624506295980001	0	0	0.0338840610832644	0	0	0	0	0.556178896732128	0.830515129648001
TCGA-XE-AAO4-01	0.285004528650503	0	0.0176574990360561	0.0580342749104617	0	0.140624501166905	0	0.104263965408948	0.0915581201478674	0.00507504297190079	0	0.025527060030626	0	0.14747942435304	0.0931546384021824	0.0316209449215091	0	0	0	0	0	0	0.00700000000000001	0.271269944096751	0.983822757235268
TCGA-S6-A8JW-01	0.220503237739411	0	0.0445529977611114	0.183770404297075	0	0.0545861291050716	0.0227727281146732	0.113014825508453	0.023252701421043	0	0.0568141993568993	0	0.0228891503980448	0.0042209270527481	0.0717909192559473	0.177667504773463	0	0	0.00416427521605922	0	0	0	0.122	0.109497707931421	1.04827355105383
TCGA-XE-A9SE-01	0.150365827874091	0	0.0545011167558951	0.0978686661882502	0	0.0536165949352022	0.026954906316559	0.0665602666793944	0.0621738268507453	0	0.0446908499839181	0.00431074527800658	0	0.20367186558292	0.0653076898285982	0.143192450829763	0	0	0.0267851928966577	0	0	0	0.086	0.12924625705146	1.03362482203112
TCGA-2G-AAFG-05	0.117762214154803	0	0	0.178811112755092	0	0.136942689081184	0.0260478007380622	0.0525022413478174	0.051347474960121	0	0.0297741709690176	0	0.0210504401106219	0.271892130617848	0.074184624721966	0.0396851005434666	0	0	0	0	0	0	0	0.47053500599599	0.881634946107766
TCGA-2G-AAKO-05	0.0978767834131073	0	0.00876209262708541	0.116872983791892	0	0.145391876318791	0.00322774604274688	0.0327070206471043	0.0478700300508425	0	0.0125993087183836	0	0.00138286671897032	0.409231840933801	0.0468968744058179	0.0609076509471795	0	0	0.0162729253842778	0	0	0	0	0.545409991331034	0.837918321629385
TCGA-2G-AAFY-01	0.0393074929897937	0	0	0.037639841292132	0	0.0493895841215988	0.02117609593058	0.107132906439036	0.0446340173541158	0	0	0.0776298048211997	0.0242730016917206	0.263404055676429	0.161248851392741	0.128459052152808	0.00173794435495285	0	0.0439673517828934	0	0	0	0.004	0.375835739246747	0.935333065864377
TCGA-W4-A7U2-01	0.222484316651865	0	0.0251220897344836	0.12740005819731	0	0.0805513839526787	0.00745994228519937	0.0514107492826657	0.0931397200418119	0	0.048411903000056	0	0.0285018965566626	0.133193531003328	0.0735883864798552	0.0878658213868051	0	0	0.0208702014272793	0	0	0	0.0639999999999999	0.142648203375162	1.03165654085184
TCGA-2G-AAGV-01	0.0240605271604959	0.0440638974932212	0.0163536841574535	0.0281714306857656	0	0.191542527173434	0	0.158844517343127	0.105868774378983	0	0.091597911937679	0	0.0623180811573663	0.0613475336367833	0	0.115900227181191	0	0.018145676567128	0.081785211127373	0	0	0	0.587	0.0193095758462795	1.08054498472839
TCGA-2G-AAH8-01	0.165097777175965	0	0.0478312759022258	0.16161255333503	0	0	0.0444100849526099	0.0536358397294017	0.0402215480292894	0	0.00617668456476306	0.0161172632950397	0.00703133617696263	0.234791345251824	0.127019042234125	0.0678096737822247	0	0	0.0282455755705402	0	0	0	0.027	0.195827538441829	1.01363982676162
TCGA-2G-AALS-01	0.158715710955301	0	0.0392876264985502	0.105712594932517	0	0.0919694652509999	0.000826248539032258	0.0929917337109686	0.0609849296821241	0	0.0331140696504669	0	0.017312378116029	0.124519607562933	0.0793280838028711	0.186417216979975	0	0	0.00882033431823108	0	0	0	0	0.475293094358561	0.880263719477192
TCGA-2G-AAF4-01	0.192096846120686	0	0.046758666142873	0.200173696316172	0	0.0314132116290091	0.0409019590369536	0.124224528416432	0.00393817585480059	0	0.0947423203292649	0	0.0101925859585001	0.0571050453072175	0.0872712108052183	0.108026582578634	0	0	0.00315517150423868	0	0	0	0.00700000000000001	0.282439494033971	0.974188105615139
TCGA-SN-A84W-01	0	0.0103276183925309	0.0377412880861923	0	0	0.476998066520749	0	0.0411051398161097	0.0728319470890188	0	0.110361561805383	0.00615690146842794	0.0595354781474987	0.0422381932814598	0	0.134896019985925	0	0	0	0.00780778540670528	0	0	0.559	0.0221807288013746	1.10673480182736
TCGA-VF-A8AD-01	0.0446168117786619	0	0.00596599929593491	0.101307896356944	0	0.0276151261351762	0.0386374314595208	0.0525640177709055	0.066862271070074	0	0	0.050376004567977	0.0372344016259693	0.311095699940941	0.124136760293495	0.134929899788953	0.000732115502249739	0	0.00392556441319707	0	0	0	0.003	0.410257854447936	0.916563186608537
TCGA-2G-AAEX-01	0.15417214443379	0	0.126465417078594	0.15085843065637	0	0.0706361963976332	0.0238593102185096	0.133189312723074	0.0320088223541178	0	0.0872892234346339	0	0.0246915919700244	0.0476762404870411	0.0561730841564531	0.0844075531672942	0	0	0.00857267292246487	0	0	0	0.056	0.147222082112564	1.02590762452948
TCGA-2G-AAL5-01	0.0044624297549309	0	0.0118871906029757	0	0	0.252896516055269	0	0.0433862428381817	0.0466811337660931	0	0.0896707783038815	0.00885077578230452	0.0598176328660298	0.351036563005883	0	0.115168009536976	0	0	0	0.00873078315940512	0.00741194432806957	0	0.219	0.0763943260111706	1.08845825975733
TCGA-2G-AAF1-01	0.191434830807668	0	0.022120239301816	0.0670322285020915	0	0.108683540919273	0.0138883985122816	0.0472247191854236	0.051395180437295	0	0.0662161846236723	0	0	0.199731255730878	0.135181079883783	0.0884148988513472	0	0	0.00867744324447028	0	0	0	0	0.518977118139558	0.855564400680752
TCGA-2G-AAG7-01	0.0670201969733663	0	0.0307798308978257	0	0	0.133925902871638	0	0.214346006604478	0.00749193819911363	0	0.0568265025484774	0.0235163091844671	0.0587403366707708	0.239271586186537	0.0149142818206409	0.130511881187327	0	0	0.0226552268553578	0	0	0	0.555	0.0229247936740525	1.08557213097046
TCGA-2G-AAGG-01	0.0803002066574735	0	0	0.103910396529871	0	0.0871855511961433	0	0.125962918863399	0.0213064315887687	0	0.0373452464838614	0.016871844272077	0	0.228162084414787	0.0957436833538743	0.177841125906382	0.000224616081266313	0	0.0251458946520963	0	0	0	0.013	0.231512660412766	1.00048843062687
TCGA-2G-AAEW-01	0.0973517407297528	0	0	0.0327154266633395	0	0.174485767157728	0.00215894758456339	0	0.0668395787652609	0	0.0329295498386324	0	0.0156671101261116	0.349003700056324	0.168323746435692	0.0297448047643684	0	0	0.0307796278782265	0	0	0	0	0.538107046343385	0.842078589955171
TCGA-2G-AAKD-01	0.0548130443588032	0	0	0.132395146447405	0	0.0467517132672393	0.0271667644672468	0.150699847634955	0.00400756156792812	0	0.0288962517619529	0.0851815767379189	0.0435389649028342	0.17458678215898	0.0727560411390098	0.147613915504179	0	0	0.0315923900515467	0	0	0	0.158	0.0953997288104203	1.05972321732084
TCGA-2G-AAH4-01	0.0452161265191566	0	0.0065433331107917	0.0392929678202279	0	0.1136918012696	0	0.0970948200566568	0.0220409427945195	0	0.00598719009704704	0.0271347721674325	0.0224033522968862	0.27468526388463	0.0769848186043586	0.241067939998854	0	0	0.0278566713798394	0	0	0	0.003	0.382206747853903	0.929835604689933
TCGA-2G-AAH2-01	0.207255997809885	0	0	0	0	0.214537794458958	0	0.0690480175187515	0.0130896310097642	0	0.0298314661250858	0.0110905303560559	0.0633275816837552	0.0660272613999031	0.133463938313323	0.175185970320404	0	0	0.017141811004114	0	0	0	0.032	0.180880474072147	1.01883010511883
TCGA-2G-AAG8-01	0.0966309560347234	0	0.0511894490044077	0.0369641267275595	0	0.0396064661687595	0	0.113660865611897	0.034772585015462	0	0.0872879945410056	0.0247785375971762	0.0313128414798686	0.229667576187496	0.110431003881542	0.12192817205974	0	0	0.021769425690362	0	0	0	0.015	0.221612291922956	1.00083469567366
TCGA-2G-AAGT-01	0.0258156956385433	0	0.00159564840239269	0	0	0.128356249658908	0	0.142617430831982	0.0114236176984986	0	0.0435451236944712	0.0270344731820654	0	0.328160122057642	0.0377898688168746	0.196245388125642	0.0176982027360564	0	0.0397181791569239	0	0	0	0	0.513803061805436	0.857437531126305
TCGA-WZ-A7V4-01	0.22540330917552	0	0.0233169924564123	0.121917050623714	0	0.1256442947349	0.00850361223393113	0.069491870612957	0.0870001726944914	0	0.03692421160229	0.0201447983713143	0	0.169966803829924	0.062065239898696	0.0286259068794837	0	0	0.0209957368863667	0	0	0	0.003	0.40153296063313	0.916857464951954
TCGA-2G-AAFN-01	0.0593528833520669	0	0.0157514399223267	0.139070575757756	0	0.0476860224860063	0	0.111326038759404	0.0548878304053032	0	0.0453000110187429	0.0658173511994468	0.0917252779539627	0.126981530784471	0.0637895221642179	0.133124381482336	0	0.0114422292637404	0.0337449054502184	0	0	0	0.093	0.123328248000393	1.04068376456019
TCGA-XE-AANI-01	0.0066355839255663	0	0.0760779206538545	0.0263882025795342	0	0.0888521691650566	0	0.0731337533328585	0.151296303800429	0	0.061812373368064	0	0	0.343224125999477	0	0.145449464395224	0	0	0.0271301027799351	0	0	0	0.012	0.240694382845805	1.00175923094454
TCGA-VF-A8AA-01	0.31709904004383	0	0.0151410901555433	0.127588473584687	0	0.0769769175522566	0	0.0683539067938149	0.109754992486915	0	0	0.0412162007649515	0.00931052231904485	0.119797301744055	0.0662849420132875	0.0325066617252045	0	0	0.0159699508164106	0	0	0	0.004	0.347498344475938	0.946264331594786
TCGA-4K-AA1H-01	0.117028504389821	0	0	0.208108498713512	0	0.132240645121836	0.0192039776958448	0.061568681873635	0.106347075041181	0	0.0118632845465367	0.00175782307435353	0	0.183411523829166	0.0879431777474496	0.0575527414068529	0.00481598187089022	0	0.00815808468891918	0	0	0	0	0.558463836850145	0.83237480184636
TCGA-XY-A8S3-01	0.110268103772055	0	0.00635831996729056	0	0.0312162280758416	0.00252582809647101	0	0.0403712700569504	0.152341676951662	0	0.0401477461117266	0.0305394023396617	0.0692544159050422	0.288953127533779	0.026482131904896	0.187562988842526	0	0.0139787604420976	0	0	0	0	0.539	0.0248557709159027	1.09791312245533
TCGA-XE-AAOL-01	0.270548359523351	0	0.186462260193451	0.0748041544852074	0	0.0659568819067892	0.034804426373043	0.097081787411837	0	0	0.0490339777220612	0	0.0244441571666712	0.037323438787842	0.0841524413003309	0.0558994356618396	0	0	0.0194886794675758	0	0	0	0.211	0.079129015498034	1.04897542959918
TCGA-SN-A84Y-01	0.0408089757995769	0	0	0.0537863672639388	0	0.0341079882179525	0.0521050768066431	0.185166173822463	0.0079943361652712	0	0.0955456809871033	0.0573690328979851	0.0303328849416409	0.190529034159553	0.0941532567825175	0.112083493341078	0	0.0143340476313152	0.031683651182961	0	0	0	0.338	0.0520321698258367	1.08057172405673
TCGA-2X-A9D6-01	0.26370418319673	0	0	0	0	0.120141875656629	0.00810004223735804	0.0294614822128282	0.0906034162834104	0	0.101392024095974	0	0	0.225592222857076	0.104526333105367	0.0440134801638508	0	0	0.0124649401907761	0	0	0	0.003	0.418776848931547	0.908767293700521
TCGA-2G-AALW-01	0.0711378845632186	0	0.00445169308980193	0.0965765641731512	0	0.105144008239684	0	0.0303834560157324	0.0567233642217715	0	0.0460880182356211	0	0.0552397330397616	0.098556501475621	0.0731338780216052	0.310046322415922	0	0.017740499713408	0.0347780767947017	0	0	0	0.121	0.109726998717287	1.04619842091543
TCGA-VF-A8A8-01	0.0376346995232289	0	0.000993783827946233	0	0	0.215585659009044	0	0.206411819178714	0.0666696505199608	0	0.0348920589218986	0.0280726768343654	0.0345212366471147	0.221913595255778	0.0127363780498187	0.112993616189886	0	0.0103334852185308	0.0172413408237132	0	0	0	0.536	0.0255576387204612	1.09394573865042
TCGA-ZM-AA05-01	0.0895762847733031	0	0	0.0794569301660472	0	0.0275128966569332	0.0143235656949518	0.0354819082145157	0.0588479629996403	0	0	0.0484043042425882	0.0526231110090872	0.449161810573983	0.0824800847509327	0	0.00437217493780956	0	0.0577589659802081	0	0	0	0	0.531982552580995	0.84605876140766
TCGA-2G-AAGZ-01	0.0553074521029511	0	0.0275663029695612	0.116438592317678	0	0.117315022191992	0	0.0385777998981694	0.063919536494313	0	0.035497826448349	0.00391837355503163	0.0429655808023023	0.181576762505555	0.0655052799643564	0.239680861413612	0	0	0.0117306093361281	0	0	0	0.00600000000000001	0.295055227223252	0.967045686987541
TCGA-2G-AAM3-01	0.0118973344144965	0	0.0145297562191556	0	0	0.0761688698925528	0	0.0533840783251569	0.106610150662164	0	0.0383064854845872	0.00916775344822959	0	0.331219814844194	0	0.28810759477436	0	0.0237832476445456	0.0468249142905577	0	0	0	0.019	0.21231492005646	1.02715655863621
TCGA-2G-AALX-01	0.122498723017008	0	0	0.0372593534943239	0	0.0872802547892635	0	0.139034333095118	0.0683496332715777	0	0.0148463682137287	0.0404022449443524	0	0.277015123327548	0.0156775705369282	0.157298009632444	0	0	0.0403383856777076	0	0	0	0.00700000000000001	0.284139533089752	0.97553040370203
TCGA-2G-AAFH-01	0.0987560571809781	0	0.109545238502357	0.149500272990812	0	0.0144474391713094	0.0255124623494186	0.0793400699303351	0.0404259039505319	0	0.0303993185640674	0	0	0.258897987874674	0.056127420017587	0.123824043180677	0	0	0.0132237862872513	0	0	0	0.003	0.416183730878246	0.908903121661749
TCGA-ZM-AA0H-01	0.0346074029588951	0	0.0197138454886973	0.0665893921219138	0	0.118812295359084	0	0.0419917890059528	0.0343219060826359	0	0	0.00814812237859133	0.0055474845329581	0.505005759119699	0.05258718907934	0.0915655928847467	0	0	0.0211092209874858	0	0	0	0	0.616120932452063	0.78786488543669
TCGA-2G-AAFZ-01	0.0389451920557741	0	0	0	0	0.256081231712021	0	0.0778669447153254	0.0979631482455414	0	0.0440859253861062	0.0100374707750764	0.0698901566511965	0.243629144034514	0	0.108613995738201	0	0.0245172420546775	0.0283695486315656	0	0	0	0.483	0.0321718401006456	1.08635752860923
TCGA-YU-A90Q-01	0.358141056486477	0	0.154791384957427	0.0896095066380298	0	0.0174627900490182	0	0.113761442959227	0.0295405734943005	0	0.033472702272406	0.00851416622658024	0.0224119103310468	0.088588633287155	0.0382955251719664	0.0372836188452679	0	0	0.00812668928109907	0	0	0	0.079	0.133677725951794	1.03799475340989
TCGA-YU-A90W-01	0.218247995686283	0	0.0783087191558735	0.110598796440728	0	0.0778089949328181	0	0.0758094420928752	0.040969357173143	0	0.0503582563734441	0	5.17207097530112e-05	0.165351742713384	0.0851544235886139	0.0941931971058226	0	0	0.00314735402726187	0	0	0	0.044	0.16557949047598	1.02122597450036
TCGA-4K-AA1G-01	0.29259377594886	0	0.0103533448648929	0.0262799522670259	0	0.100280184313583	0	0.0568973852035447	0.0814452153556317	0	0.00637262184731289	0.0201127185742357	0.0151058967986105	0.269847830174499	0.0713437613532193	0.0105121940640781	0	0	0.0388551192345068	0	0	0	0.00600000000000001	0.301530583800011	0.967381549709964
TCGA-2G-AAM2-01	0.0704297262017718	0	0.079556228207416	0.105985626033644	0	0	0.03499265857882	0.171085190948332	0.00391384729721876	0	0.0279453074561715	0.0846052394766135	0.0178607944897305	0.19045458584054	0.0606105653545065	0.0957544079192802	0	0.0107280473594508	0.0460777748365047	0	0	0	0.477	0.0330455555320839	1.07399008779412
TCGA-VF-A8AE-01	0.20747367783301	0.0512631742261413	0	0.133498626821178	0	0.161158424893243	0	0.0894246236276384	0.0449017328691812	0	0.00678043864242545	0.0119789695024603	0.00923594431521171	0.116752623400728	0.0968340529586703	0.0602490740594209	0	0	0.0104486368506912	0	0	0	0	0.532538964711858	0.847602677251062
TCGA-2G-AAHN-01	0.0619158407791993	0	0	0.0478262889180651	0	0.242035836301489	0	0.00748299755353482	0.0472849328587034	0	0.0186281312468004	0.0079737514521436	0.0163881086676644	0.434692640965346	0.0727054283840036	0.027330263828246	0	0	0.0157357790448047	0	0	0	0	0.585478327012433	0.811271004930916
TCGA-2G-AAGS-01	0.0647776729224864	0	0.0392183274064897	0	0	0.178209799620867	0	0.0659170204416176	0.0150332819104459	0	0.0361050156064566	0.0177894606913254	0	0.34230807017176	0	0.240641351228552	0	0	0	0	0	0	0.00600000000000001	0.304497570697973	0.976654413506835
TCGA-XY-A9T9-01	0.28884184208329	0	0.00450455982247339	0.109388736280968	0	0.0215034016349743	0.0118099358189817	0.115634234111982	0.0470182725571106	0	0.0969280172216335	0	0.00900091623467257	0.171980936623755	0.102929311139644	0.0204598364705144	0	0	0	0	0	0	0.00700000000000001	0.284276090584701	0.977938258049298
TCGA-2G-AALO-01	0.0346094767999587	0.0056073597414668	0	0.0405962356218151	0	0.0976527066686125	0	0.0161798797784556	0.0365980301634141	0	0.000336638848011984	0.0339038646072505	0.0402397629134103	0.157859013141288	0.00299722433551036	0.380102902161734	0.00937527446421994	0.00921802430791811	0.134723606446934	0	0	0	0.117	0.112778452685687	1.05731035165601
TCGA-S6-A8JX-01	0.404512094723749	0	0.0852969568055632	0.033514784490237	0	0.0443218107081399	0	0.0837614894821208	0.0242049259850756	0	0.0454895577907466	0	0.0109245692179338	0.0628997360698339	0.0156559496706054	0.179811801909394	0	0	0.00960632314660162	0	0	0	0.531	0.0267444325085032	1.08998186873799
TCGA-2G-AAKH-01	0.189626395809558	0	0.0288059724358263	0.0756127573728306	0	0.0709993032364162	0.0348465953419534	0.10427599742022	0.0397335199023772	0	0.0481027557482818	0.0133287368631079	0.0336777507173795	0.0897443004036131	0.119049341772719	0.121916783893173	0	0	0.030279789082544	0	0	0	0.038	0.170968553195298	1.01783100074615
TCGA-2G-AAGC-01	0.083215013079775	0	0	0.135740030618643	0	0	0.0941753065800896	0.164803438323375	0	0.00229119346686169	0.035345726763169	0.021685403778387	0.0119885963602234	0.149827730330015	0.0888696828400084	0.191002930294402	0	0	0.0210549475650504	0	0	0	0.015	0.224522745232276	0.997174511378697
TCGA-S6-A8JY-01	0.215152178618934	0	0.0431062627209892	0.0378248417116677	0	0.0516336289977373	0	0.0797803151446471	0.0541569547276774	0	0.0306332489367201	0.00223284221260792	0.0661784216542292	0.220367517730364	0.077465848803672	0.116450447172759	0	0	0.00501749156799502	0	0	0	0.182	0.0871321702611432	1.0555347109688
TCGA-W4-A7U4-01	0.0512083391196041	0	0	0.0650946199723592	0	0.0205410189860783	0	0.151823476790968	0.063480686791567	0	0.057768487737562	0.0198875752133446	0.0211375116198125	0.215198689668575	0.103152706683723	0.202450202866604	0	0.0153555813596979	0.0129011031901047	0	0	0	0.02	0.207865747427099	1.01249020419845
TCGA-WZ-A7V3-01	0.211579083274184	0	0.0842771970194563	0.0874992219794193	0	0.0677564330755595	0.0169275093038229	0.0743372453449641	0.0665292921331201	0	0.0473347784793983	0.00861217751602296	0	0.218449425193997	0.0578471559811593	0.0360802671844093	0	0	0.0227702135144871	0	0	0	0.017	0.214390005498916	0.998964807992632
TCGA-2G-AAFI-01	0.0645806935600161	0	0.0380157628435873	0.10750248313173	0	0	0	0.139431429313065	0.0388438211603727	0	0.0539245306813058	0.0304414987331748	0.0362639671784637	0.20238790882427	0.0909191645105825	0.18456979943025	0	0	0.0131189406331819	0	0	0	0.106	0.117340825983911	1.04696357649553
TCGA-SO-A8JP-01	0.273979596317078	0	0.220337563791427	0.0575543342385887	0	0.0708407109090343	0	0.107753901249247	0.0151344251875802	0	0.0284306416762006	0.0074455073768009	0.0124935478246043	0.0614454525046634	0.0318759986100678	0.101707304132225	0	0	0.0110010161824833	0	0	0	0.161	0.0940009679801453	1.03999777632994
TCGA-VF-A8AC-01	0.198845954177305	0	0	0.123498686539234	0	0.204700626747068	0	0.0572474319934331	0.123622324051068	0	0.0302782908972887	0.0395900423491376	0.0285093778868316	0.0345377427930305	0.0683530722563913	0.0577128099880457	0	0	0.0331036403211663	0	0	0	0.004	0.341609228155201	0.95004736637662
TCGA-2G-AAH0-01	0.122015883933311	0	0.017652224826298	0.0917782318291195	0	0.0925377393760736	0	0.058334374483504	0.0800086763074103	0	0.0137435665232475	0.0102327940784504	0.00986019426784523	0.281376474392643	0.0762028594772134	0.125076938239819	0	0	0.0211800422650657	0	0	0	0.00600000000000001	0.308019660152116	0.963664124880918
TCGA-XE-AANJ-01	0.13499607602572	0	0.0170329373996874	0.173774527116864	0	0.129245386409595	0.0115861571256753	0.0573871541377737	0.0219560510583323	0.00351859682765902	0	0.0406577170597819	0.00565054564694996	0.283623065251328	0.0649999577899934	0.0207805041421737	0	0	0.0347913240084668	0	0	0	0.018	0.212721055243068	1.01086091225708
TCGA-2G-AAF8-01	0.146137280893515	0	0.154986604279167	0.176636103220775	0	0.0082651669867499	0.0183819570926211	0.136989831466065	0.0287804240891884	0	0.0549595437228369	0	0.00685597656464261	0.112817814153188	0.0394650727611572	0.108694318729357	0	0	0.00702990604073623	0	0	0	0.034	0.177097083019139	1.00874154172524
TCGA-2G-AALY-01	0.0844902607405288	0	0	0.02386288782255	0	0.0405921258882256	0	0.164918805878439	0.0107813859390587	0	0.0291714953918085	0.035228784967025	0.0268136581278689	0.320065448483006	0.119667080006347	0.10879982408857	0	0	0.0356082426665728	0	0	0	0.016	0.220433586809794	1.01310421747906
TCGA-ZM-AA0E-01	0.139804677647474	0	0	0.0490874259395405	0	0.156391668723496	0	0.0377836105277196	0.0373715668732352	0	0.00233818484581227	0.0123658931928671	0	0.465320374218704	0.0558003021827147	0.00873132021493311	0	0	0.0350049756335035	0	0	0	0	0.558327777815788	0.829261383988576
TCGA-YU-AA4L-01	0.186117155755636	0	0.00478062887944263	0	0	0.17715217193448	0	0.0349929299833741	0.0597736314843816	0	0.0520813839086228	0.00805228272880654	0.0793894064109876	0.0713286438365838	0	0.217325885599923	0	0.064087563207518	0.0449183162702436	0	0	0	0.475	0.0334292596516383	1.06577953901113
TCGA-SB-A76C-01	0.380530095549274	0	0.0449713269063315	0.0896157176527299	0	0.0786738057808203	0	0.0994792831373835	0.0190480064663839	0	0.0432430009921067	0.0451102591841	0.0214097438570715	0.0379004749415777	0.0342236165181699	0.0311583001230154	0	0	0.0746363688910354	0	0	0	0.033	0.179212391346001	1.02870415994215
TCGA-YU-A94D-01	0.0812260478449092	0	0.0131754697746828	0.0521808473189308	0	0.096086369804157	0	0.019356792983163	0.0931043002654404	0	0.0822766435106979	0	0.0409351711338734	0.228057442604935	0.0203829549740933	0.263807732888043	0	0	0.00941022689707427	0	0	0	0.889	-0.0194345871104936	1.11171814252013
TCGA-XE-AANV-01	0.269395149422045	0	0	0.068220269504098	0	0.0490973703771035	0	0.097491770543095	0.0822927958024389	0	0.0552572584542544	0	0.00265368107306347	0.205532571682749	0.0887326665990994	0.0683780944046741	0.000222306149694472	0	0.012726065987685	0	0	0	0.004	0.350215896793001	0.942654192041434
TCGA-2G-AAKM-01	0.0380220978340789	0	0.00952324030707112	0	0	0.0425978822357215	0	0.0778758334811664	0.043015463133028	0.0196959271287495	0	0.0200643991694244	0	0.569176536002038	0.0307580055528446	0.148099534443865	0	0	0.0011710807120125	0	0	0	0.003	0.386294535928149	0.961102630384862
TCGA-WZ-A8D5-01	0.105993278168769	0	0.0269864477680246	0.24811631663804	0	0	0.0740532262326581	0.0472466827007903	0.0248952348568799	0	0.0783671991876612	0	0	0.167881199371928	0.108485953117408	0.0990043045138242	0	0	0.0189701574440168	0	0	0	0.004	0.353505753300964	0.940931653706943
TCGA-2G-AAGW-01	0.20443009092256	0	0.149525612497717	0	0.0543566465257051	0.0818602754704493	0	0.113996150634083	0.0188606448105264	0	0.097866506275535	0.035943512058721	0.0878775682862468	0.0518094167788514	0	0.0573490206735729	0	0.0020538911478254	0.0440706639182064	0	0	0	0.92	-0.0268151321945849	1.08563605181509
TCGA-2G-AAKG-05	0.0736956070388051	0.00637908556933479	0.0310086103687797	0.23759273799139	0	0.0496336236906801	0	0.133699344776568	0.066948989074939	0	0	0.0529241649972813	0.0373458219071373	0.0988624795831131	0.0503706938994732	0.132114496274439	0	0	0.02942434482806	0	0	0	0	0.476427365911541	0.87865877526736
TCGA-2G-AAG9-01	0.0807408594968984	0	0.0456427445443145	0.0804621349926115	0	0.0787603737049115	0.0106664472514991	0.0349958859678623	0.0251260135047181	0	0.00726905459735142	0	0.00929348521452596	0.44815479482151	0.037382328583183	0.141505877320614	0	0	0	0	0	0	0	0.62397579488432	0.784216242115772
TCGA-XE-AANR-01	0.0456747826528922	0	0.0295177158873644	0.0471420437494026	0	0.158162982200639	0	0.0763051604876499	0.070433295538127	0	0.0183427780460322	0.00480929991059947	0.0355191321558673	0.281050251121842	0.0955896090327766	0.103357656035396	0	0	0.0340952931814111	0	0	0	0.00700000000000001	0.287702252614674	0.973265063156772
TCGA-YU-A94I-01	0.00653985409315608	0.00227369250322122	0.0254031319599009	0	0	0.158669173866166	0	0.0508818317706975	0.0443545394442838	0	0.0857827630605814	0.00837316589255422	0.0358667759129042	0.36207984022633	0	0.169642937211428	0	0.00691413332827827	0.043218160730499	0	0	0	0.00600000000000001	0.294708358573385	0.979864884011065
TCGA-2G-AAFO-01	0.139160116716596	0	0	0.116202894401211	0	0.00266659350137931	0	0.110588031972204	0.0869078492640301	0	0.00304255023683914	0.0376349953125238	0.0439286976225747	0.150168361481012	0.0717664574717387	0.177750783345002	0	0	0.0601826686748889	0	0	0	0.015	0.225362244465134	0.993729102894419
TCGA-2G-AALR-01	0.0497023757169287	0	0.00766271765813599	0	0	0.229221599342528	0	0.0383228303093027	0.098720891703547	0	0.10441288209561	0	0.0615328477528672	0.209451022092576	0	0.177197859751307	0	0	0.0237749735771982	0	0	0	0.034	0.176464480498585	1.02221372974015
TCGA-SN-A84X-01	0.188163079754912	0	0.011443232591269	0.0651938715812398	0	0.0126517524158225	0	0.087998965535784	0.0371307493317179	0	0	0.0314060493055204	0	0.207281868751527	0.155418007478529	0.155095184950111	0	0	0.0482172383035679	0	0	0	0.00600000000000001	0.29774390040144	0.971163565965038
TCGA-XE-A8H5-01	0.128825801659891	0	0.0911670502394062	0.0609066249870173	0	0.0495713331037437	0.0360498469192564	0.0303689882006697	0.0567610419345772	0	0.0805290790155078	0	0.0389337276256162	0.163520278545941	0.13012680634806	0.104522910315982	0	0	0.0287165111043307	0	0	0	0.132	0.105047190760891	1.04288321446342
TCGA-XE-AAOD-01	0.183961866468019	0	0.0851685792513538	0.140255158555725	0	0.0657855108035102	0	0.0736867623064227	0.100428143970079	0	0.0498357057967578	0	0	0.171220604453839	0.0745053597439333	0.0359287537942026	0	0	0.0192235548561577	0	0	0	0	0.451159844678323	0.891806244495065
TCGA-2G-AAHT-01	0.0889571500786827	0	0.00412577887155264	0.0262756700387054	0	0.0984715798531244	0.00693492430082463	0.0192712302770875	0.0880698358457477	0	0.0435275256981953	0	0	0.437211907362219	0.115183516086661	0.0472403986686595	0	0	0.0247304829185407	0	0	0	0	0.502740974757985	0.864887581894338
