B cells naive	B cells memory	Plasma cells	T cells CD8	T cells CD4 naive	T cells CD4 memory resting	T cells CD4 memory activated	T cells follicular helper	T cells regulatory (Tregs)	T cells gamma delta	NK cells resting	NK cells activated	Monocytes	Macrophages M0	Macrophages M1	Macrophages M2	Dendritic cells resting	Dendritic cells activated	Mast cells resting	Mast cells activated	Eosinophils	Neutrophils	P-value	Correlation	RMSE
TCGA-ZB-A96P-01	0	0	0.0260704409386807	0.317466600756114	0.0927594188664738	0.14000110951612	0.00977867061614851	0.195426728175843	0.0696702420502776	0	0	0	0.0360006809330038	0	0.00872454770912339	0.00748479861488118	0.0755498762236931	0	0	0.0210668855996407	0	0	0.003	0.32102587201832	0.980774322854521
TCGA-X7-A8M4-01	0	0	0	0.296745103283389	0.149658017608478	0.0460688878042621	0	0.302678967863962	0.0494758078958234	0	0	0	0.0412705582137244	0	0.00200159611546181	0	0.0929983870519737	0	0	0.019102674162925	0	0	0	0.446424394211273	0.906888953195243
TCGA-4V-A9QI-01	0	0	0	0.247795274301299	0.28692436494429	0.0608689217864747	0	0.219875960429352	0.0753093317224425	0	0	0.00590923608808528	0.0272527970080104	0	0.00999203207349982	0.0221013451094674	0.0235771450332529	0	0	0.0203935915038255	0	0	0	0.377257290453071	0.958776194692883
TCGA-4V-A9QL-01	0	0	0.00500156588986408	0.458934996145923	0	0.0719516326683397	0	0.143145309794942	0.073019555518881	0	0.0188393143283364	0	0.0612779458361598	0	0.0160924078734378	0.00893401048994884	0.128563403360291	0	0	0.0142398580938757	0	0	0.004	0.303315640809322	0.988046126072612
TCGA-X7-A8DE-01	0	0	0	0.28684681177566	0.30108182754022	0.0140335543283945	0	0.106370473755415	0.10653890279178	0	0	0	0.0407158512899355	0	0.0306965917020438	0	0.106093172696475	0	0	0.00762281412007629	0	0	0	0.389208861082385	0.940670516043714
TCGA-ZB-A963-01	0.0408966213615049	0	0.00265189322346141	0.142430577418459	0.261009449206681	0.148880875366368	0.0110180907698919	0.163155515327753	0.0249877355889472	0	0.0360117628243133	0	0.024834257484696	0	0.0167645820071691	0.0870981619799219	0.0401397888604403	0	0	0.000120688580393478	0	0	0.004	0.309341546732397	0.981572492317519
TCGA-3T-AA9L-01	0	0	0	0.283407735196419	0.0832795129465349	0.151564471100547	0.0162900189710785	0.222695202984829	0.0960041090050938	0	0.00119079543201872	0	0.0434627807132895	0	0.00992974786110573	0.0198815802391731	0.0531830165738738	0	0	0.0191110289760369	0	0	0	0.44835769089878	0.904121521653794
TCGA-4V-A9QW-01	0	0.0202668937154864	0	0.213740290856426	0.126833200073808	0.0718351606291159	0	0.272444508347115	0.148711646340923	0	0.00278448156951032	0.0166917235446981	0.0216879072423517	0.00215128131202065	0.00718079979973634	0.00861973225196517	0.0811376452008581	0	0.00591472911598515	0	0	0	0	0.552306096209091	0.833792229531658
TCGA-YT-A95E-01	0	0.00867007442383881	0	0.294762491064485	0.287200444286956	0	0	0.159327255570505	0.0818184243017702	0	0	0.0135572248296344	0.0197892012951689	0	0.0178040850447071	0	0.107079580030259	0	0.00999121915267653	0	0	0	0	0.45048797019606	0.903647589690859
TCGA-X7-A8DF-01	0	0	0	0.356330468249072	0.218096421710021	0	0	0.159714178074586	0.0638556201580296	0	0.00309452121003428	0	0.0205846390516958	0.0333303649372712	0.0304377344363701	0.00896005974728032	0.0930150569758701	0	0	0.0125809354497705	0	0	0	0.467598016698887	0.890159509121591
TCGA-XU-A92Y-01	0.0133305267466037	0	0.0418969341188983	0.143968663073169	0.0355638774382495	0.130708429765015	0.00465118103915799	0.168248126106825	0.0604703580135075	0	0.0435917905388891	0	0.0163345962623363	0	0.0410838165429698	0.0795250119759059	0.163675720822987	0	0.0560905588734608	0	0	0.000860408682025494	0.005	0.281798969719516	0.971146332617773
TCGA-X7-A8D6-11	0.0826342969267088	0.0720380134307353	0.0140378237002284	0.162878277001761	0.136356178556416	0.111359634828758	0	0.229841448948459	0.00303625091609509	0	0.0198689272314843	0	0.0148470562010063	0.0341889326167031	0.0209516254635203	0.0816806896587502	0.0118007682377524	0	0.0044800762816215	0	0	0	0.001	0.338234257538003	0.956938655603368
TCGA-4X-A9FB-01	0	0	0	0.278961818948681	0.0196292034211779	0.114587538562952	0.0163594105329055	0.321062052987752	0.0921137507798933	0	0	0	0.043383923062615	0	0.0157635142427391	0.0218365538213151	0.061272780226385	0	0	0.0150294534135832	0	0	0	0.383223145938559	0.944395412245737
TCGA-XM-A8RH-01	0	0	0	0.284353058613919	0.141017999526517	0.0297909477497634	0	0.288119771378861	0.0909709657665635	0	0	0	0.036585473122909	0	0.00550187472410672	0	0.105499690234914	0	0	0.0181602188824472	0	0	0	0.394370954309963	0.938204760041238
TCGA-XU-AAXZ-01	0	0.0802314264879134	0	0.238291229207392	0.106655931351254	0	0	0.0881335251350356	0.217701366273689	0	0	0.0398929122800457	0.0143305214095941	0.0716124637800631	0.0089436315077403	0.024218710930603	0.0818036503161408	0	0.0281846313205285	0	0	0	0	0.507405077789805	0.860990623754357
TCGA-ZB-A96F-01	0.0458953648610045	0	0.00931763475772557	0.349997386810604	0.0460430058886412	0.0516733668912422	0.00154622329210791	0.276227703925796	0.0144283258594157	0	0.0206821703436845	0	0.0447608203073456	0.0173925898274146	0.0118269049130636	0.0313659089380833	0.0477729076093882	0	0	0.0310696857744838	0	0	0.033	0.179813966597618	1.05292678981695
TCGA-ZC-AAAH-01	0.0346928941610859	0	0	0.269715277879462	0.0618483341134512	0.0672842792577718	0	0.316852923011637	0.0802913785650584	0	0.00579678781845685	0.0109350682646743	0.0275354139876051	0	0.00506547069406609	0.0353375671313457	0.0766387345854083	0	0.00800587052997734	0	0	0	0	0.552797461164375	0.832880478289893
TCGA-ZC-AAA7-01	0	0	0.0160806756040838	0.405129422838997	0	0	0	0.157988260888542	0.0959659520296533	0	0	0.0359134797403614	0.00622080326994423	0	0.0481804000864944	0.148863601438809	0	0.0720122684837127	0	0	0	0.0136451356194025	0.015	0.227532832626173	1.02102968429551
TCGA-ZB-A96K-01	0.00578845918940489	0	0.00260172344660451	0.288058622770613	0.053327234434542	0.101066052254839	0	0.190292002971944	0.047963832696168	0	0.00130329035233127	0.0117003508253665	0.0214520328983357	0	0.0371117431629167	0.0858950349522615	0.148594121432156	0	0	0.00484549861251789	0	0	0	0.355828205063923	0.946780166559215
TCGA-XM-A8R9-01	0.0950549020092248	0.117538512683799	0	0.283059222856235	0.0269772595159972	0.263197138446195	0	0.0216021146926145	0.0391383272584629	0	0	0.0320735743657724	0.0316713603368441	0.0223983549906248	0.0184180089756265	0.0187324229722215	0.0254151624692522	0	0.0047236384271303	0	0	0	0	0.465654734722813	0.888059765363101
TCGA-XU-AAXW-01	0.0237183511004106	0	0	0.263798208300338	0.245808044786603	0.0888761380901334	0.0122017511896761	0.153419371849786	0.0739065655624584	0	0.00527924837055304	0	0.0134681389791219	0.0140894405512064	0.0246443924546939	0.0175418722869717	0.0533814181466657	0	0	0.00986705833138263	0	0	0	0.384891819305334	0.945692039072912
TCGA-4V-A9QT-01	0	0	0	0.295408084333597	0.173271556488278	0.0304060398949921	0	0.251071539634828	0.0822446900890057	0	0	0	0.0401615435564118	0	0.0128412101055822	0.00430163458093584	0.0862280099501001	0	0	0.0240656913662688	0	0	0	0.429914971553343	0.915667466402646
TCGA-3G-AB19-01	0	0.00146393561815016	0	0.263526010841142	0	0.208531823249446	0	0.016920081680682	0.130568188519656	0	0.00610451976668381	0.0378797734644026	0.0269746072449758	0.010953338096081	0.110001490561797	0.115828091608183	0.0236803779954007	0	0.0475677613534011	0	0	0	0.048	0.154439392117961	1.0514980123354
TCGA-ZB-A96G-01	0	0	0	0.278032025609159	0.23100455604943	0	0	0.220409012225143	0.0890115995132989	0	0	0.0133384991495009	0.0409876810103564	0	0.00726351716551768	0	0.108365162513601	0	0.0115879467639929	0	0	0	0	0.494090358915093	0.873491405491499
TCGA-XU-A92U-01	0.00963240782264264	0	0	0.321276705305002	0.0782837832904025	0.0900636640896227	0.0115638834868216	0.215681473026098	0.10166688146788	0	0	0	0.0422112187653862	0	0.0106071281654754	0	0.100576395446166	0	0	0.0184364591345028	0	0	0	0.392227308702386	0.936881595325594
TCGA-X7-A8M0-01	0.0643625747474842	0.0824892005099107	0	0.196552551623848	0	0.348552662306282	0	0.0486105272594033	0.0422069002001497	0	0.0064038509944684	0.0117033652913417	0.0240162139977465	0.0343077363675676	0.0241945018480735	0.0919396104855837	0.0177438230854729	0	0.00691648128266796	0	0	0	0	0.388433913582594	0.929179746054649
TCGA-YT-A95G-01	0.00897109528597004	0.00772950221773942	0.0138219328166827	0.164794362996897	0.381657859095183	0.168717085579536	0	0.081139935269949	0.001091550648695	0	0.0449803215816692	0	0.0327692552304044	0	0.011602804071825	0.000748520020161063	0.0733762027289935	0	0	0.00859957245629581	0	0	0	0.36633636205862	0.95923475666001
TCGA-ZB-A965-01	0	0.0553393250368051	0	0.184073761992948	0	0.130731972963939	0	0.0520933511138594	0.0484425251990195	0	0.00940454277070811	0.0606210543127479	0.0344160792605795	0	0.0374163507213938	0.18971679705711	0.10811088962537	0.0161665962840439	0.073466753661476	0	0	0	0.618	0.0153075400908428	1.0804304617374
TCGA-3G-AB0O-01	0	0	0	0.279121623059297	0.150463178970049	0.0491243875294575	0.00377093841984434	0.260400448095204	0.110061977058348	0	0.0101605707950428	0	0.0131633359109154	0	0.00919212484145112	0.0340193418239257	0.0630085734305081	0	0	0.0175135000659568	0	0	0	0.395601490955724	0.93961853218352
TCGA-4V-A9QU-01	0	0	0	0.232940702899786	0.412676343755976	0	0.00855001364416279	0.150537912932599	0.036560192236675	0	0	0	0.0296926871306346	0	0	0	0.111479617357486	0	0	0.017562530042681	0	0	0	0.407154901320446	0.934030741813133
TCGA-ZB-A96E-01	0	0	0.0101364268262285	0.225062177968949	0.243515942383935	0.0584998830486436	0	0.26279364215854	0.0459191206259344	0	0	0	0.0058835998271609	0.00423973149546774	0.0197709000807464	0.000544493126848511	0.110191124141133	0	0.0134159668551613	2.69914612510991e-05	0	0	0.003	0.317295115888161	0.986513697591951
TCGA-3S-A8YW-01	0	0.0553904823866974	0	0.103644032600382	0	0.114930282523776	0	0.191634275318827	0	0	0.0803310812959672	0.0155554325108838	0.01753246369936	0.0810279178976326	0.0102256570279629	0.147151301837971	0	0.154640874626585	0.0241063088978559	0	0	0.00382988937609821	0.103	0.11252457377181	1.04799276021112
TCGA-4X-A9F9-01	0	0.0296084577258186	0	0.29967389991108	0.0704162193557689	0.039903351478641	0	0.236039755521968	0.132278192997573	0	0	0.0257346854106878	0.0119890160049548	0.0150164059302186	0.0222374995914821	0.0261653303704301	0.0789825393996447	0	0	0.0119546463017325	0	0	0	0.552352829018256	0.832935955377334
TCGA-ZB-A96C-01	0.0143290418174451	0	0	0.133317973166187	0	0.0549495055925864	0	0.0939570881016168	0.131870435017709	0	0.0130336884530081	0.0606061506351384	0.0235469692507463	0.0460153556661627	0.0463607588443811	0.23521801211611	0	0	0.146795021338909	0	0	0	0.291	0.0631481561074345	1.06416825561825
TCGA-ZB-A966-01	0.0206936106432104	0	0	0.374582112306573	0	0.097590624570511	0.0317650191216104	0.051743452295834	0.0960347630071613	0	0	0.0443496768782189	0.0309971773569242	0.0358714499033668	0.150831939107804	0.0375755800719108	0.0122098519373476	0	0.0157547427995269	0	0	0	0	0.37326225807081	0.947278889562354
TCGA-ZL-A9V6-01	0.0569789534453365	0.0255982231331602	0	0.283584880443407	0	0.171896574492098	0.0026162313847368	0.118277834077728	0.0359250683514862	0	0.0185720224405293	0	0.0113555916591843	0	0.10519143722132	0.136071769663006	0.0130694313121313	0	0.0208619823758767	0	0	0	0.00700000000000001	0.26389054615962	0.994875149865753
TCGA-4V-A9QM-01	0.0177698158980424	0	0	0.296585598102481	0.255711321943514	0	0	0.102089832836326	0.0257516996713633	0	0.0350162912872421	0	0.0215103314625635	0	0.0339522383288913	0.0493471948069133	0.162265675662663	0	0	0	0	0	0.002	0.327797156850773	0.966214068637278
TCGA-XU-A92V-01	0.0524039614565061	0	0	0.20825756367533	0.03542688365861	0.158716426028174	0	0.0742509802389383	0.0622536078112449	0	0.0565882098143219	0	0.0189809269136316	0	0.0344824643145897	0.128363541954863	0.17027543413379	0	0	0	0	0	0.056	0.142430967763831	1.04094860487604
TCGA-X7-A8D9-01	0	0	0.00993311667992576	0.274280282498464	0.196221237671789	0.0192255883967971	0	0.146045658713101	0.0870720839218519	0	0.0247800212104929	0	0.0362294283912888	0	0.0229608701241175	0.0152006081495699	0.146007838044968	0	0	0.0195886988575219	0	0.00245456734011237	0.001	0.341542526866164	0.958621636015024
TCGA-4V-A9QR-01	0.0115766383763098	0.00291106355946012	0.0126462348455055	0.374273349234453	0.193187792271418	0.0853657522949684	0	0.0548723536882532	0.107363763054716	0	0	0.0454178746977325	0.0299862665069136	0.0129061970986661	0.0140696902462492	0.0232725020650239	0.0280877368083228	0	0	0.00406278525200744	0	0	0	0.355870630895175	0.969186657944785
TCGA-XU-AAXY-01	0.0169760514530935	0.0141461992510829	0	0.389230395963881	0.11848950685654	0.0437721246279936	0.00969870890753359	0.105625337654284	0.127130882947518	0	0	0.0388337651104442	0.0216588448074484	0.0148238051232656	0.0084664453712632	0.0223096175309389	0.0549244101932754	0	0.0112089299165526	0	0	0.00270497428488525	0	0.53701391831821	0.844629576828114
TCGA-XM-A8RD-01	0.0188954509205437	0	0.0317722570057292	0.204705247780923	0.0950000550646831	0.0452121386472937	0	0.426072106996783	0.0437699251344799	0	0.0086774095123332	0	0.015891268819984	0.00403191685699975	0.033682094599953	0.000310129584412079	0.0719799990758829	0	0	0	0	0	0	0.416481340852293	0.924668633562038
TCGA-YT-A95H-01	0	0	0	0.268442539088734	0.200175442537104	0.0551890089246833	0	0.268939920399538	0.0446272343297296	0	0	0	0.0379015538969817	0	0.0124893793053016	0	0.0946484567186409	0	0	0.0175864647992872	0	0	0	0.402672841831888	0.934195518648033
TCGA-XU-AAXV-01	0.00540591432078167	0	0	0.296549415813551	0.359903054639781	0.0466718637415413	0	0.139624804107928	0.026076058709046	0	0	0	0.0406333968645398	0	0.0137822825538685	0	0.0644500900524267	0	0	0.00690311919653611	0	0	0	0.400823616398382	0.943219840320696
TCGA-X7-A8DB-01	0	0.0101113177480534	0	0.276508667645107	0.156233094733168	0.118489576529539	0.000380731300769278	0.152212598588401	0.133436904921961	0	0	0	0.00743714055478659	0	0.0205413858505744	0.0581522880260922	0.0589161735310077	0	0	0.00758012057054069	0	0	0	0.429808641948655	0.915467485944622
TCGA-ZB-A962-01	0.0161773238948237	0.0197809439569915	0	0.0805755036260423	0	0.0993709547320376	0	0.043637289183146	0.0307056659629687	0	0	0.107457489760723	0.00164797350710079	0.153675512374183	0.0305480713285374	0.344971210218691	0.012218204524995	0	0.0592338569297598	0	0	0	0.305	0.0610513632103256	1.08169111495084
TCGA-YT-A95F-01	0	0	0.00601526763909411	0.429568949657865	0	0.105778170900746	0	0.249415958057492	0.005939712946419	0	0	0	0.0548049644290941	0	0	0	0.130281621698082	0	0	0.0181953546712075	0	0	0.005	0.298662909787343	0.995186953415591
TCGA-X7-A8DJ-01	0	0	0.012669899075682	0.27546635687315	0.243515416737516	0.0192148430762252	0.0103705368169497	0.167825520537545	0.0731611695018982	0	0.0162662320916117	0	0.0292459703762231	0	0.0252500423862692	0	0.111864402172358	0	0	0.015149610354572	0	0	0	0.373203583677496	0.946990086071381
TCGA-XU-A930-01	0.0462569737398063	0	0	0.394737672528218	0	0.147533615834444	0	0.146544761741658	0.000969236532925527	0	0.0128371959776518	0	0.0104798183639721	0.0370168951419413	0.0404942113069737	0.080889513572256	0.0801780563300408	0	0	0.0020620489301121	0	0	0.00800000000000001	0.255228832903204	1.00744781592557
TCGA-ZB-A96V-01	0.0203982263440292	0	0	0.380660408621195	0	0.0370341263047083	0	0.117471808236126	0.08696107423562	0	0	0.0115600352240938	0.0249143808399262	0.0784592333800335	0.115772305143212	0.0844350689933726	0	0.00713856278408946	0.0351947698935933	0	0	0	0.00600000000000001	0.271643820795986	0.994023012116238
TCGA-5U-AB0E-01	0.00111846178714228	0.00350534743773388	0	0.299757988645942	0.213144168976097	0	0	0.262494121949812	0.0562699597880374	0	0	0.0368754145227958	0.0198091117353021	0	0.00758811110769091	0.017612095339238	0.0665276743334634	0	0.0152975443767458	0	0	0	0	0.471766130582239	0.891494893529627
TCGA-X7-A8D7-01	0.00233206908209211	0	0	0.267996999042277	0.148997877849406	0	0	0.368687108994592	0.0766460388757885	0	0	0.000133524006441407	0.0191758439627868	0	0.0179550803024328	0.0187850177208381	0.0631379654771802	0	0	0.0161524746861659	0	0	0	0.416263192146097	0.928526893137964
TCGA-XU-A92W-01	0	0	0.00960236103405508	0.273629284173263	0.182392181833632	0.0528597399744873	0	0.294840151196958	0.054416627124787	0	0	0	0.0379570062915539	0	0.00836753258240169	0.00278469843976788	0.0624329950275865	0	0	0.0207174223215082	0	0	0.002	0.331787476091604	0.981284382270947
TCGA-ZB-A961-01	0.0375073147233039	0	0	0.204220020506531	0	0.104945431788901	0	0.0673858498034392	0.063069380877308	0	0.0754624021352943	0	0.0420294285958295	0.172040026730609	0.0620083612054873	0.145405199404438	0	0	0.0259265842288593	0	0	0	0.034	0.176198401344381	1.02503982682754
TCGA-3S-AAYX-01	0	0	0.0216383532478292	0.300210667601135	0.0802173869557421	0.172558577885892	0.0232337027017998	0.136036869843696	0.0990472478264008	0	0.0151270274394121	0	0.0430867886433647	0	0.00617951662805825	0	0.0767182355117785	0	0	0.0259456257148922	0	0	0	0.403835644567589	0.929032095688603
TCGA-ZT-A8OM-01	0	0.0417856282922973	0	0.193573776076645	0.235965853190328	0.0161327842322602	0	0.226513207983929	0.121812032749645	0	0	0.0214998798512148	0.0192064564344173	0.0180261254453241	0.00550286919880426	0.00472014235154558	0.0811644420001308	0	0.0140968021934578	0	0	0	0	0.515888577343763	0.857971782835726
TCGA-X7-A8M1-01	0.0237264347092123	0	0.00938594710163586	0.173396313735535	0.182157843005384	0.140001230260367	0	0.191133155357428	0.0503504518671622	0	0.040922473920324	0	0.0169670489769398	0	0.0209308319270825	0.0702603810280212	0.0807678881109077	0	0	0	0	0	0.00600000000000001	0.276042677098173	0.997183755168002
TCGA-XM-AAZ1-01	0.0284724105344054	0	0.0359216235156091	0.197033915173892	0.245551823056678	0	0	0.300563608840115	0.0301595195880437	0	0.00901701267611935	0.00624280378877779	0.0155175842772317	0.0015561024189653	0.00495739232054634	0.0255397418855024	0.0843184079424213	0	0.0151480539816922	0	0	0	0	0.438892349511193	0.906702358967304
TCGA-X7-A8D6-01	0	0	0.0171684186639413	0.283834700611193	0.190397476104318	0.0860889720343682	0.0144390842729576	0.214366899968115	0.0505110515154323	0	0	0	0.0386570645336028	0	0.00775820247453524	0	0.0825715534566282	0	0	0.014206576364909	0	0	0.003	0.31808647854479	0.985046750057977
TCGA-X7-A8M3-01	0	0.0266367784091339	0.153067795589089	0.00771436974236144	0.0569455594808717	0	0	0.116305552029314	0.0425025322908224	0	0.0447107636804356	0	0.0080177166161061	0.0214804182078607	0.073405311331971	0.449213202622034	0	0	0	0	0	0	0.241	0.0735178723254998	1.06096761342797
TCGA-XM-A8RC-01	0.0305032020022795	0	0.0651052714241	0.340937490388008	0.0384242097346321	0	0	0.311586407913619	0.0420047291296567	0	0	0	0.0298812801307599	0	0.0301334106272209	0.0144049334202711	0.0831429109773215	0	0	0.0138761542521312	0	0	0.001	0.340419360707941	0.960328065473823
TCGA-XU-AAY1-01	0	0	0	0.210824276630156	0.337535509358053	0.029726841091283	0	0.176234049383327	0.109931964681776	0	0	0.023363565280305	0.0229098786640449	0.00356001467218602	0.00799768443844242	0.0177659065935647	0.0549136534743437	0	0.00523665573251867	0	0	0	0	0.526146371136086	0.854642037461085
TCGA-ZB-A96B-01	0	0	0	0.306640367794895	0.195971449478798	0.0223758235449359	0	0.233631250375495	0.109699834487298	0	0	0.0205264956976699	0.00570583888105422	0	0.0108893491236527	0.0114814446543307	0.0694106550445764	0	0.0136674909172944	0	0	0	0	0.502132928457377	0.87174124656912
TCGA-XU-AAY0-01	0	0	0	0.19953133955416	0.189251488662703	0.0551078846684134	0.000103870112045178	0.316147271320594	0.0319990581728694	0	0.0275165533179028	0	0.018644286253602	0	0.00986558722205302	0.0492925516613478	0.101050013867141	0	0.00149009518716774	0	0	0	0	0.511930089447508	0.860643592613215
TCGA-XM-A8R8-01	0.0332499451995053	0.25042599881346	0.0377150386462423	0.250498195921986	0	0.0787116779437389	0.04413202491637	0.053831722993811	0.0237383243318217	0.0279654932762738	0.00254660403049157	0	0	0.0414356054724125	0.0331971999146993	0.101257668787315	0	0.00716483334468053	0	0.0141296664071917	0	0	0	0.548550069858342	0.840343364433967
TCGA-XH-A853-01	0.00478121665724326	0	0.0040771102592605	0.332116542154107	0.252232699393125	0.0137447749317158	0	0.153004967591441	0.0667064075955509	0	0	0	0.0393587781707027	0	0.0175392510875804	0	0.0970912971002976	0	0	0.0193469550589751	0	0	0	0.429153852484176	0.91631585049627
TCGA-5V-A9RR-01	0.00488932632420565	0	0	0.467285663971382	0.0670663754770287	0.0144645214592387	0	0.176865249197984	0.088618538972281	0	0	0.0219891941978612	0.0541768404704711	0.0271512913347147	0.0158360472113118	0.0087387479701482	0.0370287451509923	0	0.0158894582623814	0	0	0	0.004	0.300432869421618	1.00073348862805
TCGA-X7-A8DG-01	0	0	0	0.384396559821205	0.155600141232923	0	0.00987025120614621	0.222668291639345	0.0933420900489311	0	0	0.000526758798076293	0.00960882160433449	0.0106233907824275	0.021076340581652	0.0251565161702849	0.051336856669955	0	0	0.0157939814447193	0	0	0	0.502932345409713	0.870216574297491
TCGA-4V-A9QJ-01	0	0	0.0241654033900825	0.430729228876174	0	0	0	0.230236193213138	0.0937213619063184	0	0	0	0.0494730642182484	0.0352961581583923	0.0478142081202011	0.0154001363832045	0.0639395264326755	0	0	0.00922471930156493	0	0	0.004	0.31154627510748	0.980242244318587
TCGA-ZC-AAAF-01	0	0	0.00598228734779616	0.21327709402636	0.219480015750213	0.079960117960323	0	0.272737914943342	0.048305508651461	0	0.0257515271506129	0	0.012628436815226	0.00722445401861298	0.00582175671038981	0.0112500117203027	0.0858122388300348	0	0	0.0117686360753258	0	0	0	0.4462036647683	0.906964666752033
TCGA-XM-A8RI-01	0.15332733502206	0	0	0.180196292357413	0	0.245166837525921	0	0.200504523818312	0.0045058858910124	0	0.0297548708486408	0	0.0245220136985827	0.00239170944300672	0.024951965774686	0.0616219248919186	0.0730566407284469	0	0	0	0	0	0.014	0.236400437674886	1.0093129230562
TCGA-XU-AAXX-01	0.0235485552739649	0	0	0.282724166166569	0.0603325661700283	0.103549577908056	0.00175355410202485	0.318642542998268	0.0715505901962459	0	0	0	0.0439171493054479	0	0.00893215088865358	0.0137770192994831	0.0584838688487474	0	0	0.0127882588425102	0	0	0	0.422668781575728	0.92136236847119
TCGA-XU-A931-01	0.0587016215837925	0	0	0.242143790992395	0.307258328842529	0.0192549315435529	0	0.0579325493206866	0.0096782724469062	0	0	0.0125792846784522	0.0321902596281622	0	0.012650317617236	0.23127275951522	0	0.000394248331555503	0.0159436354995117	0	0	0	0.04	0.165895747361068	1.04614131276182
TCGA-XM-A8RL-01	0	0	0.0241433646499396	0.308496552066394	0.151661696765413	0.049017724259451	0	0.217226409795533	0.113124480102669	0	0.00199311201632593	0	0.0391977659548701	0	0.00805985535119284	0.00917895522504455	0.0569501314100737	0	0	0.0209499524030924	0	0	0	0.368858480836736	0.954449945233739
TCGA-5U-AB0F-01	0	0.0240799317688409	0.00296995654193317	0.362247483112815	0	0	0	0.243952544995285	0.106760922472854	0	0	0.0332897189892317	0.0249822296143746	0.00580504646173542	0.0091654414303962	0.0145523104350813	0.164201880234389	0	0.00799253394306408	0	0	0	0	0.496088984313985	0.868810275648954
TCGA-XU-A932-01	2.48158671295251e-05	0	0	0.302185452364834	0.0872391053641957	0.0851363489410948	0.0133703712721682	0.238706873347894	0.0723713907219645	0	0.0217036159805364	0	0.0190181221125102	0.0413255004375215	0.00606176601655832	0.057534846909472	0.0534610422501852	0	0	0.00186074841393541	0	0	0	0.494556482861161	0.871800406236593
TCGA-3Q-A9WF-01	0	0	0	0.292105615319748	0.217466982516051	0.0558734443912932	0.0015294585761916	0.20487511168911	0.0838816938482926	0	0	0	0.0372607258937789	0	0.0099583827795703	0.0179236393641689	0.0641929756803187	0	0	0.0149319699414769	0	0	0	0.482495095864159	0.883220878668542
TCGA-ZB-A969-01	0	0.00744635675507674	0	0.247977857123056	0	0.0958084577195251	0	0.0858957198083989	0.0892237313330027	0	0	0.0656327387081587	0.034189785048954	0.00530165881881219	0.105041549622204	0.201540748491377	0.00577036428114089	0	0.0561710322902944	0	0	0	0.306	0.0609044977271136	1.08447171207912
TCGA-4V-A9QS-01	0	0	0.0225584892145522	0.24054075409008	0.264584689742791	0.0478397473138642	0	0.216281903448434	0.0247868577518464	0	0	0	0.0301285113945528	0	0.0262679014898457	0	0.107594211522041	0	0	0.0194169340319928	0	0	0	0.3592071116934	0.956040665607853
TCGA-ZB-A96H-01	0	0.0431560219330638	0	0.202656330601089	0	0.182049203290051	0	0.0239353785920415	0.0350925889690234	0	0	0.0840886915639588	0.0317226117108207	0.191308288019203	0.0364285861873085	0.109642750513219	0.00935723364560583	0	0.0505623149746159	0	0	0	0.248	0.0722723022923396	1.07600711216743
TCGA-XU-A92Q-01	0	0.00659573305006299	0	0.140029255230615	0	0.308780627042216	0	0.013729977521641	0.0504007233411292	0	0	0.0223447236179505	0.0157145836707213	0	0.142426000209942	0.243364955306819	0.00547262133557642	0	0.0511407996733262	0	0	0	0.004	0.307756211863909	0.968251219052973
TCGA-ZB-A96A-01	0	0.025183343748337	0.000512855753458315	0.183110118145595	0.2286429893436	0.0611174496296707	0	0.253971774496517	0.142243623745216	0	0	0.0179473914363696	0.0198954922864727	0	0.00197327091366765	0.00390334417217587	0.0547739186754075	0	0.0067244276535136	0	0	0	0	0.490948795577852	0.879256112099715
TCGA-X7-A8M6-01	0	0	0	0.314263026553185	0.148779568906855	0.0887972841236916	0.00157769067131458	0.121413912802491	0.169886776945729	0	0	0.0208555086994026	0.0271898598714207	0.0137493883086024	0.0118872329920729	0.00434812255747829	0.0732335865910331	0	0.0040180409767236	0	0	0	0	0.520898167294913	0.856524151571156
TCGA-ZB-A96L-01	0	0	0.00119256356178493	0.267001423617445	0	0.133237263964283	0	0.153045698244117	0.120472276461377	0	0.0225108348220033	0.0204270544031857	0.0349053621741108	0	0.0172670336443224	0.090166215624303	0.139774273483067	0	0	0	0	0	0.103	0.113039800804574	1.07033623442366
TCGA-XM-A8RE-01	0	0	0	0.28930659992817	0.149186903139718	0.128338626613978	0	0.171833611277702	0.109149437363035	0	0.00797274258212406	0	0.019878044920102	0	0.0170095974588963	0.00109565583737161	0.0867359995034836	0	0	0.0194927813754197	0	0	0	0.437969390806852	0.912103953117281
TCGA-4X-A9FC-01	0	0	0	0.245810606902062	0.401450825748747	0.0263557789941978	0	0.12307872038714	0.0593434374686765	0	0	0	0.0366455415593593	0	0.0122073961375617	0.00688506642138806	0.0731229417631579	0	0	0.0150996846177111	0	0	0	0.359653490664791	0.96666372249019
TCGA-X7-A8D7-11	0.0100481600181524	0	0.000467080256035194	0.339557520628732	0.102054880289187	0.123037772745939	0.00995407147659391	0.24448114259576	0.0483922522657194	0	0	0	0.0208446380138747	0	0.0171193270562885	0.0111572121802036	0.0543006861984282	0	0	0.0185852562750861	0	0	0	0.361773331650669	0.964284377989134
TCGA-ZB-A96Q-01	0	0	0.0453652919556865	0.34307502925441	0.036732151483635	0.0896690304533687	0.00984340096050452	0.17654645468339	0.0567909001373072	0	0.0306534648416955	0	0.0554290505296862	0	0	0	0.130163172426103	0	0	0.0223138151649088	0.00341823810930437	0	0.00600000000000001	0.277089995778703	0.993514128198808
TCGA-4X-A9FA-01	0	0.0197236200246775	0.00779052363611627	0.443842575978163	0	0.0510918572401563	0	0.115211459655471	0.0565778135039821	0	0.034547170476157	2.14584652131649e-05	0.0363706909723499	0	0.0419691937151811	0.144628779516829	0.0383542519906964	0	0.00987060482500791	0	0	0	0.095	0.115551721515005	1.07873838959569
TCGA-ZB-A96M-01	0.0178381765123	0	0.00217955771286825	0.325885648166587	0.0321540356051747	0.127584383152446	0	0.239810757366668	0	0	0.00603084279462652	0.00460765727497732	0.030857350251883	0	0.0180534597771425	0.0671189467603673	0.12014747784774	0	0.00476820693561121	0.00296349984160863	0	0	0.003	0.325639963103021	0.968909255920043
TCGA-XM-A8RG-01	0	0	0.012505420808626	0.213219934646849	0	0.185255187475782	0	0.0798289570939322	0.0615197258182009	0	0	0.0455177683885114	0.0173369911297461	0.0272315681939615	0.132432942644068	0.0726411978941705	0.0421505315715801	0	0.110359774334572	0	0	0	0.211	0.0806210804790337	1.07630370329807
TCGA-XU-A92T-01	0	0.0263110037391309	0	0.119277869232164	0	0.22570381201185	0	0.0287766788914944	0	0	0	0.0629176711538957	0.0306678450795983	0	0.0554794527458594	0.334853364730892	0.0222325260027623	0	0.0937797764123534	0	0	0	0.489	0.0328264191155975	1.0795394093777
TCGA-5K-AAAP-01	0	0	0.00167475959191688	0.355827695349973	0.132515714973316	0.01366557130839	0.00730848011766253	0.208342647439718	0.0811142530088757	0	0.0116483251557772	0.00147763022621169	0.0279203796376149	0.00493421662091896	0.0164094632976173	0.0258014254773396	0.10180879011187	0	0.00955064768279714	0	0	0	0	0.363887809284039	0.954033827120455
TCGA-X7-A8DD-01	0	0.0351031386099165	0.00239973655450663	0.192390253038193	0.291011740172148	0	0	0.205331297549895	0.142900287624767	0	0	0.0195190094561307	0.0165340122046818	0.0132400921122552	0.00626205511256201	0.00571240790141284	0.057700552534012	0	0.0118954171295196	0	0	0	0	0.528338498935698	0.851132110586398
TCGA-ZC-AAAA-01	0.0222118152664323	0.0129074711810873	0	0.251531382249151	0.508601399379342	0.0292776903881839	0.00228546677585515	0.0140417877290501	0.0217013991787007	0	0.0371541825521504	0	0.0280930851217311	0	0.00800987298721983	0.0195034338843621	0.0424599845832173	0	0.00222102872351652	0	0	0	0	0.419045423436911	0.933264305403384
TCGA-ZB-A96D-01	0	0	0	0.403147302963387	0.118970454784066	0.0684476958749115	0	0.106081045056539	0.139941623812697	0	0	0	0.0400235251827553	0	0.022734949023796	0.00208650845348498	0.0878951646669546	0	0	0.0106717301814084	0	0	0	0.358276869691671	0.962858809668638
TCGA-3G-AB0Q-01	0.0161632833187333	0	0	0.244276043313957	0	0.127118425138958	0	0.0517267837441998	0.0403906518978997	0	0.0131421252981606	0.0154322267298136	0.0382323422124434	0.0152736857323143	0.0111668590913878	0.368650988551338	0.017926959228975	0	0.0404996257418198	0	0	0	0.114	0.105381331105442	1.05757600800382
TCGA-X7-A8M5-01	0.0239041655511226	0.0193409116718526	0	0.314998924941513	0	0.104688954686766	0	0.0462126937138812	0.0771402551134953	0	0	0.0913197943487297	0.0364899732819603	0.100204454370768	0.0594045226858217	0.0602818381977874	0	0	0.066013511436302	0	0	0	0	0.362437629685705	0.943061748775648
TCGA-XM-AAZ3-01	0.00820301570139564	0	0	0.248864633153122	0	0.18723182032521	0	0.0614494452156512	0.0524373560650451	0	0.00428096163896602	0.0315346846420609	0.0385714281562362	0.0627511437068754	0.0721584039524077	0.0857798880859624	0.0457351441377534	0	0.101002075219314	0	0	0	0.313	0.0601609674717789	1.07737821934369
TCGA-XU-A933-01	0.0772345765620988	0.0370169298448355	0.0512303371323747	0.060408657496466	0	0.10655311768254	0	0.106803450771898	0.0376940648353847	0	0.0417105969744925	0	0	0.190394787745487	0.0603911994884728	0.155666949637149	0	0.0254030925005533	0	0.0494922393282483	0	0	0.116	0.105127664414813	1.04437815576705
TCGA-YT-A95D-01	0.00627600579553448	0	0	0.232150580278654	0	0.0868996489077695	0	0.01734717752983	0.0558917123275337	0	0.0136539564960999	0.0213016366046648	0.123219989151046	0	0.0700724710880174	0.332666407734018	0.0309910991387801	0	0.00952931494805235	0	0	0	0.023	0.197161233882718	1.01479613543771
TCGA-ZB-A964-01	0.0301187644416149	0	0	0.090566631835981	0	0.0892447548202048	0	0.12495214660634	0	0	0	0.0942871823829098	0.0593115340645911	0	0.0044690356261043	0.34191526417344	0	0	0.165134686048813	0	0	0	0.895	-0.022671000840765	1.10186241886588
TCGA-4X-A9FD-01	0.0832884213233076	0	0.0123823593251818	0.381181230514233	0	0.112904193563456	0	0.243280581713658	0.0252172704814281	0	0	0	0.00900077879180883	0	0.0279227976132476	0	0.0926787408200941	0	0	0.0121436258535844	0	0	0.001	0.34098824840399	0.967501243720604
TCGA-5G-A9ZZ-01	0.355090111120744	0	0	0.0885888747561134	0	0.0606873037635339	0	0.0784477956712886	0.095827935012339	0	0	0.039071566532568	0.026758512361863	0	0.0252441845089895	0.0356124638556474	0	0.0252372235909298	0	0.169434028825983	0	0	0.004	0.314892795425092	0.967836283169495
TCGA-XM-AAZ2-01	0.0719175431400287	0	0	0.25744151644032	0	0.0871914335421983	0	0.158373770871888	0.0437751459572604	0	0.0361174608821529	0	0.0209127202069815	0	0.0478193543398615	0.159421296116019	0.104704849890889	0	0.0123249086124016	0	0	0	0.224	0.0777074061285849	1.06875399439823
TCGA-X7-A8M7-01	0	0.00624263688709681	0	0.192283600998623	0.229265133568485	0	0	0.280126306683138	0.19510267930924	0	0	0.0162662606656893	0.0192887842464893	0	0.00497348585652352	0.0035524318311034	0.0473755014456627	0	0.00552317850794949	0	0	0	0	0.55613377354628	0.833536569613907
TCGA-ZB-A96I-01	0.0246259882268487	0	0	0.359892453990463	0	0	0	0.116808629533273	0.00224221264753867	0	0.0638254171661482	0	0.0124360744300122	0	0.049294572319917	0.365849367312864	0	0	0.00502528437293503	0	0	0	0.004	0.30132127212437	0.973703599391764
TCGA-4V-A9QN-01	0	0	0.123213976705584	0.191192629912648	0	0.236290485978727	0	0.0253306826533433	0.0166195891580957	0	0.00156154360015374	0.00448572104124842	0.0181868748719305	0.0706158489873602	0.056419584055913	0.210550228231433	0.0180631550791611	0	0.0274696797244016	0	0	0	0.126	0.100195502180418	1.046029645452
TCGA-5U-AB0D-01	0.0386227629734087	0	0.0326473236781018	0.223065158779942	0	0	0.0117902908729721	0.103137341384299	0.129893397815063	0	0	0.0965305167528982	0.0304255093394951	0.0502340750156611	0.087299289102583	0.180532577315456	0.011653964579695	0	0.00416779239042472	0	0	0	0.00600000000000001	0.277216302108347	0.98069067903296
TCGA-XM-A8RB-01	0	0	0	0.345649818710659	0.0748160841254192	0.139042353555889	0	0.189978730116033	0.090371973091607	0	0	0	0.0521659661012389	0	0.00680752685792756	0.0220089295001818	0.0607455568759959	0	0	0.0184130610650491	0	0	0	0.37648217852115	0.950530522454736
TCGA-3G-AB0T-01	0.0239188575137631	0	0	0.373032695319548	0.0637669839509196	0.0636169110261246	0	0.242680008796208	0.0748694432969831	0	0	0.0345189374815814	0.0382089787612451	0	0.00405123602592273	0.0100614056424501	0.0600949538592965	0	0.0111795883259578	0	0	0	0	0.514913481296529	0.861242420684458
TCGA-ZB-A96O-01	0	0	0	0.283007080490188	0.101650954991346	0.16838395115489	0.00542997117496497	0.198687877666675	0.113500592225547	0	0.00996283277201722	0	0.0188221165398632	0	0.00939011205292431	0.0256179457134668	0.055538941064597	0	0	0.0100076241535195	0	0	0	0.521839900315686	0.856542568622751
TCGA-XU-A936-01	0.0864847990161132	0.0582347616372395	0.103239183016353	0.1774255031571	0	0.128681139925022	0	0.107149517591355	0.0808327518414678	0	0.00170811149148	0	0.00900219151114747	0.103746423660244	0.0543221149306446	0.0863938158139283	0	0.00277968640790512	0	0	0	0	0.041	0.163819654272737	1.02242967553992
TCGA-4V-A9QX-01	0	0	0	0.266480226060609	0.406144103251909	0.0121305368473811	0	0.0921164772294463	0.066914349545168	0	0	0	0.0325600121038612	0	0.0107860403899431	0	0.0994525718888111	0	0	0.0134156826828708	0	0	0	0.370734446148115	0.958405573105211
TCGA-ZB-A96R-01	0	0	0	0.33223756765324	0.00159567539431075	0.123912074991423	0.0140009726834997	0.269999802731705	0.0744934361340331	0	0.00471718765715139	0	0.0469880889585517	0	0.0097173693918204	0.0285852073795631	0.0713448595581643	0	0	0.0224077574665373	0	0	0	0.447553701751983	0.902476893962933
TCGA-XM-A8RF-01	0.026742247382852	0	0.0142192669336224	0.316313934604812	0	0.166090251854117	0	0.0594522642051014	0.0896577660194955	0	0	0.0200210013628723	0.0185897906320423	0.00656144023857876	0.0980381914057842	0.0431520737999799	0.116066235926458	0	0.0250955356342847	0	0	0	0.0620000000000001	0.137727617720802	1.05747892179953
TCGA-XU-A92X-01	0	0	0.0226998138644644	0.450424288831408	0.0392814987087712	0	0	0.172505052531523	0.0903255048070857	0	0	0.018832891583623	0.0553625750700689	0.0204039703490499	0.0194306173925345	0.0190131256055199	0.0818595938151307	0	0.00506801511523784	0.00479305232558299	0	0	0.003	0.322963806044379	0.975937343204001
TCGA-XU-A92Z-01	0.000514701624422066	0	0.0494700843564234	0	0.00372084466337889	0.108821787487247	0	0.0883322927839212	0.0204374829049323	0	0.0675025238316391	0	0.0245377002482736	0.534242580152063	0	0.0405571141692942	0.000147860993793462	0	0.0617150267846115	0	0	0	0.035	0.174217928168439	1.06803234892403
TCGA-X7-A8D8-01	0	0.0110805298472089	0	0.217809741676369	0.214915154193002	0.0992135951500746	0	0.0726547199264536	0.0772908414202451	0	0.0434825250156628	0	0.0200679453361574	0.0381332148221775	0.0240845638735835	0.0510919073245768	0.124859230642257	0	0.00531603077223164	0	0	0	0.019	0.214032257230268	1.02340302085113
TCGA-XU-A92O-01	0.0182908125227251	0	0.0020826830653152	0.297290288669714	0.165486240904056	0.0857766215769394	0	0.113607162200036	0.0444771931669769	0	0.0455399484927964	0	0.0399452509472388	0	0.0317959880809505	0	0.118478441128139	0	0.0372293692451126	0	0	0	0.00900000000000001	0.246683885828288	1.01240506663589
TCGA-X7-A8M8-01	0	0.0318508702152299	0	0.32706048281825	0.193300074989602	0	0	0.216240085919184	0.109725164567815	0	0	0.0198032323909344	0.0129921595550537	0	0.00252801791695295	0	0.0764162644344796	0	0.00757953884637789	0	0	0.00250410834612121	0	0.45149790695424	0.905759191318418
TCGA-3G-AB14-01	0.0287148327801157	0	0	0.28532170126432	0.0921596190074978	0.0809248005938768	0	0.182406252943526	0.0356360995539405	0	0.0339309155743456	0	0.026435360000382	0	0.0681044129190852	0.052096666599658	0.100905139013631	0	0.0133641997496207	0	0	0	0.003	0.323446231232497	0.966494981269072
