B cells naive	B cells memory	Plasma cells	T cells CD8	T cells CD4 naive	T cells CD4 memory resting	T cells CD4 memory activated	T cells follicular helper	T cells regulatory (Tregs)	T cells gamma delta	NK cells resting	NK cells activated	Monocytes	Macrophages M0	Macrophages M1	Macrophages M2	Dendritic cells resting	Dendritic cells activated	Mast cells resting	Mast cells activated	Eosinophils	Neutrophils	P-value	Correlation	RMSE
TCGA-A5-A2K7-01	0.0378513272744443	0	0.0116406018646796	0.0314986763629594	0	0.129249640791019	0	0.0403495703419187	0.00880449191504521	0	0.0229587392301689	0.00848746059756792	0.000176657957208199	0.276201960548193	0.0181573113149532	0.21141133540108	0	0.060614815947754	0	0.142597410453009	0	0	0.14	0.0951502243203139	1.07906782608145
TCGA-FL-A1YI-11	0.067971752879927	0	0	0.156607309390469	0	0.181952510534989	0	0.017034528137495	0.0121821454514999	0	0.00453961576259357	0.133089373769981	0.0114097016451186	0.0461948068353851	0.00710763240117599	0.154161960611363	0	0.0339081221273528	0.17384054045265	0	0	0	0.191	0.0819179655048245	1.06930391625594
TCGA-EO-A3AS-01	0.191762175507657	0	0.24998584070032	0	0	0.114239746359344	0	0.0717348879506242	0	0	0.00818763914534402	0.0112140091683982	0	0.052945738021869	0.0428416258966187	0.13474627213877	0	0.10156447340754	0.0207775917035147	0	0	0	0.271	0.0643665151461492	1.04231522712386
TCGA-EY-A549-01	0.0276693660521777	0	0.0807661528703684	0.0805015773717568	0	0.0898044768270033	0	0.212318322818738	0.0600860090014381	0	0	0.0361930736267435	0.00624935056028588	0.217251484950643	0.0428764031443543	0.134831935763796	0	0.011451847012695	0	0	0	0	0.292	0.0602292532240755	1.07111217365695
TCGA-EO-A3B0-01	0.0372351053755345	0	0.0478695676484778	0.0912280832110701	0	0.0198455595595518	0.000869590445476463	0.0938062418147769	0.045100260798805	0	0.0369710332208291	0	0	0.429157196420495	0.0416105035341071	0.149851491864979	0	0	0.00645536610589749	0	0	0	0.002	0.36805994946363	0.94632399139407
TCGA-KJ-A3U4-01	0.0881353972159277	0	0.121819278325408	0.0853216520579197	0	0.127301233573679	0	0.107973599263009	0.0567984560545532	0	0.0396282925357975	0	0.00783432358653851	0.0448523117993997	0.185028750132832	0.0686798547934527	0	0.0406514529141573	0.025975397747325	0	0	0	0.0580000000000001	0.136868405098402	1.04613203164719
TCGA-EY-A2OQ-01	0.0298794578657233	0	0	0.0986580852551205	0	0.0517713643137027	0	0.0161852676871615	0.0569289031185359	0	0.0387604975693505	0.0720435731221907	0	0.409152011587727	0.0692788968446507	0.1047189323915	0	0	0.0526230102443368	0	0	0	0.34	0.0526375971412961	1.1134786027267
TCGA-PG-A7D5-01	0.101049399437973	0	0.107831822879111	0.162184183021305	0	0.0498250831470776	0	0.0937813741901617	0.0303837039171672	0	0	0.116625225022489	0	0.156793571192942	0.0683408598147265	0.0366767545845387	0	0.0144934166726513	0.062014606119858	0	0	0	0.791	-0.00545260499152836	1.09479450423038
TCGA-B5-A0JN-01	0.141528052451037	0	0.117090429152617	0.053212657035795	0	0.107935091738391	0	0.148863890149507	0.00327187768707919	0	0.0587095272009088	0.0613778609605878	0.00732520649513288	0.0215214374476069	0.00161692271136013	0.148449919385435	0	0.129097127584543	0	0	0	0	0.995	-0.0623156710663406	1.10535402688654
TCGA-FL-A1YU-11	0.0565124947113049	0	0	0.204525254168181	0	0.0288638068707846	0	0.08092680449228	0.0894856411672122	0	0.0414190403101102	0.125302802451374	0.0516810562095128	0.0230723394101602	0	0.0932602959906341	0	0.0664451816866489	0.138505282531798	0	0	0	0.608	0.0172445871545349	1.10372425007422
TCGA-EO-A3KW-01	0	0.025894580186513	0	0.00815136785692322	0	0.263683742951866	0	0.0235882953021002	0.0566906460278635	0	0	0.05908655441335	0	0.23256829922346	0.0709644992913867	0.147182062569751	0	0.0886773813987036	0.0235125707780822	0	0	0	0.028	0.184797031803435	1.02585350960296
TCGA-PG-A915-01	0	0.00525774524553673	0	0	0	0.254066438688806	0	0.0693967173608826	0.0633228155987971	0	0.0114157849782297	0.0737693550810996	0.0376893390125113	0.118315855109102	0.0675592838499037	0.0498178960723589	0	0.0389669143058057	0.197387410126008	0	0.0130344445709583	0	0.797	-0.00686826779568227	1.09456814806307
TCGA-D1-A3JQ-01	0.0740600213818773	0	0.0350139567373261	0	0	0.178403705973381	0	0.036505758101076	0.0680058752993796	0	0.0118787845926144	0.0943135244458743	0.0105885407138522	0.182783155792092	0.0125412064594017	0.204746731537089	0	0.0456919589783826	0.0454667799876542	0	0	0	0.154	0.0914207576302821	1.05393948222626
TCGA-AX-A2HH-01	0.285406523459875	0	0.0853063878138234	0	0	0	0	0.179160390246487	0	0	0.0199695363362875	0.0291221308279167	0	0.319130854049225	0	0.00412840484665339	0	0.0777757724197321	0	0	0	0	0.965	-0.0334194971847549	1.11984682319817
TCGA-AJ-A5DV-01	0.0426721398438696	0	0.167276598983483	0.0244930244124202	0	0.0575644788625491	0	0.0588671184846527	0.0455576214221026	0	0.0205939505337175	0	0	0.146160064021517	0.0233288579732518	0.216139337381177	0.0558870354957466	0.0061683969000298	0	0.042756577433143	0	0.0925347982523403	0.2	0.0798743496322667	1.04806253431873
TCGA-5S-A9Q8-01	0.138545096189455	0	0.0668044844017247	0.0635334516341858	0	0.0952489921980351	0	0.0926178344037961	0.0363033175421135	0	0.0503548574636735	0.0283278153459796	0	0.279903361687759	0.027200662513599	0.0969815324513406	0	0	0.0241785941683382	0	0	0	0.155	0.0906494631125113	1.05705748860426
TCGA-DI-A2QY-01	0	0.00293044762309938	0.00889808684334951	0	0	0.199259627123329	0	0.228009189311805	0.00573706430655401	0	0.0199557077711244	0	0.043614559947013	0.204445086040545	0.0142914408389385	0.0404430031215446	0	0	0.223048596628742	0	0.00936719044395594	0	0.763	-0.000933118140089087	1.09815411749423
TCGA-DI-A1BU-01	0.0610502138671176	0	0.0170615922385216	0.219307739237601	0	0.112791279673759	0	0.158060291234625	0.053257071117602	0	0	0.0654068525438291	0.00460465234559826	0.085441796718697	0.0694651509847213	0.121518181785491	0	0	0.0320351782524371	0	0	0	0.123	0.102001454634422	1.06444256731141
TCGA-FL-A1YF-11	0.102417361375931	0	0.00964010496394187	0.187739864474424	0	0.0518300058670805	0	0.0708303601524315	0.0372820999824775	0	0.217443757801267	0.0963077610064083	0.0156343178796489	0.0376557399601823	0.00632480216971934	0.104445561588309	0	0.00833431383470345	0.0541139489434753	0	0	0	0.003	0.343024556549523	0.96811027825064
TCGA-B5-A5OE-01	0.0103667764029669	0	0	0.007778118012224	0	0.111592636337312	0	0.132346407838535	0.0491333689110331	0	0	0.121257511784131	0.00315777316462157	0.283617386378622	0.0100796606138521	0.137601214027127	0	0.0498751409368389	0.0805781553830644	0	0	0.00261585020967232	0.294	0.0598543045155801	1.08433958517982
TCGA-AX-A3G3-01	0	0.00185723612985796	0.0241349547586563	0.0927527070972292	0	0.0860301707057908	0	0.0547217716474714	0.0799537605836506	0	0.0443754535081271	0.0583757656236779	0.0222730856787242	0.21308016022394	0.0844159061596498	0.212627972851398	0	0	0.0254010550318263	0	0	0	0.00600000000000001	0.286663380133247	0.975649791999825
TCGA-PG-A916-01	0.0476192495897185	0	0.123159808365649	0.0370600963293849	0	0.219936130325005	0	0.0384971993430171	0.07629309630844	0	0.0275108683691572	0.0346418299386739	0.00489674545435548	0.1799304840466	0.00137692469428982	0.124256687093848	0	0.0528155265830636	0.0320053535587982	0	0	0	0.421	0.0403471202254183	1.0642655163843
TCGA-DI-A2QY-11	0.0173871012513419	0.014556188117176	0.102836156089601	0.145415959542688	0	0	0	0.109527169971742	0.138639511937756	0.010657776355608	0.0236385956759388	0.0496864273513065	0.0565593876364233	0.194623460818755	0.0183962291474414	0.111328414505138	0	0	0.00674762159908485	0	0	0	0.608	0.0168524227915409	1.08232076080573
TCGA-AJ-A3NC-01	0.0905389982383596	0	0	0.02847578806429	0	0.162396167025281	0	0.132828709673529	0.129229797592247	0	0.0341950857112331	0.0223076440061315	0	0.0584836828080616	0	0.0594075379163888	0	0.0657659664641272	0	0.0559330792319685	0	0.160437543268383	0.678	0.00833716438771282	1.09766367020853
TCGA-FL-A1YG-11	0.193427568657372	0	0.0330716398776288	0.0326197786452365	0	0.229873145133503	0	0.00715482843335008	0.00537371703119836	0	0	0.0760666220584311	0.0165016664561648	0	0.00456605811996495	0.190632735308921	0	0	0.210712240278229	0	0	0	0.659	0.0103739200519196	1.08324916932943
TCGA-DF-A2KY-01	0.00793197459150198	0	0	0.13580666854334	0	0	0.0223359829520003	0.0869224556858288	0.0133216469939087	0	0.0929437725022149	0.0509589863651774	0.0882612764687401	0.0978017979892204	0.155650178407083	0.233931585901109	0	0	0.0141336735998754	0	0	0	0.00900000000000001	0.262576869149674	0.993905895188103
TCGA-AX-A3FV-01	0.00278727445687211	0	0.0530719992619151	0	0	0.0532618409701183	0	0.18435049685939	0.000549476366440037	0	0.0436344806906703	0.0104547685684432	0.00824080928858641	0.28813532337732	0	0.195691464196503	0	0	0.157935918356505	0	0.00188614760723606	0	0.409	0.0415421079067614	1.08728719660971
TCGA-QS-A5YR-01	0	0.00889330724757784	0.134168934537451	0.095115262290976	0	0.127091775916301	0	0.0259405222790363	0.0635859181291817	0	0.00974673249372524	0.0420607990165988	0	0.223023415753664	0.00141545944456888	0.219614017073494	0	0.00297597732435147	0	0.0146668901718641	0	0.0317009883212091	0.015	0.226891057633496	0.997773954273828
TCGA-DF-A2KZ-01	0.107871525398453	0	0.0403815757360111	0.0502798751749661	0	0.220133095756349	0	0.10991126209354	0.0284222340031501	0	0.00532887024304038	0.0147090724123711	0.0232179417501673	0.0612899886179531	0.109117298121949	0.149873056114428	0	0.019239192420826	0.0113190784818407	0	0	0.0489059336749537	0.143	0.0941626017254561	1.05160834289389
TCGA-A5-A2K2-01	0.0644726711395326	0	0.0220364266123498	0	0	0.123605887486994	0	0.100087945391543	0.0649651984627684	0	0	0.160834327363729	0.00332580993128835	0.180589147790804	0	0.0673413389076494	0	0.138842823287978	0.0738984236253635	0	0	0	0.791	-0.00535681227897657	1.10392295595904
TCGA-AX-A3FZ-01	0	0	0.0804611960407424	0	0	0.171273723120814	0	0.0977120758951895	0.0299223835700494	0	0.143861285104462	0	0.0729427629204473	0.281389742256568	0	0.0316204130881891	0.00105582353981797	0	0.0897605944637211	0	0	0	0.396	0.0441314135797242	1.07561472586423
TCGA-B5-A0JR-01	0.0642044111794187	0	0.0118290570769585	0.263179010528774	0	0.0528083908370965	0.00554324135285608	0.150784094941908	0.117669040117728	0	0.0653411437331764	0	0.0164208304417151	0.0386634566290734	0.0619016275427802	0.151655695618515	0	0	0	0	0	0	0.12	0.102700520998151	1.06917065166108
TCGA-AJ-A3TW-01	0.0184436590811915	0	0	0.0539892271800335	0	0.137779055254531	0	0.0329468671334371	0.0359764062373008	0	0	0.0413088297303031	0.0788038817945303	0.322282682016833	0.0765074371595936	0.187725316014842	0.0142366383974041	0	0	0	0	0	0	0.521503563556877	0.852562397697537
TCGA-PG-A914-01	0.0557497832160276	0	0	0.0495405239005678	0	0.0362470751043035	0	0.118752537407407	0.0512702412702332	0	0	0.0386265293436936	0.0116865853646207	0.419019489089217	0.0765306778662067	0.107117745271805	0	0.0354588121659173	0	0	0	0	0.035	0.166937079778893	1.05678760410616
TCGA-AX-A3GI-01	0.0662616538856582	0	0.0106409213292468	0	0	0.172196420055995	0	0.0932718383429374	0.0412447501336122	0	0	0.0262088706980073	0	0.301533263790731	0.0355280157362063	0.0475657224246303	0	0.196944316021118	0.0086042275818578	0	0	0	0.62	0.0149553078304205	1.11225738383638
TCGA-D1-A2G0-01	0.0556442504663064	0	0.00714492999945209	0.280453529028933	0	0	0.168458383113933	0.131704424063464	0	0	0.0774125919175747	0.0786553259001737	0.0289590620634364	0.051758263817118	0.017042941347584	0.0644158760093455	0.00105687234576689	0.00203288364981794	0.0352606662770947	0	0	0	0.033	0.170349281228725	1.04648754418514
TCGA-EY-A2OO-01	0.142804779201899	0	0.215629129488506	0	0	0.05150565424658	0	0.135857017718779	0	0	0	0.0668751207787205	0	0	0	0.191288162156973	0	0.13292221334891	0.0555574116061793	0	0	0.00756051145345354	0.637	0.0128209766395486	1.05710034496987
TCGA-A5-A7WJ-01	0.197274025561761	0	0.0531909928866156	0	0	0.0712615527348645	0	0.135244388128138	0.0957905055654452	0	0.0132287370912467	0.0405023677797292	0.00873284238858554	0.113918289849591	0	0.0524413910470552	0	0.194911881893093	0	0.023503025073875	0	0	0.995	-0.0637891455375531	1.11454448179736
TCGA-AX-A3G9-01	0.115185116044573	0	0.00152662592365643	0.182951715699717	0	0.013541801105594	0	0.219942997861507	0.00815405106996793	0	0	0.0884017644655209	0.0186085691763613	0.0015805383252548	0	0.0613839191339019	0	0.253476505784145	0.0352463954098009	0	0	0	0.988	-0.0502569706725812	1.13966413775602
TCGA-BK-A4ZD-01	0.12440257274394	0	0.0065225081910254	0.093012121345419	0	0.144635377131851	0	0.0665356021445169	0.0634919853660519	0	0	0.0555481937364197	0.0369012239564778	0.0654600915078698	0	0.214081237825293	0	0.0547738383750342	0.0680924349735725	0	0.00654281270252868	0	0.994	-0.0617009963115811	1.10497578891056
TCGA-B5-A3FC-01	0.0333645428749054	0	0.0863285796379351	0.0718603000559461	0	0.0996512770428622	0	0.0983873790155921	0.0289136755995026	0	0.0645976538915425	0.0389272812793983	0	0.125405238902583	0.0414279328644628	0.280812812988697	0	0	0.0303233258465727	0	0	0	0.044	0.151280036836431	1.0256845958023
TCGA-AJ-A3NE-11	0.103765485725523	0	0	0.0675765519346372	0	0.274763882580391	0	0.00513472206665059	0	0	0.0229195237213931	0.0430245836374514	0.0228634553815183	0.0269812833140425	0.0556336434250192	0.0885714137575648	0	0.089307793679025	0.178065681120519	0.0173173381351074	0	0.00407464152115662	0.214	0.0755584956855173	1.06011514355025
TCGA-AP-A3K1-01	0.0211529126625773	0	0	0	0	0.32775637955067	0	0.0834022737870573	0.035418008124647	0	0	0.166332948086636	0	0.222570347763102	0.0025285906207492	0.102712484116665	0	0.000945820862609193	0.0297627996403552	0	0	0.00741743478493064	0.391	0.0448743489006584	1.10669750585607
TCGA-EY-A3QX-01	0.138000749933811	0	0.0419154863313248	0	0	0.212644388264666	0	0.0725584719318726	0	0	0.068005127724549	0	0.0148291886041527	0.0242300684722447	0.00940955060590205	0.199048400692063	0	0.207630658354032	0	0	0	0.0117279090853826	0.265	0.0663018028327014	1.06127283571824
TCGA-AX-A0IZ-11	0.108950117012333	0	0.0481499067719823	0.0499821693386561	0	0.131410890244989	0	0	0	0	0.0143051712791124	0.0518668232297554	0.0232652080576739	0	0.00436239366417463	0.205195597796936	0	0.00313994171239414	0.359371780891993	0	0	0	0.171	0.0870427812029385	1.06597974113612
TCGA-AX-A05W-01	0.00223692212987549	0	0.0271325023896601	0.0401304068102228	0	0.0187217646006818	0	0.057011163691038	0.0610536133479644	0	0	0.0569110434193144	0	0.530870598593187	0.0106440043261425	0.18749179893693	0	0	0	0.0077961817549839	0	0	0	0.615120628359986	0.788955044427865
TCGA-AJ-A3BI-01	0.00727137384033017	0	0	0.112521978075691	0	0.0699626917805352	0	0.0654715182603055	0.0853715124596629	0	0.0185057174494652	0.0840117129849471	0	0.17387880789764	0	0.243704973806379	0	0.0870795085573808	0.0522202048876628	0	0	0	0.01	0.254548448553718	0.989427447468141
TCGA-EY-A2ON-01	0.0172043373169238	0	0.174606373765907	0	0	0.141884073218187	0	0.0167252125748111	0.0257781424968904	0	0.0964643267996784	0.0115814882122977	0.0605731105523959	0.0693504826204121	0.0422487551635643	0.229085667170382	0	0.0951759923750453	0.00678297926352008	0	0	0.012539058469984	0.321	0.0555509504107612	1.05139737633547
TCGA-AX-A3FS-01	0.00134809835568848	0.00206123733895168	0	0.0958673027607251	0	0.0055979458131462	0	0.170069392672998	0.0678865472114312	0	0.0554778297220744	0.040508085394749	0.0647976421121872	0.124267406154048	0.109548227497534	0.100059259118015	0.00580678695048546	0.00265256546494746	0.122044422544508	0	0.0320072508885111	0	0.756	6.41812385329781e-05	1.09044418240038
TCGA-SL-A6JA-01	0.0974948258271275	0	0.104094359487925	0.075973087678223	0	0.0600839694936675	0	0.191985291600018	0	0	0	0.0852393448657011	0.0141849104630755	0.0110930609144177	0	0.186566317649623	0	0.14065595675897	0.0326288752612528	0	0	0	0.727	0.00377911366001593	1.07664572147843
TCGA-B5-A0K9-01	0.0376677947823662	0	0	0.0708566001945277	0	0.17908806686497	0	0.0246680319031669	0.0804153539281276	0	0.0241743172697094	0.0069301996231315	0	0.413326318679724	0.0726316301053262	0.050076797375022	0	0	0	0.015909229262454	0	0.0242556600114743	0.054	0.14428511953976	1.06509401443034
TCGA-AX-A2H4-01	0.00243758197962934	0	0.0240196586496767	0.151791128786202	0	0.161197771653937	0.029205114456538	0.0962971077117102	0.028024923108143	0	0.0749972299644196	0	0.00363408468653604	0.0379015485394404	0.148184365507075	0.198942762589947	0	0	0.039641257256364	0	0	0.0037254651103814	0.001	0.382210982229747	0.928391988854411
TCGA-AJ-A3EJ-01	0	0.00820294806244894	0.0694836857597395	0.0111370349640819	0	0.105326795458965	0	0.0454497372879824	0.0267299356103333	0	0.0307353065778092	0	0	0.436988300509056	0.0281731103499148	0.205153817666027	0	0.0270222192253301	0.00559710852831088	0	0	0	0.039	0.158239996074459	1.07028744882127
TCGA-AJ-A3NC-11	0.0674229087690278	0	0.0180461768026581	0.0797442075145593	0	0.1991285884248	0	0	0	0	0.0147441637959882	0.0146403076958114	0.0268731927534198	0	0.0399334542623256	0.231211622441621	0	0	0.303259873554999	0	0	0.00499550398478967	0.368	0.0489416199023583	1.0735928478878
TCGA-EY-A1GP-01	0.0540713800129367	0	0.0985299023041331	0.0513226560944042	0	0.119876976555442	0.00627728597155113	0.145023000198145	0.000737486239409433	0	0.0714525127979649	0.0275417593142807	0	0.116189777262373	0	0.151116729736453	0	0.0645805309720394	0.0932800025408679	0	0	0	0.381	0.0469621827766414	1.05569518361173
TCGA-EO-A3KX-01	0.0932550978072704	0	0.0922388809809605	0.0146709509993982	0	0.0637717748624624	0.0126587727259009	0.233672930290811	0.00334591389403028	0	0.038833795881513	0.0214853798644171	0	0.222315597434531	0.0592070357274547	0.138968750230758	0	0.00195750295890917	0	0.00361761634158278	0	0	0.692	0.00682315644957939	1.08633535237117
TCGA-AJ-A3BH-01	0.113848533060295	0	0.00509281209354274	0.145472030078216	0	0.148778360989076	0.0379712325514679	0.145910537042691	0.0429317862017213	0	0.0481209303822574	0.0032019414949321	0.00868410947129497	0.0748956221299622	0.0694247192002451	0.143501813961835	0	0	0.0121655713424632	0	0	0	0.769	-0.00159870867922865	1.0990006416142
TCGA-D1-A3JP-01	0.136328524729398	0	0.04175123547652	0.0513874676573309	0	0.211332325763539	0	0.0481713011442494	0.080416853818824	0	0.00999297438933842	0.00514426624280007	0.00994067804724003	0.0164018461274227	0.0321951969627214	0.343460325902614	0	0.00115208652056267	0.0123249172174398	0	0	0	0.024	0.19887957404388	1.00669698091131
TCGA-AJ-A3NF-01	0.0819596768542262	0	0.00368420254270039	0.0630908931354759	0	0.273485826011324	0	0.0520733193743134	0.0549645885036484	0	0	0.0199816649425632	0.0245160939736465	0.0838726143738026	0.124277307249094	0.166954250023445	0.0059071102447417	0.0217757335901843	0.0234567191808345	0	0	0	0.03	0.180563400269797	1.02164876134413
TCGA-FI-A3PV-01	0.00300063801484936	0	0.00101874637814619	0	0	0.197391531737343	0	0.115238333538525	0.0985166064040136	0	0.053654802612272	0.0302377642296799	0.0430806798798207	0.129071130259565	0.00791718366652794	0.089726744112103	0	0.0176810730341091	0.204409857894393	0	0.00905490823865126	0	0.83	-0.0107300469407445	1.09332761297004
TCGA-AX-A05Y-11	0.0918120014109311	0	0	0.075383214340756	0	0.217507981810996	0	0.0304011011286471	0.0129494997741409	0	0.026964709145683	0.0246642312145751	0.0258707759577748	0	0.0176153933828065	0.22328280304274	0.015490829683563	0	0.238057459107387	0	0	0	0.268	0.0647988822152885	1.06118804425494
TCGA-EY-A54A-01	0.044668729296312	0	0.0482974631418902	0	0	0.248108710721016	0.0216857594839532	0.0918958162591499	0	0	0.0390339743901124	0	0.00730233738526486	0	0.0977636005087312	0.356090036397586	0.00548789473087703	0.00897431543609359	0.0306913622490139	0	0	0	0.228	0.0737935346245224	1.05915331234905
TCGA-EO-A22U-01	0.0929461280117753	0	0.114850510420161	0.149061299553783	0	0.141345362916285	0.0126118020222724	0.106431764942102	0.0372538866503769	0	0.0532212461455486	0.016184696404257	0.0022786031090386	0.160988769974204	0.0447431444590421	0.0632271502489217	0	0	0.00485563514223184	0	0	0	0.566	0.0229374570428076	1.08056093342627
TCGA-D1-A3DH-01	0.117573781840756	0	0.0213583412976004	0.00322562119881005	0	0	0	0.118655633711192	0	0	0	0.0500065139131123	0	0.514890406252757	0	0.0487377879926852	0	0.113190979611258	0.0123609341818295	0	0	0	0.0669999999999999	0.130328961509494	1.0934253364993
TCGA-FL-A1YQ-11	0.149566244449747	0	0.0462988805832647	0.179009550599937	0	0.124463448039947	0	0.153385917945987	0.0186546152409073	0	0	0.0757290002936064	0.0167517421488858	0	0.0443951137188613	0.153405405238327	0	0	0.0383400817405308	0	0	0	0.429	0.0388166802433544	1.08440098292288
TCGA-SJ-A6ZI-01	0.0386846880249407	0	0.0279630405651418	0.105649372705464	0	0.276313307082745	0.0118359476502197	0.12077738198241	0.02576354323755	0	0.0986338205886405	0	0	0.0605083411368896	0.0645631156157003	0.0928845168516985	0	0.00202133967919924	0	0	0	0.0744015848794002	0.055	0.142701600967046	1.04570191238748
TCGA-DF-A2KR-01	0	0.00647271758045895	0.00511159944251793	0.206980188561141	0	0.0394601890611368	0	0.032968820111345	0.0896338384427917	0	0	0.0525956463192467	0.0453283765025401	0.229694561714654	0	0.143230113928792	0	0.0567207961978928	0.0491712370717086	0	0	0.0426319150657738	0.123	0.102003150768005	1.05866104675277
TCGA-AJ-A3NH-01	0.101779194722286	0	0.279500135891412	0.148090315348493	0	0.00326057196880375	0	0.127897603302634	0	0	0	0.0875461381080814	0.0217909012417845	0.0600318959089162	0.00519167224925905	0.055981251110029	0	0.102795407440116	0.0061349127081854	0	0	0	0.8	-0.00731506181913187	1.07204033728366
TCGA-EY-A1GL-01	0.149832878534781	0	0.177318722206891	0	0	0.0240737444916137	0	0.0552803132650892	0.0231546440276969	0	0.0346345146386088	0	0.0103403118883432	0.0308881865155461	0	0.0582184398532313	0	0.274439398006363	0	0.150935348815184	0.00659510441085063	0.00428839334580179	0.352	0.0510430575347323	1.07248441048225
TCGA-AX-A3G4-01	0.139929320585489	0	0.0820346262890707	0.00574621566900678	0	0.266767675484933	0	0.0506602239104434	0.0508059841693143	0	0.0289974882994861	0.0083647935447318	0.0172968018577586	0.111370274059544	0.0107869574789149	0.117994440263336	0	0.0694230271643682	0.0398221712236041	0	0	0	0.768	-0.00139704831809662	1.07636944741126
TCGA-SL-A6J9-01	0.0254091996320219	0	0.025680268351638	0.0976631827850322	0	0.10904607760241	0	0.0765520407033465	0.0582571016613484	0	0.0257992651172028	0.0174003425397507	0	0.206496681992958	0.106869599022589	0.226171965471352	0	0	0.0246542751203512	0	0	0	0	0.427102136694205	0.904439252715981
TCGA-BG-A3EW-01	0	0	0.337941049421808	0	0	0.0829978807817599	0	0.164659819482249	0.00912888490955181	0	0	0.0296170886034274	0.00814654535890883	0.217840332092077	0.000650730322685878	0.0353581751463323	0	0.0956749713430076	0	0.0171694731036432	0	0.000815049434549869	0.154	0.0914645496343654	1.03667433529569
TCGA-A5-A2K3-01	0.0119707261557498	0	0.064902729469575	0.352783694459408	0	0	0.0683310847079608	0.072692206795399	0.0507638867423736	0	0.127368407676522	0.00760242421938948	0.0169209054025058	0.00534659521263986	0.0449715450061255	0.164343256166987	0.00102695760373911	0	0.0109755803816255	0	0	0	0	0.570978258129425	0.822270868200077
TCGA-B5-A5OD-01	0.0044672598578871	0.0104772403456844	0.0151568312895299	0.110056256377502	0	0.0898965329272429	0	0.0404691586458593	0.138879395853488	0	0	0.0829115547333077	0.0579940247908048	0.202048292775895	0.0136078731064444	0.197491323939639	0	0	0	0.036544255356715	0	0	0.00700000000000001	0.273357342490765	0.981693971520774
TCGA-B5-A5OC-01	0.0686299774422103	0	0.0372987467694627	0.104512586625159	0	0.137512554817369	0.0656780093740979	0.154192039897417	0.0177307793388775	0.0101774879568517	0.0267609880043411	0	0	0.0315393876055482	0.111650055828961	0.196403509426143	0	0.0112247896064646	0.0266890873070975	0	0	0	0.005	0.30642740999259	0.96005970556232
TCGA-EY-A1GX-01	0.15755650065195	0	0.0691852071191348	0	0	0.0961081426704392	0	0.170736300892863	0.00899363664122106	0	0	0.0572668014278252	0.0511897883472195	0	0	0.273610983172061	0	0.0919255370241028	0.0234271020531834	0	0	0	0.991	-0.0569246447849341	1.09659340695788
TCGA-E6-A8L9-01	0.00288296464177788	0	0.0327159564364776	0.103603763567487	0	0.171956034308467	0	0.0391187445996252	0	0	0.0925561686071577	0.17259615821521	0.0049240663381483	0.0801490973504911	0.0223305053351301	0.11414900099046	0	0.0325354906256024	0.130482048983965	0	0	0	0.025	0.19554843009607	1.03594468956352
TCGA-BG-A0MK-01	0.0200563521820968	0	0.191690394471621	0.13444275374787	0	0.1255472999535	0	0	0.12311897391521	0	0.00161974511690358	0.065421139195512	0.0320593006551475	0.0184083102610471	0.00763016707065765	0.221689889781535	0.0052534771600763	0.00992077706964541	0.0397400281846787	0	0	0.00340139123449927	0.47	0.0341683800486145	1.06010932420775
TCGA-AX-A3GB-01	0.0409946471961159	0	0.0138627086752858	0.27393266521445	0	0.174525663519764	0	0.0764990921662005	0.127745090050122	0	0	0.0357895972509947	0.0142145123725296	0	0.0624102844053736	0.165906705376678	0	0	0.0141190337724857	0	0	0	0.113	0.105591077028136	1.07476328030339
TCGA-E6-A2P8-01	0.0365727418731374	0	0.0442488800008933	0.0941390668814208	0	0.114262893443357	0	0.124573376292914	0.0486915675754213	0	0.0205443562841382	0.0130238494964985	0.0131755580226179	0.142830593082231	0.130412458895448	0.202470633499269	0	0	0.0150540246526531	0	0	0	0.005	0.308420839996861	0.961931913437834
TCGA-QF-A5YT-01	0.117119879189005	0	0.108996048140426	0.18800131323468	0	0.000635601732325313	0.0487634950373003	0.0755884290950184	0.00929703415311339	0	0.0722065964127578	0.0550766230978405	0.0334283068317407	0.0998090090614706	0.0110089920870512	0.099708594752399	0	0.0581936091989371	0.0221664679759347	0	0	0	0.972	-0.0353834085240799	1.09596566447955
TCGA-5B-A90C-01	0.154896335400256	0	0.0814862044777592	0.0206789813403313	0	0.0176119761157849	0	0.122166996121059	0.0193239607255084	0	0	0.0587425780103016	0	0.140232275314981	0.0493893883114571	0.143945591650904	0	0.144716059486083	0.0468096530455742	0	0	0	0.797	-0.00680069562183528	1.08529723504356
TCGA-AJ-A3OK-01	0.0456467702136153	0	0.0419558383131957	0.126112235542279	0	0.315130749502779	0.0015739254861199	0.0266629389720088	0.0395566204976379	0	0.0208043915650435	0	0.0143325280385065	0	0.0274881679353512	0.293275764826009	0	0.00660040634468735	0.0408596627627666	0	0	0	0.018	0.208162116201218	1.00628799830723
TCGA-AX-A3G1-01	0	0	0.200645372246196	0	0	0.055440892425554	0	0.0988890266825847	0.0697341561591492	0	0	0.0476071068273777	0	0.25786847117374	0.0914620020653578	0.121225278882722	0	0.0277906349740603	0.0285680584587941	0	0	0.000769000104464521	0.011	0.246138912180228	0.986372296584898
TCGA-SJ-A6ZJ-01	0.0565597366765207	0	0.00148264415758324	0	0	0.271899024937752	0	0.0922094571877628	0.15249142874159	0	0.0274258538152571	0.0601477164953507	0.0722394823502229	0.147596203541175	0.00815837743864566	0.054457817391829	0.00999975557550749	0	0.0283847624569677	0	0.0169477392338355	0	0.49	0.0314884978906291	1.08750836516637
TCGA-K6-A3WQ-01	0.0978850073782148	0	0.0450499942393034	0.0241655959367259	0	0.0430956062728218	0	0.162856756587995	0	0	0.0150591578376463	0.0989933022406843	0.000684684287421711	0.00475388691088416	0	0.123804520502402	0	0.337520600068584	0.0262869534802497	0	0	0.0198439342570667	0.133	0.0979315767736764	1.07095729474318
TCGA-EY-A3L3-01	0.18110004411317	0	0.092540236651008	0.19746390358213	0	0.0991138568320748	0	0.0996602994236216	0.00217418187524627	0	0	0.056526697210955	0.015015480567825	0.0969336730230318	0.0648444937264247	0.0528860478386146	0	0	0.0417410851558982	0	0	0	0.895	-0.0199108356193935	1.0988874092895
TCGA-AJ-A3BK-01	0.00576507256673859	0	0	0.118200327555097	0	0.125230338761965	0	0.0573400597543151	0.161250117580826	0	0.0688461600769907	0	0.00578504342520587	0.269451757409847	0.0127580291153707	0.134948946431585	0	0	0	0.0404241473220588	0	0	0	0.5404061950845	0.841941758236436
TCGA-KP-A3W0-01	0.0631541929854901	0	0.00388777256352958	0.0297821214584116	0	0.152884968796478	0	0.107583386212269	0	0	0	0	0.00160367485021466	0.202804846212504	0.138654798114588	0.217717314197792	0.0435404899464784	0	0.038386434662245	0	0	0	0.015	0.226351826006151	1.00586519665913
TCGA-AX-A2IN-01	0.09537433077337	0	0.110587686845759	0.0969562581884281	0	0.0420067126894864	0	0.107269126524307	0.0316615313023108	0	0	0.0217874867687865	0	0.101920418011756	0.113527847737764	0.276586943008254	0	0	0.00232165814977893	0	0	0	0.033	0.169181478212196	1.01890764652763
TCGA-BG-A2AD-11	0.00594186852525997	0	0.00679200410039233	0.113446358137823	0	0.14543703767915	0	0.0465011506208063	0.00652053068163045	0	0	0.0546773771803744	0.125778173248991	0	0.0341694768059435	0.21308224933654	0.00670734359569636	0	0.240946430087392	0	0	0	0.403	0.0429108160675525	1.07158584982684
TCGA-AJ-A3QS-01	0.106378821986578	0	0.0497082794969801	0.100227756949315	0	0.169020166372367	0.0382967488025722	0.112401097897483	0.037451773579725	0	0.0379371617607357	0	0	0.11116313287557	0.110517781780301	0.0946608609154499	0	0	0.0240044257157921	0	0	0.00823199186713027	0.069	0.128204076165202	1.03819209938334
TCGA-EY-A210-01	0	0.0571747073806147	0.0154632970746437	0.0872703642632288	0	0.0233466249193172	0	0.187778018230121	0.00325258606166688	0	0	0.0561110385549922	0.00989235179614628	0.250100401399244	0.086308147751933	0.191738170708108	0	0	0.0315642918599845	0	0	0	0.011	0.246803077372341	0.994340601251813
TCGA-DI-A1C3-01	0.0045033239709539	0	0.0130819697779924	0.227796147927556	0	0.114638199185638	0	0.0926171250764896	0.179084745214509	0	0	0.0605697748059362	0.0559131061870673	0.0366479103674647	0	0.097957897309341	0.00228941285445902	0	0.100854031966636	0	0.0140463553559582	0	0.08	0.119046661135978	1.05884437324482
TCGA-AJ-A3EL-01	0.100221175132496	0	0.0671626194088497	0.185472023388118	0	0.137730202160327	0.0370289142542038	0.156452178732392	0	0	0.0475710751145432	0.0050829367679971	0.00656503244507388	0	0.13631970747911	0.0926918778603305	0	0.00349379822845406	0.0242084590281045	0	0	0	0.041	0.155403033527357	1.03954121516434
TCGA-AX-A2HC-11	0.16099238895541	0	0.0906088969008661	0.121044715714498	0	0.211256150279209	0	0.0134436325123739	0	0	0.0197194323271457	0.0303044530212517	0.0250220449825679	0.00259127603971471	0.0459834094801198	0.169203091483144	0.00153402873697225	0.0122186380780942	0.0960778414886321	0	0	0	0.208	0.0778551138658444	1.04727937659839
TCGA-A5-A3LP-01	0.0273707599118132	0	0.0455945268628679	0.0395736047776529	0	0.0547404509157865	0	0.0643314696797971	0.0208285665581966	0	0	0.0602818031554999	0	0.50303788026755	0.0420284736969302	0.0902262327082629	0	0.0255344876401136	0.0264517438255298	0	0	0	0.012	0.240368314326545	1.03010311727412
TCGA-FL-A1YT-11	0.129674510234788	0	0	0.178245831465927	0	0.138394201038291	0	0.0693402354964953	0.0593000475186333	0	0.0356587998661086	0.043668120669722	0.0239192213606518	0	0.00113660718999881	0.178259315975701	0	0.00980974326275066	0.132593365920933	0	0	0	0.481	0.0326352500645671	1.08201557440083
TCGA-EO-A22Y-01	0.008319431328591	0	0.00139025838849652	0	0	0.44909142217187	0	0.0608620319713078	0.0905425944306398	0	0.0168215637430857	0.101146126549173	0.0651804912595351	0.140359348114853	0	0.0642245222014902	0	0	0	0.000304826302242967	0.00175738353871515	0	0.651	0.0112980564542419	1.12330787977151
TCGA-AX-A3FT-01	0.00490028990649165	0	0.0326053143681369	0.399184608009361	0	0	0.0285356662397073	0.148829633083882	0.0178257617729495	0	0.1206989724042	0.0388260769832538	0.0232802224161161	0	0.0617693077655539	0.089769460897291	0	0	0.0337746861530568	0	0	0	0.004	0.317375061806467	0.981994985725036
TCGA-A5-A2K5-01	0.0112360285401707	0	0	0.0857820919130452	0	0.0566149642702786	0	0.0452553630392389	0.132257775885304	0	0.0486457637897895	0.000308595643543723	0.0490053641261689	0.16115051420036	0.0888674967824869	0.253528470462898	0.0143911740651911	0	0.0529563972815235	0	0	0	0.038	0.162062516411662	1.02736547108138
TCGA-DF-A2KN-01	0.0124645294264868	0	0.0011422903175071	0.104305030929897	0	0	0.00281794962290981	0.097460761449015	0.071646481539594	0	0.0463442042037799	0	0	0.374415530862001	0.0284200529379075	0.202364328848662	0	0	0	0.0586188398622392	0	0	0	0.411031010207623	0.920655544633985
TCGA-AJ-A2QM-01	0	0.00408210093265475	0	0	0	0.213779492932456	0	0.0606641828235912	0.14757773097393	0	0.0559997415929268	0.0427812701453503	0	0.431921439116265	0.000576437327427101	0	0	0.0287436669105064	0	0.0138739372448918	0	0	0.379	0.0473735721668818	1.11970840917856
TCGA-AX-A3FX-01	0	0.00787754417903121	0.0749696455756103	0.0478699260687063	0	0.283978848117962	0	8.431703645557e-05	0.0570994760768096	0	0.0411521637733225	0	0.0119064107546269	0.334834616168674	0.0288501707712297	0.0976842051418407	0	0.0124160499247888	0.00127662641094211	0	0	0	0.018	0.209296105576081	1.01752418275459
TCGA-AJ-A3I9-01	0.122720283820278	0	0.0427614448109145	0.00727711704815294	0	0.186889825612187	0	0.0203915140174769	0.10155745108723	0	0	0.0618740444189487	0.00211996628982323	0.0530455831124467	0.0192147545353869	0.279632686538518	0	0.0588863729436823	0.0436289557649554	0	0	0	0.965	-0.0331310040244249	1.09368389432387
TCGA-AJ-A3EM-01	0.179115288807274	0	0.126249197026271	0	0	0.0940306052057945	0	0.0342779685187756	0.0136808563941514	0	0	0.0487719555314954	0	0.256609740377193	0	0.0672478291928528	0	0.119365354152928	0.060651204793265	0	0	0	0.988	-0.0501647088470174	1.10319614838852
TCGA-FL-A1YH-11	0.0203647120688894	0	0.000718958516251353	0.194518704634531	0	0.0712735944604436	0	0.160299384876144	0	0	0.22776278803148	0.163813134069052	0.032073197096965	0.011082956925389	0	0.0521775769227079	0	0	0.0659149923981458	0	0	0	0.017	0.215991583622602	1.08365507906074
TCGA-KP-A3W4-01	0.0281531788531672	0	0.063902125616512	0	0	0.18739122012322	0	0.12006700928193	0	0	0.0315511893012407	0.0339092199189981	0.0170655771208806	0	0.031237399688385	0.216916645156674	0	0.204958887742933	0.0648475471960608	0	0	0	0.098	0.111057604863539	1.04131789285745
TCGA-PG-A5BC-01	0.178553657450946	0	0.151053313645277	0.0439746867425234	0	0.15207726526538	0	0.0669418576035887	0.0707012291923589	0	0	0.0613165025433385	0.00707961706395802	0	0	0.0974630626548785	0	0.148463018252186	0.0223757895855652	0	0	0	0.66	0.0101055416018441	1.07477042174363
TCGA-B5-A3FD-01	0.0072278591762143	0	0.0161866992844712	0	0	0.22219122405282	0	0.0183980373959818	0.13008249012834	0	0.147139758876159	0	0.0678317772398327	0.214329815897813	0.0141904937747118	0.0977593524758256	0.0149752739644858	0	0.0496872177333455	0	0	0	0.594	0.0193090472343785	1.0890374477637
TCGA-E6-A2P9-01	0.0649404767393328	0	0.0546359341669048	0.20880065942005	0	0.107814458584107	0.0179853638037769	0.166229439923437	0.0448717132986649	0	0.0243036617988748	0.0116837058519307	0.00179092148797758	0.120113329175178	0.0558994298886298	0.0986616127157553	0	0	0.0222692931453804	0	0	0	0.303	0.0584900847468799	1.07462525043929
TCGA-B5-A3FB-01	0.0844880872280104	0	0.0550770795225191	0.159442577900895	0	0.0357713551466424	0	0.0504046755172272	0.0979863326046949	0	0.00971790884854728	0.0292990618658379	0	0.252933908247868	0.0735250172777054	0.117366720355967	0	0	0	0.022052109233308	0	0.011935166250777	0.364	0.04950355175298	1.07824967974883
TCGA-QS-A8F1-01	0.0655932466578313	0	0.037379759443374	0.0219820008588189	0	0.0881791153392241	0	0.275135666012854	0.0321706516778164	0	0	0.0984902786564701	0.0160498212800197	0.0477769163639977	0.0167970617436307	0.233560408930183	0	0.000180114885065965	0.066704958150714	0	0	0	0.534	0.0269069264271572	1.08072736833038
TCGA-FI-A2EY-01	0.139812974815935	0	0.0199425320530586	0.00978217787878189	0	0.0549244227135557	0	0.122083891343032	0.0381618401436682	0	0	0.0871973674821243	0.00133326575514517	0.26309868522365	0	0.168120441299099	0	0.0859090128212757	0	0.00963338847067492	0	0	0.832	-0.0114185779597344	1.10910010947453
TCGA-BK-A139-02	0.0679664333565498	0	0.0609042843884989	0.00974581891361135	0	0.00792508363466816	0	0.0531590170385569	0.0354320461142916	0	0.0538418204531654	0.00485452813194234	0	0.544897733121493	0.0175047920204692	0.122465864278295	0	0	0	0.0213025785484578	0	0	0.023	0.202652245683855	1.06531581831779
TCGA-EO-A3KU-01	0.0627579101698329	0	0.0609268860598876	0.0744505517497983	0	0.178157857717182	0	0.152300954828143	0.025151789369758	0	0	0.0596371478899033	0.0216366499394149	0.178056932500891	0.0103650869542859	0.0705351600156161	0	0.0937580516169559	0	0.0041425030987066	0.00812251808962449	0	0.317	0.0559919437276428	1.06919725928697
TCGA-B5-A11R-01	0.060586473840448	0	0.0735713424362464	0.164648424510142	0	0.134127748251933	0	0.18513567253444	0.0292492378750672	0	0	0.0426082837323828	0.00513109626718257	0.0261322107641832	0.0557477332149624	0.175143123488098	0	0.0344211686763927	0.0134974844085217	0	0	0	0.372	0.0481369878694806	1.07503531734905
TCGA-B5-A1MS-01	0.129668691678419	0	0.0539676059918888	0.0457533009858847	0	0.0158469450937329	0	0.177223310627344	0.0060930023500555	0	0.0306116833597196	0.143170746069973	0.0265442488269386	0.160383273446266	0.0135116003398724	0.0468803347193504	0	0	0.150345256510555	0	0	0	0.913	-0.0231251288175841	1.10405591946773
TCGA-A5-A3LO-01	0.164866185569896	0	0.0682075233114769	0.0385196649172487	0	0.184611164421316	0	0.0249436258659256	0	0	0.0174659135439011	0.00737556623987515	0	0.182102011450097	0.024925057208483	0.0875723641990717	0	0.134282503431164	0.00795931864826066	0	0	0.0571691011932838	0.389	0.0454283296934725	1.06923485350532
TCGA-KP-A3W1-01	0.0271161361087524	0	0.0230398079179991	0.193213064136982	0	0.088246882640051	1.07964010289661e-05	0.142169959286625	0.0559411502019156	0	0.04587723707641	0.032797196226755	0.0132889978354073	0.0247282653505372	0.129699766299943	0.190278417779102	0	0	0.0335923227384921	0	0	0	0.015	0.226810096528994	1.00599065287897
TCGA-A5-A1OH-01	0.236592243895891	0	0.29131477448333	0.00365341129381408	0	0.110410997470995	0	0.00349348678921824	0.00309644680087462	0	0.0161309442517196	0.0269292552580931	0.00592060755584338	0.148710446953583	0	0.144055909711851	0	0	0.00969147553478797	0	0	0	0.88	-0.0178361753036397	1.07805940009198
TCGA-AJ-A3OJ-01	0.035291322215313	0	0.0380586364300378	0.16311438953742	0	0.126986789141383	0.00218347918928846	0.0692446343554588	0.0224766076099997	0	0.0280345524291073	0.0292633531928444	0	0.176272504943557	0.0413516151259777	0.229210705349146	0	0	0.0296342425370848	0	0	0.0088771679433814	0.0679999999999999	0.128641774123563	1.04256012397638
TCGA-A5-A2K4-01	0.13556308365673	0	0.0481494109589168	0	0	0.175498285989071	0	0.123250797795449	0.0388165314059491	0	0.0378208689630153	0	0	0.161101417118336	0.0179138041119106	0.181257633031153	0	0.0151202699447227	0.0655078970247461	0	0	0	0.471	0.033790966718726	1.06738634838359
TCGA-AJ-A2QO-01	0.031111281346051	0	0.0505027109139592	0.0139159507439761	0	0	0	0.125285722046676	0.0469024213396183	0	0.0509071520812513	0.0434833778397227	0	0.459242922171641	0.0471336303625069	0.119011600283987	0	0.0125032308706093	0	0	0	0	0.027	0.187935624480972	1.0512128573298
TCGA-AJ-A3NH-11	0	0.0115629331118868	0.0736165915057194	0	0	0.2681868201857	0	0.0688585729885549	0.0535924992853871	0	0.117511201428738	0.00515540297405626	0.0597979146577838	0.0862594321228914	0.0261497998847303	0.0153203179259056	0	0	0.213988513928646	0	0	0	0.896	-0.020030606081053	1.09484265851065
TCGA-EY-A4KR-01	0.00538666568625591	0.0127804853248138	0	0.0435401210244262	0	0.14886564006199	0	0.0361027900924776	0.0989594042904228	0	0.0257102842805948	0.0339799215110833	0	0.263230373909623	0.161419821588317	0.149042918441386	0	0	0.0209815737886096	0	0	0	0.00700000000000001	0.276337200200512	0.990358858507942
TCGA-BG-A3PP-01	0.0893833905527364	0	0.0421355934577297	0.0357614562728576	0	0.216886424265671	0	0.0409579264865895	0.0336641694813888	0	0.0175205403367533	0.0120936745722817	0.00373666694961227	0.056933279954227	0.11658606831533	0.307501938320214	0	0.0141010105022582	0.0127378605323512	0	0	0	0.312	0.0569717854532785	1.07095459083283
TCGA-AX-A1C7-01	0	0.0393876430999737	0	0	0	0.120609466160471	0	0.0698382337546439	0.0567783762517801	0	0	0.123221307160485	0	0.374737676903361	0	0.145292534136072	0	0.0465237700648748	0.0236109924683381	0	0	0	0.083	0.116582255006914	1.07765544297015
TCGA-AX-A0J0-11	0.18534909830944	0	0.0527198640263807	0.0686183089159317	0	0.175215864941027	0	0.0993812732772651	0.0465585109889457	0	0	0.0417455588954325	0.0143719124532901	0.0291184955799736	0.0515403804769029	0.0860154829020726	0	0.00691389375384894	0.14245135547949	0	0	0	0.368	0.0490169822184135	1.06399881207908
TCGA-BK-A4ZD-11	0.168913955265187	0	0.0279348695307963	0.0658384570764166	0	0.138194048064499	0	0.0225081860043229	0	0	0	0.063205605713216	0.0209936949248544	0	0.00480036103423247	0.183768648843382	0.0138511555095705	0	0.289991018033522	0	0	0	0.642	0.0117463784326299	1.08772437285681
TCGA-A5-A7WK-01	0.134351803740928	0	0.176183116969556	0	0	0.0645856788335128	0	0.098807598310318	0	0	0.0498052396757334	0.0380900522734227	0	0.147057754278508	0.0407314488565899	0.158010080859916	0	0.0632797302490636	0.029097495952451	0	0	0	0.547	0.0255279324527688	1.05996775278394
TCGA-AX-A3FW-01	0.0407626171367002	0	0.0236365976394901	0.0193874237786438	0	0.321927890957548	0	0.0878557863293757	0	0	0.0326973107205098	0.00211192374417152	0.000122046723575812	0.194938889415231	0.0195829110261871	0.144440540875016	0	0.112536061653552	0	0	0	0	0.316	0.0560153158823398	1.0778374963942
TCGA-AJ-A8CV-01	0.015497327345549	0	0.0414465086287591	0.227754087833212	0	0.102889956669456	0	0.0336405668540426	0.0811427640657871	0	0.0172862543807362	0.0262340897986204	0.0205010153092328	0.062678917302727	0.0789854361108874	0.251156767771746	0	0	0.0371054279102661	0	0	0.00368088001897775	0.069	0.128180509712118	1.04154478584569
TCGA-AP-A5FX-01	0.00217514586249234	0.00873682829107797	0.102746060310147	0.0737505177481014	0	0.0326089752495438	0	0.178667016721979	0.0962152863739168	0	0	0.0938758760124309	0.0222409291796299	0.135646993590764	0.0468529282834035	0.019757270100191	0	0	0.185918871094814	0	0.000807301181508345	0	0.612	0.0155887534594146	1.07934026658538
TCGA-JU-AAVI-01	0.0392433312857934	0	0.0427462735312891	0.329312995397371	0	0.0536472125178733	0	0.165881500634345	0.0315723144856785	0	0.0592791611304333	0.0451347172106523	0.0136661263195449	0	0.0936758547790223	0.108266028510792	0.00151618978145994	0	0.0160582944157441	0	0	0	0.011	0.245967791074663	1.01111851002115
TCGA-EO-A3AZ-01	0	0.00476165988888023	0.00330913126672855	0.223955712897279	0	0.0151332833261153	0.000792478706414832	0.155189432537851	0.0997275575777945	0	0	0.0516226301563927	0	0.128055541962268	0.0688937636796859	0.191324142192014	0.00460876327473056	0	0.0526259025338451	0	0	0	0	0.5092541836072	0.860695699537694
TCGA-DF-A2KU-01	0	0.00244210900962015	0	0.141343116724349	0	0	0	0.0487067917226725	0.0837609446803902	0	0.0340978166870487	0.0461670154076834	0	0.274574832895683	0.0530886249403858	0.27166756282138	0.00373275888274227	0	0.0404184262280448	0	0	0	0	0.481683449839415	0.876025941903482
TCGA-BS-A0V7-01	0.0111449549949951	0	0	0.200482553881658	0	0.348804506342049	0	0.0840470170698089	0.0655951965736835	0	0	0.0515629929258506	0.0296599503190505	0.00355128784158157	0	0.143669263615933	0	0.0261867276164494	0.0352955488189402	0	0	0	0.048	0.147419911880833	1.06192422817832
TCGA-BK-A6W4-01	0.0612317056387661	0	0	0.094824484192964	0	0.253832425498513	0	0.0431801628973194	0.0314021290105953	0	0.0705582609683765	0.0173991400024204	0.014263612617391	0.0761866214695187	0.00208973454062182	0.207837810238544	0	0.00469424362339504	0.09239598281119	0.0192517094113322	0	0.0108519770790534	0.705	0.00559805915382636	1.09012458165878
TCGA-FL-A1YL-11	0.139768241566692	0	0	0.150230150979969	0	0.261344359364867	0	0.0470318801807425	0.0215388023157785	0	0	0.0391004628953672	0.00915314221054116	0.0726149325931901	0.00457091225965992	0.0968636586142287	0	0	0.157783457018964	0	0	0	0.358	0.0503365828058187	1.07781075838981
TCGA-EO-A1Y7-01	0.0407768960884467	0	0.0432505319164529	0.2038315453302	0	0.0218712828269082	0	0.106389831887848	0.0855548844218232	0	0.0360110614207898	0.0964328215098355	0	0.0938140610804724	0.0653813387849561	0.142787924734623	0	0	0.063897819997644	0	0	0	0.505	0.0296323659321762	1.09087239901982
TCGA-BK-A13B-01	0.0669032258187348	0	0.0723039612218608	0.0677703562965149	0	0.110973379158173	0	0.0486042554563865	0.0465524308886142	0	0.054636933889836	0	0.0291390054149436	0.026759127556433	0.0428405598561916	0.363788450735521	0.00982697959776213	0.0217630739080102	0.0216239738166236	0.0121448480104156	0	0.00436943837397939	0.817	-0.00912702066842643	1.08454811628267
TCGA-QS-A5YQ-01	0.00314894614606235	0.00751124355085184	0	0.150974979666411	0	0.0163324503011856	0	0.129683073703163	0.156394596951895	0	0.0375103708405669	0.014407031878835	0	0.306649039409507	0.0242228655298816	0.118758486510547	0	0	0.0344069155110941	0	0	0	0.025	0.195009880186194	1.02578482623232
TCGA-EO-A3AU-01	0.0449836689257743	0	0	0.0335199759266677	0	0.266720631889475	0.00509437706284675	0.181578826374378	0.0041093133134548	0	0.0727773528328809	0	0.00397115591038304	0.141400460011797	0.0157620540718184	0.0738305884348406	0	0.156251595245684	0	0	0	0	0.082	0.117877566985066	1.0548841440942
TCGA-AJ-A3NE-01	0.0459096367578624	0	0.0742980921892423	0.0831938492040637	0	0.193069391214244	0.00788391905900693	0.153065114709234	0	0	0.0667692069237639	0.0363505261325485	0.0151651956099211	0.0680929493559381	0.10314188928381	0.0652542608718569	0	0.0586951767232034	0.0276471040814094	0	0	0.00146368788389523	0.048	0.147370451218793	1.03563660846323
TCGA-BG-A3PP-11	0.15080069008869	0	0.152885480238901	0.0815092850473455	0	0.300398599874721	0	0.0366554174425554	0	0	0	0.0404454461709554	0.0140285590831431	0	0.00152664496491533	0.216876886512539	0	0	0	0.00487299057623326	0	0	0.348	0.0516613311184735	1.06467487842301
TCGA-B5-A3FH-01	0	0.0136251706009934	0.0153284023510303	0.0272220972060063	0	0.0965282338919149	0	0.0690355409160596	0.0813351948923398	0	0.0572871708706667	0.00211209349111363	0	0.495761202981365	0.00881949970034678	0.0541101214261234	0	0	0	0.0788352716720398	0	0	0.001	0.383227802453709	0.945349498878911
TCGA-AX-A2HD-11	0.0476844316963069	0	0.0104938437000244	0.129879907994324	0	0.085169012840596	0	0.00428179235802144	0.0297530932219397	0	0.0102919628559747	0.046717734261566	0.0894455724158041	0	0.0466802462266849	0.406037435182883	0	0	0.0935649672458747	0	0	0	0.739	0.00230345650171311	1.09200468663433
TCGA-B5-A3FA-01	0.12468204094806	0	0.113465129420624	0.0890591887338419	0	0.097242240008802	0	0.142401479989486	0.0137591664678471	0	0.0401101908994675	0	0.00968317926447107	0.0133521703041518	0.0916970652552041	0.160933927204233	0	0.0904788002655373	0.0131354212382747	0	0	0	0.514	0.0291175796512506	1.07085503227092
TCGA-AX-A3G8-01	0	0.0117031934689434	0.0431462914793442	0.0239783992933533	0	0.0127588413005002	0	0.162939692271517	0.0419115541029538	0	0.156845854076878	0	0.040130779416713	0.129534298139848	0	0.034613688725622	0	0.222641836281338	0	0.11979557144299	0	0	0.869	-0.0159096922598038	1.11026351889937
TCGA-A5-AB3J-01	0.0088253532471337	0	0.0139933101180292	0	0	0.227578885147379	0	0.161925440939851	0.0729420419547187	0	0.109930683944588	0.0132330383234995	0.0532334858523681	0.116607718352082	0.00605930032720209	0.110650380866169	0	0.0136554606239975	0.0807060337965065	0	0.0106588665064755	0	0.254	0.0681758336369173	1.06445007955625
TCGA-DF-A2L0-01	0.0167777898927763	0	0	0.0387068900609694	0	0.0991220423241923	0	0.0186968582737161	0.0577471658166633	0	0.019840180803805	0.0368732671407822	0	0.424133408105045	0.0227504126143849	0.226687226432787	0	0	0.0386647585348782	0	0	0	0	0.521659440934503	0.854552446690917
TCGA-4E-A92E-01	0.073782686967357	0	0.00753636863784084	0.201047162169042	0	0.0768290445568343	0	0.163368752360959	0.0231759769005627	0	0.0465060791536149	0	0.0141652315714519	0.0654692660378513	0.151924270223259	0.172598879414337	0	0	0.00359628200689068	0	0	0	0.134	0.0974412160300309	1.06956841341743
TCGA-AJ-A3BF-01	0.0951091637414182	0	0.0625336310819988	0.0562292088406397	0	0.158564120996743	0	0.0757639586855787	0.121036014260971	0	0	0.0498804092586224	0.0385110738888639	0.107880142610144	0.060371518626993	0.117806919255999	0	0.0210446364212635	0.0352692023307651	0	0	0	0.885	-0.0182598533945196	1.08801740790956
TCGA-EY-A2OP-01	0.0702436663363574	0	0.295347379256468	0.131830551097132	0	0.0230031962957513	0	0.0769682969136494	0.0195941746488699	0	0	0.054410266432504	0.0387171115759864	0.0714755094007982	0	0.0278849874905975	0	0.16819283293807	0.0223320276138157	0	0	0	0.573	0.0216899218156706	1.05705452505911
TCGA-AJ-A23N-01	0.00136620037023334	0	0	0	0	0.0848871261963966	0	0.0748836166086989	0.0520297689365333	0	0.0236034107957318	0	0	0.435269959051247	0.0484211356959081	0.277538014963011	0	0	0	0.00200076738223921	0	0	0.017	0.217417193445369	1.05184217959971
TCGA-FL-A1YN-11	0.161316319436334	0	0.0033265887692098	0.137800236599062	0	0.156379781266664	0	0.0455802651329205	0.0291759301937812	0	0.0083393948241616	0.0566562668096636	0.0280463092373087	0.0173524070529385	0.0038141010540202	0.22444009261613	0	0	0.127772307007807	0	0	0	0.465	0.0347696320376967	1.07415434607952
TCGA-QS-A744-01	0.0155695078699082	0	0.108966501322456	0	0	0.425456970751201	0	0.0464566523064343	0.0339690186110824	0	0.108096815142764	0.00776427063409744	0.0718692246776016	0.132920339590911	0.0238133008234884	0.00791222681037585	0	0	0	0.00899750322780726	0	0.00820766823187183	0.822	-0.00963468799487796	1.10439324551549
TCGA-2E-A9G8-01	0	0.0137679282842857	0.13172612553218	0	0	0.161543530235718	0	0.175926446676268	0.0853548974556202	0	0.0405285894767578	0.0335537696517263	0	0.131061668737343	0.0612132836041689	0.0262257595657973	0	0.0274024450153712	0.10474279160523	0	0.00695276415953276	0	0.146	0.0936164909265029	1.04265163321922
TCGA-PG-A6IB-01	0	0	0.030564159173117	0.346365466716328	0	0.0430163906324603	0.0192100680816462	0.100444339933352	0.0263276462185983	0	0.0580432244023927	0.00603606228979132	0.0261799231793942	0.058692342892085	0.0683855720512996	0.209204454633438	0.000843494088781399	0	0.00668685570731566	0	0	0	0	0.486948440320445	0.872605912540478
TCGA-AJ-A3BG-01	0.0694193715183583	0	0.0808340466074414	0.0899675326898965	0	0.111891600701834	0	0.0647456317823585	0.0595471834072966	0	0.0655924261494358	0.0175104777637189	0.0305741585403946	0.146950045557149	0.0531022081354763	0.198388743165201	0	0.00549245743851696	0.00598411654292226	0	0	0	0.902	-0.0207746508494897	1.09175101953657
TCGA-EO-A3AV-01	0	0.00738760612140865	0.12376660140104	0.204300009804434	0	0.0923391694929545	0	0.100045099029283	0.0299645388677728	0	0	0.109161517740149	0.0103510057249427	0.0491549496085779	0.155370608669312	0.0706411313530967	0	0	0	0	0	0.0475177621870286	0.013	0.236869896846234	1.00709334850553
TCGA-B5-A3F9-01	0.110805464611969	0	0.0694951139909147	0.142176136423952	0	0.0454447289012367	0	0.0831700500896245	0.0651998841605734	0	0	0.0733960805505026	0.0185184383295162	0.0160788579440013	0.0259278711157043	0.305904757668856	0	0	0.0375111807906232	0	0.00637143542252606	0	0.561	0.024031963583443	1.07410966619029
TCGA-QF-A5YS-01	0	0	0.0650989622138049	0.0579343786610513	0	0.178865450206738	0	0.127330745168388	0.0576955760755487	0	0.0109133258696526	0.0771308294898429	0.0266005372904306	0.275481875334894	0.0253621143057866	0.0852468490659974	0	0	0.0123393563178653	0	0	0	0.19	0.0827184236410997	1.07032482327364
TCGA-EY-A72D-01	0.0621412756020607	0	0.0882252505505	0	0	0.201555737163645	0	0.153338966151185	0	0	0.0936643268826117	0	0.0223673643165989	0	0.0014942897631818	0.28686541036206	0.00768210828730884	0.0727818644956043	0	0.00988340642524345	0	0	0.831	-0.0108863661055115	1.08280101819387
TCGA-AJ-A5DW-01	0.0243072365852832	0	0.0557071762417247	0.0646589407275196	0	0.0834895249478026	0	0.211715816288657	0.009395508178464	0	0.115594100578173	0	0.0325108212357663	0.141712210087091	0.0637803978836723	0.0917208912346755	0	0	0.105407376011171	0	0	0	0.695	0.00653084611352965	1.08133703916742
TCGA-AX-A3G7-01	0.0358538263918039	0	0.0449077565069972	0.0537338112790041	0	0.109990823538407	0	0.12075918689325	0	0	0.0035498397209657	0.042857260978181	0.0115418817992915	0.088373818943719	0.00800925666813241	0.214120848704123	0	0.235997905296684	0.0303037832794406	0	0	0	0.082	0.117709274615281	1.04603169763801
TCGA-AJ-A6NU-01	0.143146368584661	0	0	0.0309746872041705	0	0.242224512024792	0	0.0248049380140653	0.034955114704935	0	0.00386295953444162	0.0060605429147553	0.0120763920320774	0.0264255843500248	0.0619822597104797	0.172518423356043	0	0.181065234015941	0.0599029835536143	0	0	0	0.292	0.0603422777589137	1.06976127887501
TCGA-EO-A3L0-01	0.11895696566669	0	0	0.0352280245528039	0	0.182507192704391	0	0.0941599806527843	0.0343530897510847	0	0.0348296725186079	0.041262196677056	0	0.231116354379101	0.019693529443434	0.116579242324994	0	0.0707962302647612	0.0137987644240643	0	0	0.0067187566402275	0.535	0.026475713207963	1.08689932806447
TCGA-AX-A3G6-01	0	0.0140017781174345	0.0164377491369012	0.0743065020531325	0	0	0	0.0403392648220533	0.0968900430105316	0	0.0346768611035086	0	0.0556751409639934	0.295249316365633	0	0.165946504071054	0	0.124372147690918	0	0.0821046926648399	0	0	0.00900000000000001	0.263557174196652	0.992163222434745
TCGA-B5-A1MW-01	0.0665546082627243	0	0.0967031828930632	0	0	0.147394682146848	0	0.107489124816212	0.0469715022963774	0	0	0.0432155304586032	0.00114649858652085	0.1177951961452	0.0432584476778198	0.148798895387704	0	0.155019184782902	0	0.0256531465460246	0	0	0.953	-0.0295686238962878	1.09548371248342
TCGA-FI-A3PX-01	0.0215225484212129	0	0.15359220913814	0.0292015861603233	0	0.0011465112653856	0	0.0774776928994543	0.041951929015047	0	0	0.0919767780883113	0.0477295823512846	0	0.00268093366683069	0.186727649710635	0	0.297671033349548	0.0483215459338282	0	0	0	0.113	0.105556319430924	1.05026859594482
TCGA-D1-A3DG-01	0	0	0.0271117443911516	0.192037755299917	0	0.121141334859931	0	0.195315853575406	0.0226250203415082	0	0	0.0118855404949681	0.0566250393033717	0.0802081331987222	0.00855115285737262	0.175796937785946	0	0.0244404515963643	0.0750626262957162	0	0	0.00919840999962506	0.991	-0.0564887248690544	1.11545546985406
TCGA-EY-A1GO-01	0.26370458992455	0	0.19267991235201	0.00632491445592238	0	0.0905736605665415	0	0.106624240556879	0	0	0	0.0508633674850015	0	0.198914247808535	0	0.0282159111894457	0	0.00433450804867306	0.0577646476124413	0	0	0	0.8	-0.00735124941420616	1.0820054748475
TCGA-BS-A0V4-01	0.0176876378051717	0	0.000795970172802496	0.0253860257267494	0	0.173814362784653	0	0.0633877887652427	0.201259194891713	0	0.0732261853748435	0.00188252240923943	0	0.208400211263752	0	0	0	0.167243535089317	0	0.0459795582706205	0	0.020937007445896	0.304	0.0583151374081823	1.08286222133207
TCGA-AJ-A3OL-01	0.171621147887735	0	0.105477675878607	0	0	0.0748596159930505	0	0.214480087313599	0	0	0	0.0722129226600182	0	0	0	0.103032891256832	0	0.233403857119787	0	0.0249118018903712	0	0	0.39	0.045279506434196	1.07273918388306
TCGA-FL-A3WE-11	0.1839864082235	0	0.0642521961317062	0.145690520233806	0	0.110850826447973	0	0.107992611028296	0	0	0.0233109852961423	0.124733064504537	0.0167480339288344	0	0.00523489415885512	0.119058661304731	0	0.000717646764150354	0.0974241519774692	0	0	0	0.405	0.0423158701883066	1.08590916301211
TCGA-BG-A3EW-11	0.165472091116361	0	0.00652528396290015	0.150069845725072	0	0.138023565175007	0	0.0231270085251643	0	0	0	0.0487364888562521	0.0746119186112115	0	0.00760503524057563	0.225936058395314	0	0.00338662177147296	0.0803472799199259	0.0579789396982732	0	0.0181798630024706	0.564	0.0233688672817566	1.07757176380647
TCGA-AJ-A3NG-01	0.0168580717021213	0	0.0803926182737231	0	0	0.348490494634251	0	0.0384815863054187	0.0581053886025812	0	0.0254170129373264	0.0134132422166423	0	0.302472761092321	0	0.0992075549961323	0	0	0	0.0171612692394823	0	0	0.706	0.00543040616031966	1.108975238633
TCGA-AJ-A8CT-01	0.0606101731825257	0	0.0556694433965597	0.177536358052921	0	0.205898260292515	0	0.0941132526197863	0.0917395841434345	0	0.02369617302755	0	0.00100270007524227	0.0743437742131584	0.0675172003596451	0.144122814265204	0	0	0.00375026637145767	0	0	0	0.016	0.223086702399407	1.0040087334303
TCGA-EY-A5W2-01	0.020947093397217	0	0.00454162376170619	0.194099070655981	0	0.0938933132862092	0	0.146371855307848	0.0301628069550768	0	0	0.053257345737355	0.0363163320996792	0.297521224842752	0.0265072921361943	0.0858471677982272	0	0	0.0105348740217533	0	0	0	0.039	0.158212766184374	1.04524819451076
TCGA-DI-A2QT-01	0.0455840726976879	0	0.121845946628639	0.0668107773119677	0	0.10946324645164	0	0.138995288516731	0.00744380602270529	0	0.0360083950954048	0.00448799946877338	0.0177168273463745	0.00617357148614375	0.11937441308978	0.188882970651165	0	0.0953467554185689	0.0418659298144188	0	0	0	0.423	0.0400735284956713	1.06916038905143
TCGA-KP-A3VZ-01	0.209810508531023	0	0.0728000150730716	0.0474208416024596	0	0.0553094681345155	0	0.168645674799565	0	0	0	0.0996457999006517	0.00555718635021659	0.134718559978483	0.0427351584475171	0.127153316987503	0	0.0362034701949942	0	0	0	0	0.876	-0.0169219832673682	1.09587762446499
TCGA-EY-A548-01	0.0486140548178001	0	0.0440467054736584	0.0660250192234143	0	0.141549312398436	0	0.0618292695865964	0.087052592626668	0	0.0356998038456435	0.00552289403606809	0	0.145094429040866	0.062356964273266	0.284473111284462	0	0	0.0177358433931217	0	0	0	0.122	0.102210035434528	1.05031714583381
TCGA-B5-A3S1-01	0.00766114082094751	0	0.0349681587936789	0.144854097962607	0	0.196375236490115	0	0.181221094118371	0.0297635529057768	0	0	0.0207328460509097	0.0507553693410483	0.120004007810758	0.102379922948419	0.015517640000924	0.00169253367982922	0	0.0876407258964025	0	0.00643367318021347	0	0.211	0.0760717671238489	1.06931395786005
TCGA-PG-A917-01	0.0965682056786661	0	0.0403381399965582	0.260694641528462	0	0.067969889686831	0	0.106307281382843	0.0603010610960114	0	0.0288081394873039	0	0.00815290207676676	0.0419753564674403	0.116899044151735	0.168343202424431	0	0	0.0036421360229506	0	0	0	0.042	0.154227054195712	1.0377720554077
TCGA-EO-A3B1-01	0.0760665555232721	0	0.00506689208400216	0.0724904488312023	0	0.201010461950032	0	0.0351674407796855	0.100271124429235	0	0.0288806263470882	0.0362321959822484	0.0240160808359208	0.216852168578305	0.0182557694605399	0.111144565587042	0	0.0243473570140936	0.0437173919067438	0	0	0.00648092069058933	0.084	0.115528459663329	1.04693255796979
TCGA-AJ-A3BD-01	0	0.0204434803496431	0.00276603886481302	0.106438222531515	0	0	0	0.181640235021115	0.0320783428602916	0.00622956603137203	0	0.0279084208905649	0.0459892792761261	0.152029599142851	0.0949361156303289	0.165347983719076	0.0074114377086718	0.00842073567970294	0.112361479080891	0	0.0359990632130376	0	0.108	0.107479906598046	1.04386191175207
TCGA-DF-A2KV-01	0	0	0	0.073250576744755	0	0.145491875482382	0	0.0210822214891338	0.0944587708131513	0	0.0570699961893825	0.0199278667185857	0	0.274856108051398	0.0207044891420456	0.123670229451669	0	0	0	0.0782135705844238	0	0.091274295333074	0.00700000000000001	0.274925790427404	0.987012494796565
TCGA-EO-A22X-01	0.0494796112281641	0	0.0157913591034277	0.056599198950132	0	0.185791574623058	0	0.0847641771547156	0.0134916541883824	0	0.0764502793481728	0.00328541333552004	0.0198338875553734	0.220345509060709	0.0558519625206025	0.201534473939585	0	0	0.0167808989921567	0	0	0	0.036	0.165382529648748	1.02854629180771
TCGA-AJ-A3EK-01	0.0861438253917561	0	0.0763575723673741	0.0547609983473003	0	0.139300694495817	0.00937232048300267	0.153241237710251	0.00752925632977108	0	0.0455133250848868	0.0106006621781768	0	0.13164600063037	0.0739695385857016	0.182893065200241	0	0	0.0264976919740261	0	0	0.00217381122132536	0.078	0.121223957219994	1.03424483963144
TCGA-D1-A3DA-01	0	0.0153878173081562	0.412459898305999	0.000808478902283165	0	0.0299018975702619	0	0.0474285857844316	0.0012388487040902	0	0.0225291127604855	0	0	0.246563351319057	0	0.0322691446217799	0.00389305046163856	0.0315690375063593	0	0.0579723540409647	0	0.0979784227144921	0.171	0.0870004309865919	1.04431460429466
TCGA-KP-A3W3-01	0	0.00865656660718976	0.00304902784313527	0.00681127711121863	0	0.0657199486972424	0	0.0699451467555618	0.0210550727092902	0	0	0.0308699641758855	0	0.286670983376017	0.0857130236676145	0.361409491589674	0	0.0266631013099221	0.0334363961572484	0	0	0	0.019	0.20762488363127	1.03786235622804
TCGA-AJ-A3IA-01	0.0787206851045186	0	0	0.0975861124714135	0	0.183006507807294	0	0.0349942299290089	0.0884488646660689	0	0	0.0522896473319787	0.043183160400116	0.0637128311447499	0.0905705534343921	0.141422547163226	0	0.00954557591165063	0.116519284635583	0	0	0	0.22	0.0747588107194356	1.05731890503986
TCGA-AJ-A8CW-01	0.0573684327478407	0	0.061336023506083	0.0788553500937269	0	0.0904499752362184	0	0.13872578024008	0.0915840120377765	0	0.0138875895859519	0.00193061252883188	0	0.2001360534837	0.0680112750170218	0.194451469263103	0	0	0.003263426259666	0	0	0	0.208	0.0778635684018119	1.06188454938512
TCGA-H5-A2HR-01	0.0157013176638151	0	0	0.102796265445026	0	0.124391456168217	0	0.00532613833918796	0.0882821928754427	0	0	0.0737133910093882	0.0258162059916964	0.286755333522737	0.0325064569263194	0.217066428957684	0	0	0.0276448131004859	0	0	0	0.015	0.224725764580261	1.0127129140769
TCGA-EY-A547-01	0.0270162726738139	0	0	0.0808168926399279	0	0.113821708600686	0	0.0618599044251884	0.0718395273276508	0	0.00613892485883737	0.0922904891919615	0.0256409854626213	0.168332335068173	0	0.268198595491792	0	0.0115047482406174	0.0725396160187307	0	0	0	0.793	-0.00589116912024434	1.10332558417261
TCGA-FL-A1YV-11	0.148753493076178	0	0	0.149935384952158	0	0.119698229647384	0	0.163870550686439	0.0290740860195784	0	0	0.0713673722995872	0.0103912153166696	0.0608756617661544	0.0173726202257953	0.0763840306390252	0	0.000277666883380212	0.151999688487651	0	0	0	0.524	0.0279472699550652	1.08773100771357
TCGA-BK-A6W3-01	0.0791232995572544	0	0.0685985245491041	0.104127906067889	0	0.151373156481324	0	0.138642154447001	0.0197563061550085	0	0.0543960291061324	0	0.00551728104861676	0	0.186589975287536	0.166323177293914	0	0	0.0248192387127328	0	0	0.000732951293487136	0.011	0.24258620785535	0.999307288488223
TCGA-BK-A56F-01	0.0685459397160096	0	0	0.0585658784637917	0	0.244242928170241	0	0.0134048377744282	0.0643253235630448	0	0.00644794123177957	0.0409938803919074	0.0404933360016588	0.0623477695611158	0.0412857478584161	0.319418790502063	0.0143965674346142	0	0.0255310593309298	0	0	0	0.642	0.0118214552305191	1.08827683972698
TCGA-EO-A3AY-01	0.00901690675490038	0	0.0379975010725557	0.170982609673939	0	0.0255387380840166	0	0.154909246311267	0.0394023829931569	0	0.0800264135942838	0.0804224867709394	0	0.143580176244212	0.0740726021654511	0.124580716135183	0	0.00404891232641933	0.0554213078736758	0	0	0	0.00800000000000001	0.271397052149827	0.984233747374657
