B cells naive	B cells memory	Plasma cells	T cells CD8	T cells CD4 naive	T cells CD4 memory resting	T cells CD4 memory activated	T cells follicular helper	T cells regulatory (Tregs)	T cells gamma delta	NK cells resting	NK cells activated	Monocytes	Macrophages M0	Macrophages M1	Macrophages M2	Dendritic cells resting	Dendritic cells activated	Mast cells resting	Mast cells activated	Eosinophils	Neutrophils	P-value	Correlation	RMSE
TCGA-N7-A4Y5-01	0	0.00241051727474991	0.052830311228532	0.0156679577314937	0	0.169193372373895	0	0.220120674238981	0	0	0	0.0215860497676568	0.0765009455248586	0	0.00871238187042267	0.391015008742381	0	0.0419627812470292	0	0	0	0	0.985	-0.0480403651098107	1.11453075528587
TCGA-N5-A4RM-01	0.0272247224862453	0	0.00523723657127273	0.0786739275790257	0	0.174098984111697	0	0.0493672471055058	0.0205021255023734	0	0	0.0427452927474666	0	0.375276643803482	0.0284984525116733	0.180392400597674	0	0	0.0179829669835841	0	0	0	0.034	0.185637433253912	1.04270002026153
TCGA-N9-A4Q8-01	0.00168351598726313	0	0.0583898724212275	0.103460493254289	0	0.233309917070958	0	0.145069016835118	0.0270048859972593	0	0	0.0842056520642376	0	0.284029213685675	0	0.035275987505895	0	0.00474109330763288	0.0123640570585638	0	0.0104662948118813	0	0.549	0.0213377585630843	1.11050221576446
TCGA-N9-A4Q7-01	0.00732034030227464	0	0.0489423670462792	0.276525989672142	0	0.0880359956707834	0.0624178369174681	0.0549489088278635	0.0780409069866768	0	0.033608674760727	0.0116303507105473	0.0223461869907692	0.00370980841369269	0.151793001695378	0.139676470901206	0.000869890087816801	0	0.0201332710163749	0	0	0	0.001	0.406669122881508	0.917720336813961
TCGA-N6-A4VD-01	0.00114362323835044	0.00357146160059421	0.00906204011688667	0	0	0.240977548677702	0	0.0288507465902438	0.0373274129797363	0	0.0888043007974234	0	0	0.364035846100539	0.00144251969804487	0.14568610318361	0	0	0	0.0790983970168694	0	0	0.021	0.218847419287843	1.02487053666112
TCGA-N5-A4RT-01	0.0623304630543415	0	0.266567925774921	0.120176800935878	0	0.00991552610660559	0	0.0833797099438722	0	0	0	0.0486436378132348	0.0217885084084911	0.192749381932575	0	0.122324115779175	0	0.0307377521735182	0.0413861780773867	0	0	0	0.984	-0.0469739895208682	1.08206072269905
TCGA-N9-A4Q1-01	0.15676462711833	0	0.379118001901952	0.0264504627808284	0	0.0116909717095838	0	0.0286166700833294	0	0	0	0.0248331754199579	0	0.102928447547425	0	0.224427044768702	0	0.0293359232103632	0.0158346754595272	0	0	0	0.413	0.0385901167232964	1.05091665786312
TCGA-N5-A4RD-01	0.0815441960274634	0	0.268465160210431	0.0407687071604591	0	0.00629203552907817	0	0.0349150198242786	0	0	0	0.0393248261786349	0.00954217505890562	0.258916918504836	0	0.185433064588691	0	0.0281391711583558	0.046658725758866	0	0	0	0.748	-0.00134544574200836	1.083539289197
TCGA-N8-A4PL-01	0	0.00668940455528956	0.0537967961137299	0	0	0.215754873657589	0	0.0600382447669995	0.0209193879365793	0	0.0500396897506798	0.032664100341142	0	0.540288007097467	0	0.00203513511767673	0	0.0013790454859423	0.0163953151769042	0	0	0	0.00700000000000001	0.270322178182308	1.01619419534021
TCGA-ND-A4WC-01	0.0220069602856631	0	0.0218089681626725	0.158198091717485	0	0.096488648559693	0	0.126458001295814	0.0368946870521048	0	0.00661945838395678	0.0722033653393377	0.0231665427927294	0.131035408723811	0.0750358785642338	0.0419797852999341	0.00143326050879106	0.000999107886633269	0.178986487747756	0	0	0.00668534767938381	0.734	0.000378244574417299	1.09524645174496
TCGA-NF-A4X2-01	0	0	0.0546182016585835	0	0	0	0.0345341981402355	0.0342520600852658	0.0225832961893458	0	0.0354202968737989	0	0	0.380456014617034	0	0.398189395988072	0	0	0.0399465364476646	0	0	0	0.004	0.330229670438954	0.986144916573119
TCGA-NF-A4WU-01	0.253417890675981	0	0.0135626095865448	0.0736917777391261	0	0.0785401222791348	0	0.199729345852745	0.0125387992339797	0	0	0.0567812872660338	0.0154806526821948	0.167817590350396	0	0.0579231348726042	0	0.0223207180829765	0.00993813033913977	0	0	0.0382579410391439	0.368	0.0453715710146719	1.08055561857047
TCGA-N8-A4PI-01	0.030645316122632	0	0.00842526913577178	0	0	0.0161357169863626	0	0.0304415821593921	0.00809284423325386	0	0.0471668605878669	0	0	0.639495608421652	0	0.219319029178072	0	0	0	0	0.000277773174996625	0	0	0.762999173585613	0.647320746913623
TCGA-N8-A4PO-01	0.0331552570203499	0	0	0.283477087516259	0	0.0398656673083522	0	0.11853724242689	0.000954741172779713	0	0	0.00298895991432501	0.0406172830023289	0.0594916555198109	0.0815731519795704	0.289521331750465	0.00913099810524537	0	0.0406866242836235	0	0	0	0.86	-0.0163180691556856	1.1060572135172
TCGA-NA-A4QY-01	0.017840103349366	0	0	0.010571581500775	0	0.320539834062945	0	0.0405404823395351	0.000634746836319226	0	0.00895971877934488	0.0689796449470692	0.0882412197945148	0.25120740241309	0	0.179477033516649	0	0.00749836856178367	0.00550986389860846	0	0	0	0.134	0.0981706801536075	1.06929721625307
TCGA-N5-A59E-01	0.148175272772024	0	0.0773502076264976	0.0692314813355891	0	0.0607984443595705	0	0.0409527167543268	0.0828064300115549	0	0	0.0576884131545967	0	0.255016146874082	0.020420299886771	0.163301763331156	0	0	0.0242588238938314	0	0	0	0.018	0.225680163569284	0.997751926592544
TCGA-NA-A4QW-01	0.104542955436785	0	0.15663785303494	0.01264828986294	0	0.153245345868464	0	0.165469084563742	0.00478912519935768	0	0	0.0180306242255893	0	0.0421873001801812	0.0224155733953458	0.256327521219838	0	0.0637063270128165	0	0	0	0	0.947	-0.032084118629985	1.08398586698608
TCGA-ND-A4W6-01	0	0.00553433869744085	0.0342754920316961	0.0311338941105369	0	0.11500528791673	0	0.0419498423730169	0.0149330487853532	0	0.0279784981354729	0	0.0685151232872307	0.182635316601888	0.0374235276365044	0.438943639187838	0	0	0.00167199123629133	0	0	0	0.027	0.207415176117563	1.02646052886808
TCGA-N8-A4PN-01	0.0566995879580879	0	0.00201406116335658	0	0	0.164369310659939	0	0.0496805767652175	0	0	0.00152322360208659	0.0529484338422144	0.111955098754803	0.0671370995632874	0	0.456203383528823	0	0	0.0374692241621845	0	0	0	0.969	-0.0393440599406954	1.12701293108588
TCGA-N5-A4R8-01	0.138223510032613	0	0.0774909767165341	0.00360561562406443	0	0.228328111559163	0	0.0266728842176573	0	0	0.00967355584193906	0	0	0.453918071174126	0	0.0596876528900804	0	0	0	0.00239962194382265	0	0	0.515	0.0248655930832759	1.12509349435135
TCGA-N6-A4VG-01	0.0209117717623435	0	0.00676135051445498	0.0398800175984448	0	0.0743854467177375	0	0.127704218949225	0	0	0	0.0024594238209353	0.0160799053996207	0.290402540992113	0.0941481365427669	0.296206958434352	0	0	0.0310602292680063	0	0	0	0.115	0.105749938881769	1.07958449865732
TCGA-N8-A4PQ-01	0.0865972333534251	0	0.00210419956837506	0.0672247984548584	0	0.134429639150097	0	0.0857921316554198	0.0164741894821508	0	0.0328030301579064	0	0	0.143823801494753	0.0896139684842101	0.305308929648835	0	0	0.0358280785499701	0	0	0	0.086	0.120689306174949	1.04672540838178
TCGA-QN-A5NN-01	0	9.65075987594664e-06	0	0.084087716002349	0	0.0962731382363165	0	0.0446952052477591	0.0463558472509029	0	0.00378777542337618	0.0391140821353963	0.0767692925000217	0.0698044901704358	0.0206835895595472	0.412232233001763	0	0.0261160392271794	0.0716993701390878	0	0.00837157034598909	0	0.373	0.0439896759177855	1.08147126628912
TCGA-N7-A4Y8-01	0.0693866016080631	0	0	0.126742718386653	0	0.00114118371664516	0	0.0522688016978501	0.0800415742717136	0	0.0307069780702782	0.0120021028358484	0.0304871921483765	0.298610088141913	0	0.285548780028478	0	0	0.0130639790941806	0	0	0	0.318	0.0537110454896816	1.09954485944314
TCGA-N5-A59F-01	0.0691705227258393	0	0.00466207539148775	0.0758051148472438	0	0.0841661636259898	0	0.139747230686852	0.0104377386188879	0	0	0.0653265775208535	0.049478080213269	0	0.0475223754259209	0.403535412465912	0	0	0.0389326851361782	0	0.011216023341566	0	0.32	0.0533767379242282	1.07181636773854
TCGA-N5-A4RV-01	0.04780667958365	0	0.045884366911564	0.0195754929717443	0	0.101214001407336	0	0.0441669795310999	0.0055785312299516	0	0.0338558933452075	0	0.00881178084010521	0.511426693415293	0	0.122387291568692	0	0	0.0592922891953565	0	0	0	0.048	0.164417984251682	1.07514236992775
TCGA-N7-A59B-01	0	0.00541624534375909	0	0.14377940502271	0	0.0694391328972163	0	0.0246975531623982	0.0323061152453248	0	0	0.0681845507726845	0.00190049594260587	0.270879376777377	0.0171785967301125	0.24625351079597	0	0.0880322883082695	0.0319327290015727	0	0	0	0.049	0.158371457214681	1.04687390320857
TCGA-N7-A4Y0-01	0	0	0.177617965863883	0.168262228092923	0	0.0746366330635759	0	0.0879677489503776	0.025417256628473	0	0	0.0534316653744248	0	0.268563442758175	0.00115833611115547	0.12569376392452	0	0.0172509592324925	0	0	0	0	0.776	-0.00547994818650472	1.09815282007579
TCGA-N6-A4VF-01	0.0505244088053431	0	0	0	0	0.161680492347544	0	0.0435770801895407	0.0491433481895428	0.0319356193814414	0	0.0138140023181292	0.0406383582892973	0.166556161005147	0.149111470781383	0.249870626574156	0	0	0.0431484321184756	0	0	0	0.002	0.383770196160408	0.927686772554136
TCGA-NA-A4R1-01	0	0.00845966989545008	0.0295883209216289	0	0.133700473664883	0.374746321140416	0	0.0142285464810672	0.00222775294080838	0	0.0983081200344133	0	0	0.254756148658696	0.0359714806186937	0	0.0199266460916762	0	0	0.028086519552267	0	0	0.222	0.0701280414927371	1.08961283464677
TCGA-N5-A4RA-01	0.173226475208441	0	0.269094727598463	0.044980671487838	0	0	0	0.0935713605413413	0	0	0.0302248127332136	0.00379768637376751	0	0.270498950660537	0	0.0753202357985167	0	0.0014296565462541	0	0.0378554230516275	0	0	0.785	-0.00640822255217475	1.08296453559873
TCGA-N9-A4Q3-01	0.0163576722376815	0	0.0101053308374787	0.0575213111868116	0	0.115042933408575	0	0.0578369621579563	0.0814351044866732	0	0	0.133959005217028	0	0.394718727072719	0	0.0922343395505704	0	0.00460080632421567	0.0361878075202908	0	0	0	0.001	0.394995543419671	0.930683753856746
TCGA-NA-A4QV-01	0.124239174544179	0	0.00968131271708814	0	0	0.071772315373165	0	0.052309721218906	0.0366545062314623	0	0	0.0326968895563351	0	0.244758423483812	0.00454613952715168	0.40440827804202	0	0.00468285021756644	0.0142503890883143	0	0	0	0.375	0.0435034943886582	1.11014733357105
TCGA-N8-A4PM-01	0.01479069364854	0	0.00268007758695166	0	0	0.301553984893057	0	0.034025604523616	0.0733103674593497	0	0.0173025518129846	0.0338021391791535	0.110141444535505	0.221993784282965	0	0.157994582347489	0	0.00875418588143673	0.0236505838489519	0	0	0	0.048	0.163123095039276	1.03121875202259
TCGA-NG-A4VU-01	0.23704930396255	0	0.243592592231202	0.00982060622056339	0	0.0368907802447017	0	0.0179278850017093	0.00186072229029306	0	0.0282269446433121	0.0155962739080922	0.0108206180844993	0.136781134426214	0	0.230684584684312	0	0.0139956078746058	0.016752946427945	0	0	0	0.649	0.00858123221965473	1.07318741520495
TCGA-N6-A4V9-01	0.0037018419470675	0	0.0271458750468763	0	0	0.12548204868388	0	0.182210418204912	0.00119727682699648	0	0.00765898592698142	0	0	0.62107854118958	0	0	0	0	0.0315250121737062	0	0	0	0	0.509295950251664	0.873399623662924
TCGA-N9-A4PZ-01	7.7753745812492e-05	0.00390692888425489	0.0374031076725059	0	0	0.0863291618675281	0	0.0358626687626579	0.041586186428802	0	0.0533697043728765	0	0	0.593840816321522	0	0.0803392106792208	0	0.0125576205768759	0.0547268406879441	0	0	0	0.002	0.36944966901888	0.970202748372256
TCGA-NF-A4WX-01	0.0971682344106077	0	0.0547938694475783	0	0	0.186295679787355	0	0.0228541525020573	0	0	0	0.0738978278414542	0.0276066462327283	0.30193334616722	0	0.229550091364292	0	0	0.00590015224670751	0	0	0	0.129	0.0997926021033585	1.07034133849128
TCGA-N8-A4PP-01	0.0704744842553989	0	0	0.0501372871287837	0	0.103457120795021	0.00188284437242149	0.0012374697240563	0.0348035457456013	0	0.0432242538443012	0	0.0332107497582031	0.346155105693218	0.112476062739007	0.183088187242628	0	0	0	0.0198528887013606	0	0	0.048	0.163018128356218	1.05393432723272
TCGA-N9-A4Q4-01	0.133360757021693	0	0.13516793558602	0	0	0.0259209474814712	0	0.113521941306411	0	0	0	0.0477741111193249	0.00420726705216631	0.0451208782054333	0.043023308151827	0.403825434126687	0	0.0480774199489656	0	0	0	0	0.945	-0.0311693373739679	1.09954564098161
TCGA-NG-A4VW-01	0.0802773350511448	0	0.0671610615253733	0	0	0.0711569619181056	0	0.14376484783398	0	0	0	0.0662645543987943	0	0.286763626944579	0	0.218850166725725	0	0.065761445602298	0	0	0	0	0.941	-0.0297759660096415	1.12083401030707
TCGA-N5-A4RN-01	0.103930517678387	0	0	0.102965319034064	0	0.149235166657992	0	0.0711135387417826	0	0	0	0.074840624188966	0.0480744218580603	0.115521613014359	0.000154740686320591	0.289437115221011	0	0.0247684176555844	0.0199585252634739	0	0	0	0.911	-0.0239806019860647	1.10588944491754
TCGA-N6-A4VE-01	0.0225065267660619	0	0.0177682962735493	0.021878142389272	0	0.00436409421352388	0	0.0290148175084561	0.00811359080670433	0	0	0.00716454426973956	0.00431820436573445	0.317811369609115	0	0.388735129960506	0	0.141801602928756	0.0365236809085816	0	0	0	0.055	0.150050661659815	1.08513408537297
TCGA-NA-A4R0-01	0.0173134100564861	0	0.00822109866927886	0.0796403542897124	0	0.18310347849925	0	0.109347755557306	0.0968792031935195	0	0	0.0591009948045357	0.0552940751992869	0.0522480973668533	0.0801098685248992	0.10426766138203	0	0.0633546699243544	0.0911193325324875	0	0	0	0.027	0.206243244123704	1.00562318654191
TCGA-QM-A5NM-01	0.0224149874581432	0	0	0.0990075740319164	0	0.212342026063366	0	0	0.0472557798979594	0	0	0.111590176641698	0.0297605471234779	0	0	0.3721680040341	0	0.0542008273073195	0.05126007744202	0	0	0	0.968	-0.0387304626161939	1.11990836924954
TCGA-N5-A4RF-01	0.026655792133644	0	0.0554057581276232	0	0	0.0861245471768254	0	0.035698882544542	0.00981044414667048	0	0.0136380392542734	0.00985257406406824	0	0.0324273348195534	0.0106456660338343	0.576340894040119	0	0.076234997142892	0.0671650705159541	0	0	0	0.025	0.213374023193325	1.01943801035749
TCGA-NA-A5I1-01	0	0.00389593414972069	0.010069763116404	0.0350112112953926	0	0.304358953201028	0	0.0346531898680991	0.00161435560359931	0	0	0.0478269274321425	0.0956179663252616	0.0604302199251812	0.00263522406052575	0.326269206788515	0.000935259988214557	0	0.0686298515200935	0	0.00805193672582259	0	0.39	0.0409772804852958	1.07760866968298
TCGA-ND-A4WA-01	0	0	0	0	0.00532750981106357	0.359121447729334	0	0.0381282822707002	0.0876387355938976	0	0.0724644275680925	0	0.0792369633596607	0.106381863168578	0.0309908625061617	0.0765493452249071	0.00324879744014164	0	0.140911765327463	0	0	0	0.515	0.0249481677095645	1.081848071154
TCGA-N8-A56S-01	0.0183204231841165	0	0.0475139652953054	0	0	0.353621603093615	0	0.00722016370491748	0.0957014577974045	0	0.0926974518477579	0.0179799693167275	0.0381713558916629	0.223463941796802	0	0	0	0	0.105309668071691	0	0	0	0.755	-0.00215913508840883	1.10076041906107
TCGA-ND-A4WF-01	0.0564156935592983	0	0.100654651900127	0.0965212603493884	0	0.0486570151823181	0	0.0627046362475502	0.0488141367457771	0	0	0.0260982816222401	0	0.253574669776804	0.0375286418903195	0.261522958827521	0	0	0.00750805389865526	0	0	0	0.422	0.0367724719028974	1.08609752300594
TCGA-N5-A4RJ-01	0.149330242424588	0	0.109820000367985	0.0811356441973605	0	0.0513749770610531	0	0.0864066067217627	0.0279170730069678	0	0	0.0407145649176493	0.0252741514461773	0.0180411242190576	0.0166612695856661	0.375611920742145	0	0.00799427112893076	0.00971815418065738	0	0	0	0.742	-0.000873907081050459	1.08193762000881
TCGA-NA-A4QX-01	0.0733905682877389	0	0.167186768414605	0	0	0.0990333641127164	0	0.0598864312107399	0	0	0.00782959489706603	0.014417855057879	0.0639504067122125	0.0508983815903194	0.0189192803733842	0.39230795388359	0	0.0521793954597487	0	0	0	0	0.896	-0.0217592602356129	1.09104632725939
TCGA-N5-A4RS-01	0.0649898350706323	0	0.0209512691905812	0.0762900127872768	0	0.0753608251832255	0	0.0413737363449316	0	0	0	0.041388463951261	0	0.598484138758119	0	0.0510873281717082	0	0	0.0300743905422649	0	0	0	0.004	0.309168774550979	1.00855746764605
TCGA-N5-A4RO-01	0	0	0.0630251241210761	0	0	0.324424798379557	0	0.0862483177403023	0	0	0.0143555358820192	0.0325633307714678	0	0.439764807818485	0	0	0	0	0.0396180852870929	0	0	0	0.724	0.00154768440453908	1.13545453754224
TCGA-NF-A5CP-01	0.027732861436496	0	0	0	0	0.0808103108940743	0	0.139144087460211	0.0293815233087433	0	0.00417260454242782	0.0134303954625054	0	0.379119330197116	0.0337300817292851	0.241598154666807	0	0.0390989046218745	0.0117817456804594	0	0	0	0.0629999999999999	0.138554290187198	1.07373764088964
TCGA-N6-A4VC-01	0.217593896296315	0	0.143369509965056	0	0	0.0421546803209579	0	0.0768561954299529	0.0214677271965525	0	0	0.0531186366614811	0	0.365297332497187	0	0.0259308598404425	0	0.0461357538419545	0.00807540795010023	0	0	0	0.11	0.107693728740271	1.05828715618655
TCGA-N5-A4RU-01	0.101831764813618	0	0.0676923847873587	0.060631059861405	0	0.00362067457427122	0	0.0661791139002998	0.0448628078206191	0.00445674893046323	0	0.0039224550810088	0	0.327878858679615	0.0428974376809711	0.234552821797314	0	0	0.041473872073056	0	0	0	0.308	0.0549497881296867	1.09154438973937
