B cells naive	B cells memory	Plasma cells	T cells CD8	T cells CD4 naive	T cells CD4 memory resting	T cells CD4 memory activated	T cells follicular helper	T cells regulatory (Tregs)	T cells gamma delta	NK cells resting	NK cells activated	Monocytes	Macrophages M0	Macrophages M1	Macrophages M2	Dendritic cells resting	Dendritic cells activated	Mast cells resting	Mast cells activated	Eosinophils	Neutrophils	P-value	Correlation	RMSE
TCGA-VD-A8KM-01	0.00799523679240997	0.114756095695112	0.0972101441091247	0.30486065114467	0	0	0	0.0530642552026663	0.0827200908360781	0	0.000662561660050778	0.00250252413514584	0.00115537002298541	0.101104869680765	0.0312329233659827	0.194089070243812	0	0	0.00864620711119661	0	0	0	0.00600000000000001	0.261830978931453	0.978987710232671
TCGA-V4-A9F4-01	0.00988444410840554	0	0	0	0	0.28752582542819	0	0.00264875309004255	0.0817083569511246	0	0.104730884568501	0	0.0589700160746607	0.100664905424184	0.00670812092010745	0.10221958819424	0	0	0.23797177500559	0	0.0069673302349526	0	0.708	-0.00205675370476527	1.09332775319544
TCGA-WC-A881-01	0.0882759489652939	0	0.0951596332812842	0.0603870424110733	0	0.0397182004160891	0	0.0412606493458297	0.0169269552996243	0	0.00804410705684157	0.0283910439544542	0.0104422553020559	0.0347909078725466	0.0294817776980081	0.511591638896992	0	0	0.0355298394999075	0	0	0	0.154	0.0874461053809261	1.06428146710849
TCGA-V4-A9F1-01	0.000551225409860919	0.00279808624358368	0.0118111575437603	0.0340217237968082	0	0.152024698369236	0	0.0105980337917762	0.0207568136342697	0	0.0373738210354293	0.0324294944453026	0.0373362004503603	0.0660602572809506	0.00581221260566585	0.409801347297448	0.00167420309733908	0	0.176950724998209	0	0	0	0.239	0.0655593717851384	1.07248560808903
TCGA-VD-AA8N-01	0.00500235379968458	0	0.0356596659890555	0.155861926430178	0	0	0	0.0410594088969686	0.052766021656081	0	0	0.00811597825739063	0.036669196283866	0.0430499630986872	0.0881447943990245	0.30706972683953	0.0108068481388793	0	0.215794116210654	0	0	0	0.182	0.0763759945826224	1.05877622288595
TCGA-V4-A9EY-01	0.000527464347200856	0.000511569227623673	0.0220963574855591	0	0.064576730325303	0.136730982937947	0	0.00971065856321582	0.070512269640656	0	0.0454498559182832	0.013725752472259	0	0.117589306217337	0.00687298587622188	0.282046228035329	0.00383562307977913	0	0.225256573666888	0	0.000557642206397556	0	0.129	0.0962704786779528	1.05327418023407
TCGA-V4-A9EI-01	0	0.0114713026766509	0.0110223360976935	0	0	0.0980302097759367	0	0.146600690827572	0.0782397880469521	0	0.115462937416668	0	0	0.449180906635677	0	0.0355599823101147	0	0	0.054431846212736	0	0	0	0.129	0.0964063218538353	1.09088011319057
TCGA-VD-AA8O-01	0	0	0.136623022254927	0.349558255563982	0	0.0316391876077622	0	0.0191258424775766	0.0249899963391063	0	0.000541021950691759	0	0	0.0584891601717227	0.0137317833583246	0.365301730275907	0	0	0	0	0	0	0.424	0.0275305526016996	1.08771455237516
TCGA-WC-A880-01	5.49224782388631e-06	0.00359445638844804	0.00746294047513487	0	0.0216660813639306	0.248125056651216	0	0.0043578006419619	0.0460524411041681	0	0.209791422526574	0	0.0880248728619273	0.0944512633064132	0	0.0714707204792568	0.00562164280587656	0	0.183955610054934	0	0.0154201990923349	0	0.854	-0.021358452146859	1.10902166451355
TCGA-WC-A882-01	0.0083909259891171	0.00680929087292466	0.00387226206985323	0.0246661385972032	0	0.0265490753793068	0	0.021830083351017	0.0856808412507519	0	0.0302493439265424	0.00892225300007033	0	0.331369072101964	0.0173514045400224	0.258572674688749	0	0	0.175736634232478	0	0	0	0.035	0.169075126540082	1.04818649417674
TCGA-VD-AA8P-01	0	0.00763940084938762	0.0196752351800033	0	0.0418369290597816	0.156120052428685	0	0.00134324617830541	0.0911423374283017	0	0.0875663859299749	0	0.0699115519536505	0.0974426441690912	0.00212360862657566	0.1753955343724	0	0	0.236474373119529	0	0.013328700704314	0	0.456	0.0238833035068757	1.07569608592158
TCGA-WC-AA9E-01	0.190013495369029	0	0.150462418897078	0.17876549066033	0	0.0109822752966817	0	0.0751987895853914	0.0315936904435169	0	0.00120411813053659	0.0294760017732255	0.02333136619714	0	0.0269009254879298	0.265610095629644	0	0	0.016461332529497	0	0	0	0.443	0.0257038048944214	1.06585331422708
TCGA-V4-A9F8-01	0	0.000126275579232133	0.0109811909025581	0	0	0.188347929540477	0	0.00947219588814919	0.178019324812729	0	0.138352645302414	0	0	0.191344576921014	0.00241926646558378	0.151713462865744	0	0	0.117218391875366	0	0.0120047398467327	0	0.347	0.0436203476195282	1.07888724723362
TCGA-VD-A8K9-01	0	0.022771292607955	0.110945811615996	0.048076579773662	0	0.118675858469258	0	0.0162070656178367	0.0539546974265165	0	0.0247968811119186	0	0.0180792161537789	0.396189628782731	0	0	0.00257876324791798	0	0.187724205192429	0	0	0	0.119	0.0991902492051062	1.06630567907234
TCGA-V4-A9EZ-01	0.0759166784513428	0	0.12975994395325	0.0463380020617848	0	0.0636177216312332	0	0.00358984479836179	0.0993956137575911	0	0.0486179282679366	0.00987318768917966	0.10666448546233	0.126357368095614	0.017895459282954	0.256587945237453	0	0	0.0153858213109691	0	0	0	0.277	0.0574455394583017	1.05498320216558
TCGA-VD-AA8Q-01	0	0.0122826257077445	0.0055119043817947	0.0451507657319527	0	0.231513351684331	0	0.0342540496376053	0.0352625356172793	0.00646834935283408	0	0.0132266776757822	0.0292183763390239	0.0622192647275996	0.00569987004988378	0.344325075115046	0	0	0.173785705645378	0	0.00108144833374491	0	0.106	0.103270920296615	1.04993761118348
TCGA-V4-A9E9-01	0.193183044540664	0	0.134699172809295	0.0361674205170628	0	0	0	0.0410492486478312	0	0	0.0409230987169548	0.0101984515120259	0.0473708796507783	0	0.00911082443161722	0.450744993118616	0	0	0.0365528660551549	0	0	0	0.168	0.0815413363815845	1.05697810602756
TCGA-VD-A8KL-01	0.0346345447569772	0	0.00747666808107173	0	0	0.138199831808854	0	0.0484081978791393	0.0119287222596247	0	0.0205926684961058	0.0180484021153343	0	0.159517423802521	0.00679402272834326	0.360201058793614	0.0096269663700278	0	0.171613684434084	0	0.012957808474303	0	0.267	0.0594046187612711	1.07834965198186
TCGA-WC-A87T-01	0.17158107412534	0	0.146771181099013	0.0121813969401909	0	0.0333356343344387	0	0.0368191904333787	0	0	0	0.0459802606687912	0.000946663523389039	0	0	0.508491191176079	0	0	0.0438934076993797	0	0	0	0.298	0.0522681486621851	1.07596074038691
TCGA-YZ-A980-01	0.000168843673443116	0.000188793740697034	0.0272892699815036	0	0	0.392556121180321	0	0.0550778647379787	0.0667731680149741	0	0.0183714255578341	0.0325014489863896	0	0.171100519218087	0.00671878385327942	0.0519562993601605	0.00463083696959525	0	0.172666624725737	0	0	0	0.361	0.0401509306160804	1.08457925211035
TCGA-VD-AA8M-01	0.174870245155695	0	0.119164864057559	0.055619612307614	0	0.0222522933383694	0	0.0336041643126157	0.0270701222313321	0	0.00644059545989206	0.0274125190394377	0.00773515598691107	0.00542747323731945	0.013990639644006	0.470301346109318	0	0	0.0361109691199311	0	0	0	0.209	0.0695090938186045	1.06342610095474
TCGA-VD-AA8T-01	0.170914654560752	0	0	0.0576613219391972	0	0.0747556719117015	0	0.0341116928692749	0.0527575224633696	0	0.0178693749148758	0	0.00572020095819895	0.0834991057347379	0.0130342440776246	0.489676210570267	0	0	0	0	0	0	0.496	0.019378332611745	1.10678549369211
TCGA-VD-A8KI-01	0.0116409567719209	0	0.0310312005187476	0.0697979750487696	0.0159357243956989	0	0	0.0453521688201897	0.0166168276855786	0.064482221910753	0	0.0373151117100527	0	0.146614210057264	0.0260406559830904	0.360472749683752	0	0	0.173128854970802	0	0.00157134244338034	0	0.106	0.104505616514805	1.05773718875643
TCGA-V4-A9ED-01	0.00134850765476465	0.000308589148961126	0.000271509695516497	0	0	0.113790801395348	0	0.0250727620942223	0.100189871714548	0	0.0297785222654843	0.0314615787472467	0.0387153940275319	0.104206096930821	0.0218538149660879	0.277062127971091	0.0029286495989193	0	0.251916430007553	0	0.00109534378190487	0	0.191	0.073665791067597	1.0647965040856
TCGA-V3-A9ZX-01	0.000942702491453941	0.00102798708208999	0.00544003236779805	0.246205712552788	0	0	0	0.0924976764713062	0.003034202927681	0	0	0.0163302240473534	0.0117414711021348	0.011185875718375	0.148937964365736	0.23510310695194	0.0155060423148776	0	0.212047001606466	0	0	0	0.464	0.0224515636871243	1.09546656661223
TCGA-VD-A8KJ-01	0.0939608401032428	0	0.00323366461250555	0	0	0.164269228347004	0	0.0550096334951843	0	0	0.0265639847508985	0.00170400477839934	0.0471723821171395	0.0658820498404891	0	0.474369868098581	0	0	0.0678343438565561	0	0	0	0.148	0.0885294610039707	1.06745560688754
TCGA-YZ-A985-01	0	0.005779994731305	0	0	0	0.218130775302611	0	0.0151833968787254	0.125337931122834	0	0.106066999072683	0	0.0789765435576345	0.11838524169361	0	0.236822947737709	0	0	0.0892600566991519	0	0.00605611320373614	0	0.349	0.0432786734216693	1.07218107596137
TCGA-V4-A9EJ-01	0.0896110790324633	0	0.199315482749301	0.0678005582334386	0	0.0553303439652144	0	0.0258408381673296	0.00147764781410782	0	0.0194911491457209	0.0215350296996438	0.0370575540382336	0.00113056166995829	0.00876475283207448	0.450344324335219	0	0	0.0223006783172956	0	0	0	0.452	0.0246847076420147	1.07286479527733
TCGA-VD-A8KE-01	0.122189778174546	0	0.0682945674854998	0.0177837338934273	0	0.0316294646702878	0	0.0506349695641465	0.018942655277519	0	0.0118880621540075	0.0499374926375912	0.030876465926561	0.0463672903318631	0.00377783351642965	0.494621205966508	0	0	0.0530564804016136	0	0	0	0.384	0.0351349242883271	1.08839000263947
TCGA-V4-A9ES-01	0.00539824580150181	0.00907822447928204	0.0507749568706062	0	0.0144888485108061	0.19319733770467	0	0.0173505516796517	0.0291869536321992	0	0.0979800800998177	0.065862000976416	0.0893067211294195	0.34772506820502	0	0.0424545933242918	0.01087564580777	0	0	0	0.0263207717785485	0	0.228	0.0672392322730408	1.08823857559201
TCGA-WC-A88A-01	0.0709234775537107	0	0.0125188244763245	0.116385846701742	0	0.080565864313869	0	0.00635506694915629	0.0164146702576022	0	0.0319565932991674	0.00605757404312817	0	0.116849827246942	0.0327320407286349	0.479848563898563	0	0	0.0293916505311599	0	0	0	0.089	0.113624397660318	1.06434506657866
TCGA-V4-A9EH-01	0.0812763106336774	0	0.0551695289540225	0.180953057046647	0	0.186200967591663	0	0.0281291516912915	0.0436748337369765	0	0.0384087500139193	0.0257296352016027	0.0465302251875193	0	0.0514693805414337	0.228702598932666	0	0	0.0337555604685804	0	0	0	0.554	0.0152538403448019	1.08372507664532
TCGA-WC-A87Y-01	0.00156686402641618	0	0.0275351038702083	0.362452203071343	0	0.0210050420688016	0	0.0412808201993189	0.142147541739831	0	0	0.0358552612754462	0.0303241521697817	0.0877065943656061	0.000792594170220987	0.0659501704305744	0	0	0.180691012203541	0	0.00269264040891	0	0.564	0.0140989867105398	1.10606758318249
TCGA-V4-A9F0-01	0	0.00626009918229327	0.00226500034303327	0	0	0.156038503150623	0	0.011940408726993	0.0854172622909665	0	0.127293772238398	0	0	0.179432288542458	0.00794376989143099	0.194961804230516	0.00106971167875712	0	0.225630672943929	0	0.00174670678060177	0	0.106	0.104312494910837	1.0538881742853
TCGA-V4-A9EM-01	0.00180817185724081	0.00173101675506649	0.0157392481547704	0.0324748420772386	0	0.308284272932652	0	0.0386849967591041	0.0787414593866535	0	0.0525983047664493	0.00122411571831119	0.0433594202570483	0.180534206058256	0.00485560447055384	0.0442731387674283	0	0	0.187888369570413	0	0.00780283246881383	0	0.369	0.0385539859215033	1.07887855240694
TCGA-V4-A9EO-01	0	0	0.0184470299310096	0	0	0.257926342448661	0	3.91093387227777e-05	0.0744621734028497	0	0.128725160199798	0	0.0433851623193295	0.114267150083154	0.00509260855918873	0.0946989002628375	0	0	0.259691344146166	0	0.00326501930828442	0	0.792	-0.0135266305688921	1.10091148989738
TCGA-WC-A888-01	0.00404739463054119	0.026766594895269	0.0342546503858618	0.279418839641741	0	0.0538747491442889	0	0.0629499187521552	0.107637579737928	0	0	0.0619162988454319	0.0310234793436204	0.0916851504878363	0.079308192016408	0.105623569681588	0.00327093377534989	0	0.058222648661981	0	0	0	0.088	0.115598479955388	1.05332131264477
TCGA-VD-A8KD-01	0.0178324469069464	0	0.115112161497145	0.288502283513244	0	0	0	0.0378012063996966	0.0951135710933304	0	0	0.00601240132996132	0	0.167937572648048	0.0677507102174562	0.197869043163211	0	0	0.00606860323096164	0	0	0	0.043	0.162037813423188	1.02583766120938
TCGA-V4-A9ET-01	0.00551287487503473	0	0.00840178048185909	0	0	0.293719662240654	0	0.0106957322847435	0.0835245466492137	0	0	0.0654161821881021	0.113863217892318	0.157219166236456	0	0.163860542775286	0	0	0.0800693486796725	0	0.0177169456966596	0	0.193	0.0729450396882581	1.06158591684377
TCGA-V4-A9EC-01	0.151481525769998	0	0.0313741133022803	0.00378853957112323	0	0.053231326617578	0	0.0243219366038511	0.0654930971307578	0	0	0.0143906114734185	0	0.132853011350391	0.0193963847108572	0.365862415178492	0	0	0.137807038291254	0	0	0	0.0639999999999999	0.136941885160157	1.03857210528925
TCGA-V4-A9EQ-01	0	0.00993244808105186	0.0233255643009641	0	0.0787661311208686	0.0652365881076231	0	0.00981449495397866	0.101431300419104	0	0.106469188625053	0	0	0.0995273389158921	0	0.338620553481143	0.00189548799572135	0	0.164980903998601	0	0	0	0.272	0.0581753460629569	1.06816221485898
TCGA-VD-A8KH-01	0	0.014900068473066	0.17454217307416	0.000391831751141324	0	0.128060107588849	0	0.0289957121459746	0	0	0.0640986029825787	0	0.0270922220108413	0.426242761111325	0	0	0.00754012361984157	0	0.106328876176312	0	0.021807521065911	0	0.146	0.0893997961196317	1.07152457732562
TCGA-V4-A9F5-01	0.123616388814092	0	0.0847259737727411	0	0.0144505125906323	0	0	0.0562255293003156	0.0531675150844464	0	0.0464238920278253	0.0271795587383871	0	0.23776714095921	0.00387928635709666	0.307521531790228	0	0	0.0450426705650251	0	0	0	0.092	0.112570395853048	1.05437668522023
TCGA-WC-A883-01	0.00138783992916694	0.00436326495485905	0.0308936086669868	0.0127529951539064	0	0.0548291473017885	0	0.0297435477046052	0.0238087700014182	0	0.0315358897780816	0.00680072229225436	0	0.728637184757417	0	0.0265093752107354	0	0	0.0487376542487807	0	0	0	0.105	0.105016750694239	1.18282065149996
TCGA-WC-AA9A-01	0.0653502136797759	0	0.412581011661589	0	0.0885735273391786	0	0	0.0640831734281764	0	0.00571428073674262	0.0196809846170701	0.0122438460908263	0	0	0	0.331772962446641	0	0	0	0	0	0	0.268	0.059099918547129	1.04320382008429
TCGA-VD-A8KF-01	0	0.0056685384473641	0.035984004427765	0.153163571657682	0	0.358960969982367	0	0.0480586201938449	0.0934608498485147	0	0.061481385538157	0	0.0773992845044266	0.0281901701590397	0	0.0635150937028804	0	0.00500287166074544	0.0633215234906636	0	0.00579311638654988	0	0.883	-0.0269715640890385	1.13106099151261
TCGA-VD-A8KG-01	0.00914064090303606	0.00460045447331519	0.020212327451394	0	0.0437736584737947	0.200836417298823	0	0.0276371785859425	0.0615277106729979	0	0.0989285650246173	0	0.0363069100950943	0.17118851088862	0.0260532481041415	0.0645986047078617	0	0	0.225094396139721	0	0.0101013771806404	0	0.515	0.0179318827074207	1.08127901532932
TCGA-V4-A9EL-01	0.00424494206884764	0	0.044490660876412	0.202729969123482	0	0	0.000706851553552824	0.0712900872730061	0.0380456113408922	0	0	0.0258002253437649	0.0310066229079038	0	0.0544268680375477	0.391441726913746	0.000599612683521104	0	0.135216821877324	0	0	0	0.178	0.0775290892008069	1.05737345802159
TCGA-V4-A9E8-01	0.0259948543734265	0	0.0130853014929475	0.162866778330946	0	0.0495165976277783	0.00112909843240947	0.00952031824752865	0.0262527244556249	0	0.0661731257954862	0	0	0.304113201117064	0.0330091370849518	0.304433014389331	0	0	0.00390584865250581	0	0	0	0.013	0.222735860508314	1.02293009856935
TCGA-V4-A9F3-01	0.00412254480298536	0	0.0359277013287954	0.387263879801754	0	0	0.0149882369389606	0.0709057402940452	0.052796666182838	0	0.0348234387325794	0	0.0289511152309859	0.069936316625378	0.0696873628210113	0.126416305466568	0.00429253748461514	0	0.0998881542894834	0	0	0	0.36	0.0409290440338806	1.08647256199729
TCGA-WC-A885-01	0.197047638733957	0	0.108033149396893	0.0255452284496171	0	0.0213693132252308	0	0.0310636961254259	0.0272983506739838	0	0	0.00600707239909111	0	0.13338856739155	0	0.42413343141416	0	0	0.026113552190091	0	0	0	0.295	0.0533783268796892	1.08296955187969
TCGA-V4-A9EK-01	0.0462152683661463	0	0.0633486432226285	0.166243283169757	0	0.0447151370979381	0	0.0433585030488819	0.0340608228108343	0	0.0159446690131348	0	0.0052735678731745	0.0237273705913381	0.0223151305984072	0.513269667790326	0	0	0.0215279364174331	0	0	0	0.521	0.0172133877951428	1.0975059979322
TCGA-V4-A9EU-01	0.00100338852487857	0.00750827463725719	0	0	0.0452726001112471	0.214772909083431	0	0.019569803679325	0.0809479884163948	0	0.12215884313621	0	0	0.177014874623207	0.00145925636371147	0.23559862270566	0	0	0.0946934387186781	0	0	0	0.395	0.0332399896207106	1.08511483278763
TCGA-RZ-AB0B-01	0.0026134156941669	0	0.040387383903965	0.0233477567018327	0	0.187615669561357	0	0.0366290787151231	0.11136048969729	0	0.128908668803124	0	0.0100370750131585	0.143181477369051	0.00624984145420571	0.0521184879225071	0.0038333863970267	0	0.253717268767193	0	0	0	0.748	-0.00798525041216432	1.09925420959309
TCGA-V4-A9EX-01	0	0.00969995253346056	0.0167600819180151	0	0	0.315588838157828	0	0.0196489956144022	0.0969396172404343	0	0.116208417106969	0	0	0.333830726787395	0.00406315671304443	0.0579871476034505	0.00146682100151081	0	0.0201550731239156	0	0.00765117219957383	0	0.371	0.038173444303478	1.10507090694449
TCGA-WC-A87W-01	0	0.012546025406016	0.0204287871287214	0	0	0.36409086098885	0	0.0150175420109373	0.0609917760208264	0	0.0922234058469605	0.0127311547047134	0.0443357115958751	0.0932453528409231	0.00772166896595249	0.0445736105123743	0.00105292233944349	0	0.225464915138109	0	0.00557626650029772	0	0.792	-0.0136365752510174	1.1034154136095
TCGA-WC-A87U-01	0.125463248940298	0	0.103266110774151	0.0056939828721443	0	0.0474750772002259	0	0.00770814857689351	0	0	0.0236606963687189	0.00853722743690803	0.0545574314753725	0	0.00400428441949987	0.582450143674625	0	0	0.0371836482611631	0	0	0	0.431	0.0265916992432095	1.10524891921792
TCGA-VD-A8KK-01	0.0124692466523219	0	0.0368707926426705	0.026035992977686	0	0.0841132518325458	0	0.0329708570463113	0.02123647799674	0	0.0824384822708027	1.4769103058727e-05	0	0.283466945335685	0.0102455175117879	0.245340410842263	0.000722406470383665	0	0.164074849317743	0	0	0	0.109	0.101504140962666	1.06621428062277
TCGA-V4-A9EV-01	0.00700198537612165	0	0.0343758951946853	0.454829298482362	0	0	0.0060122884224273	0.0681105168660604	0.0564761224638088	0	0	0.0575493148331726	0.0253684824091926	0.0231025025262057	0.0454225288958331	0.121446586502301	0.00253220476612371	0	0.0977722732617065	0	0	0	0.07	0.130781935750233	1.06322702527448
TCGA-VD-A8KO-01	0.150120938364535	0	0.169101470102585	0	0	0.0525546258674678	0	0.0435948726040667	0	0	0	0.0404925750120403	0	0	0	0.506631581203761	0	0.000475006179137038	0.0370289306664078	0	0	0	0.738	-0.00638068025017639	1.0976472103319
TCGA-VD-A8KN-01	0.00113050841152641	0	0.0244761531876548	0.0912939233803854	0	0	0	0.0603662489118169	0.0103494600651505	0.0243288747472636	0	0.0398032101996269	0.0349576786555563	0	0.0287449909498785	0.503129333449651	0.00266604045723213	0	0.178753577584257	0	0	0	0.172	0.0788272109830614	1.07328195836711
TCGA-V4-A9EW-01	0.0809088195225439	0	0.0200598844412401	0.00998683354731988	0	0.107921823350971	0	0	0.0253122085456721	0	0.0305768453769872	0.0199220082023691	0.0311987591756032	0.155663284409477	0.012276172946282	0.384050728519121	0	0	0.122122631962413	0	0	0	0.336	0.0451262208615616	1.08426233527684
TCGA-V4-A9E5-01	0.0139975331974458	0	0.00160645502610743	0	0	0.115999619479887	0	0.01078176243128	0.069745947285858	0	0.0486382635897139	0.0128939774380889	0	0.16329127619588	0	0.284217213971032	0.00248890752456882	0	0.276339043860138	0	0	0	0.157	0.0856114970236814	1.07044218634413
TCGA-V4-A9F7-01	0	0.0201141952055778	0.0641918019584294	0	0.0110582618333027	0.113957898958699	0	0.0438122765428152	0.0346441522862704	0	0.136380122064206	0	0.0321140423514049	0.188198468781935	0.00870175028523739	0.0333252459512473	0.00989458842368224	0	0.298796483615204	0	0.0048107117419888	0	0.458	0.0235299251216087	1.08629943593339
TCGA-V4-A9EA-01	0.123440478360533	0	0	0	0	0.166315938369257	0	0.0409969701374025	0.0164056038606942	0	0.145673913693866	0	0.0511476246812907	0.0695716036013684	0	0.314504728819923	0	0.007868211479326	0.064074926996339	0	0	0	0.391	0.0337976117819728	1.07510357732079
TCGA-WC-A884-01	0.00453042326965766	0	0.00432417593832157	0.0525393481208676	0	0.00921649542156496	0	0.0855367246015849	0.0302559599408948	0.0186275977448663	0	0.0139716942510956	0.0227928042150267	0.22055763061254	0.00253747806394717	0.281044601704193	0	0	0.254065066115439	0	0	0	0.101	0.10609140849158	1.06732999437585
TCGA-VD-A8KB-01	0.0972854601067208	0	0.18721720222226	0.00829672139243056	0.0346234034084817	0	0	0.0529682514653753	0.00114550256899384	0	0.00637699908048719	0.0333974913160529	0.0353197527622566	0.0134748559695285	0.0166962108626201	0.513198148844792	0	0	0	0	0	0	0.266	0.0598061450461258	1.0736680279914
TCGA-YZ-A982-01	0.00110095437680546	0.000754768248035447	0.0335524465722119	0	0	0.267408633220993	0	0.0251017903289961	0.04789734847769	0	0.0580637994680944	0	0	0.117157518656289	0	0.357171372732151	0	0	0.0917913679187341	0	0	0	0.32	0.0489540702371782	1.07607861304034
TCGA-YZ-A984-01	0.00312032057843111	0.00107231761665235	0.0353172405426447	0	0	0.111680901310679	0	0.0308855363851799	0.0588102672226078	0	0.0333576141234493	0.022101607771042	0	0.288685289318515	0.0159346062710083	0.145853063842069	0	0	0.233797832825901	0	0.01938340219182	0	0.077	0.125770184821409	1.05170082951938
TCGA-VD-A8K8-01	0.00492026087174316	0	0.0467944794866214	0.543036305497715	0	0	0	0.047378119201923	0.0927684466429848	0	0	0.0145837364199574	0.00544379850512512	0	0.0354550268003037	0.209619826573626	0	0	0	0	0	0	0.363	0.0397901982583138	1.12473969321789
TCGA-YZ-A983-01	0.00142602324608339	0.0065278891656213	0.00373405051935566	0	0	0.300990202881795	0	0.0398569537549093	0.0848280400960306	0	0.208846867444362	0	0.0936281974322832	0.09887561264252	0	0.0433969326037948	0.00047903878220028	0	0.117410191431045	0	0	0	0.735	-0.00569948117588138	1.11057272994157
TCGA-V3-A9ZY-01	0.108114600259589	0	0.0653121582258821	0.108467555976741	0	0.0572203491808795	0	0.00923373672833653	0.0808210758022119	0	0.0225449912730989	0.0125646119771958	0.0286527800523846	0	0.000514544889353948	0.472154233790832	0	0	0.0343993618434953	0	0	0	0.379	0.0366551508391833	1.07917836431813
TCGA-V4-A9EE-01	0.049817702123382	0	0.0139903356405741	0.216708184488807	0	0	0	0.0966079273127612	0.0416904376183902	0	0.00269439206377459	0	0	0.197208360891334	0.0336857935637465	0.346041468608678	0	0	0.00155539768855221	0	0	0	0.454	0.0240938406295281	1.10290802325278
TCGA-VD-A8KA-01	0.0196875287383065	0	0.0917159503138583	0	0	0.250645097254159	0	0.0102130240561096	0	0	0.0190165353443819	0.0404804118615854	0.0506971152668189	0.249534722528555	0.00386876679085815	0.137704582791057	0	0	0.12643626505431	0	0	0	0.289	0.0546199972540866	1.06654959780292
TCGA-V4-A9F2-01	0.016740373718711	0	0.0141507004871278	0.0407082423851341	0	0.157512282609549	0	0.0194923118892839	0.0877016689419671	0	0.0743502422822987	0.0269302394005377	0.126899552579377	0.0647692261008944	0.0173616293394792	0.206626032999368	0.00082532830614484	0	0.145932168960127	0	0	0	0.453	0.0242565316012966	1.07165671252442
TCGA-V4-A9EF-01	0.110518196157176	0	0	0.189971355451424	0	0.0047549488302125	0	0.0535271063866406	0.0209950567539779	0	0.0180913885771623	0.00944298265887599	0.021464424713067	0	0	0.547508697929951	0	0	0.0237258425415136	0	0	0	0.331	0.0465994352447607	1.09392073830582
TCGA-V4-A9E7-01	0.119569306917183	0	0	0	0	0.260837027573848	0	0	0.0183310542098559	0	0.0193396957381621	0.0454683312006221	0.0578624373667067	0.0170309064384057	0	0.328792213709789	0	0	0.132769026845428	0	0	0	0.495	0.0197232100092679	1.0779294699938
TCGA-VD-A8K7-01	0.180558585979081	0	0.0522368190292867	0	0.0258091471957611	0.0467976655513169	0	0.0518705873710196	0.0303815546626277	0	0.076763421884502	0.0382673205857869	0.0908667775650726	0.0440746473440606	0	0.193556610558176	0	0	0.165382873250025	0	0.00343398902328445	0	0.814	-0.0161679976943355	1.08074501039268
TCGA-VD-AA8R-01	0.0314805522757137	0	0.147021357009631	0	0	0.199888274372949	0	0.0819332995247436	0	0	0	0.0795373472289915	0.0368217072285072	0	0	0.328421386935547	0	0	0.0948960754239159	0	0	0	0.441	0.0258534146527209	1.06398802856467
TCGA-VD-AA8S-01	0.00144361198780082	0.00220198252413907	0.00668135289165673	0	0	0.250802606688104	0	0.0294005660118271	0.0886365780513949	0	0.0939704951325645	0.0149158432408619	0	0.113044817188663	0.0151915046055418	0.189503133254772	0.00283702270327682	0	0.191370485719397	0	0	0	0.346	0.0439222862623579	1.07315007593399
