B cells naive	B cells memory	Plasma cells	T cells CD8	T cells CD4 naive	T cells CD4 memory resting	T cells CD4 memory activated	T cells follicular helper	T cells regulatory (Tregs)	T cells gamma delta	NK cells resting	NK cells activated	Monocytes	Macrophages M0	Macrophages M1	Macrophages M2	Dendritic cells resting	Dendritic cells activated	Mast cells resting	Mast cells activated	Eosinophils	Neutrophils	P-value	Correlation	RMSE
ERR2208887	0.0327674796075374	0	0.00560307723007045	0.0106534891687866	0	0.183780890238058	0.130701325515855	0.00713048680288889	0	0	0.0292485302242848	0	0.0122082874748216	0.0856988379419364	0.0519841500081991	0.173364555160823	0.192727259988521	0	0.0681933573497117	0	0.015938273288507	0	0.087	0.0958236980276635	1.03259974854319
ERR2208888	0	0.0178118147916142	0.00770040915296694	0	0	0.193333179027069	0.0977596608148362	0	0.00344828084869811	0	0.118692218467699	0	0	0.469898002027428	0	0.0749117114285515	0.00198171428544252	0	0.000724357178476201	0	0.0137386519772185	0	0.164	0.0677506190577645	1.09876997348205
ERR2208889	0.194172682213663	0	0	0.0481381602927528	0	0.141042915950402	0	0.0372034743205281	0	0.0082752731181319	0.00738339118835225	0	0	0.28597474491372	0.0217902975338156	0.119837962108137	0	0	0	0.114119555664563	0.0220615426959335	0	0.015	0.224784386359552	1.00289218791463
ERR2208890	0.108873029703903	0	0.0384627590750077	0.124576589290355	0	0.140865438977438	0	0.0653627468271789	0	0	0	0.0977267287450108	0.0138034835980075	0.149938444010478	0.0374321315907165	0.153491961008375	0.0421689569199269	0	0.00424146771450633	0.00968862276681827	0.0133676397722768	0	0.026	0.18136986483945	1.01433069818013
ERR2208891	0.024473646837944	0	0.00386263552762401	0.263330329646268	0	0	0.130582135568522	0.0518031126825016	0.0243439208911203	0.0306880817366968	0	0.0178953549621545	0.00635006488306255	0.138288043351389	0.0375936777712507	0.18250918038662	0.0422769763523961	0	0	0.0226651930659929	0.0233376463364584	0	0.172	0.0628944409313132	1.06264650965609
ERR2208892	0.0176772173378488	0	0.00829256319664925	0.167273907968223	0	0	0.0982031936805649	0.0745509329860448	0	0.0420038671493305	0	0.076237212633206	0.013602717148059	0.187952564893298	0.102776946790489	0.115107008655542	0.0384941676838956	0	0	0.0278425691190294	0.0299851307578197	0	0.105	0.0879795247627021	1.05889658302636
ERR2208893	0.0399650245905652	0	0	0	0	0.19316903690711	0.041308783571534	0	0	0.0303083561337145	0.00662309053328838	0	0.0442472295921129	0.153150658657078	0.0472385200711509	0.3909398746806	0	0	0.00955497463804334	0.00142505413227979	0.0116474052464415	0.0304219912460817	0.483	0.00330615654658917	1.0961208135722
ERR2208894	0	0.0545963986594355	0	0.0422997775801713	0	0.12351504328212	0.142986859778931	0.043035911980182	0	0.00581827619494757	0	0	0.0435054565041126	0.0582260055626653	0.0846048164545464	0.295058342657899	0.0455517266364441	0	0	0.0428851376775006	0.0179162470310442	0	0.214	0.0508482940088803	1.05657662448416
ERR2208895	0	0.0276418234994076	0.0099440512067549	0.0243021451315052	0	0.298510753963131	0	0.0129199112851344	0	0	0	0.0646904877492188	0.0359675273591202	0.129956804140269	0.0864235570262294	0.190376367291415	0.033501036545394	0	0	0.0653552185771386	0.0204103162252818	0	0.212	0.0514371343130502	1.06739459274677
ERR2208896	0.11213074923622	0	0.00574549134320529	0.105317152065894	0	0.00291627411102616	0.154252385252624	0.0654826856027243	0.00157517925779323	0.0547578869870208	0	0.0525973916426614	0	0.19780763524116	0.127020213723729	0.0708315088086426	0.0475970602148987	0	0.00196838651240053	0	0	0	0.04	0.146040521753171	1.03160587778164
ERR2208897	0.149180556934639	0.191485767897544	0.00507322156653735	0	0	0.211559179486398	0.0730125216313933	0.0234215359118926	0	0.0239786314277361	0.0114294815497298	0	0	0.0972735999605724	0.0475018507571942	0.0979210158417889	0.048156959810714	0	0	0	0.0200056772238603	0	0.002	0.402721972328556	0.915930746645596
ERR2208898	0.142715615345561	0	0.0458119201588482	0.0480563425963223	0	0.140253840022148	0	0.023577206065042	0.0416031058961609	0	0.0204960764020068	0.0254489802465108	0.0643773196533049	0.0730182660895595	0.0153499160362041	0.274190774827489	0	0	0	0.0547942565751379	0.0303063800857045	0	0.012	0.238888032352882	0.985333370568343
ERR2208899	0.125839058276536	0.126037590293239	0.00682244086468646	0.0109876418523043	0.280124120285916	0.24536232893056	0.0991335845344717	0	0	0	0	0	0	0.0406028954700293	0.0060425235065935	0.0534275693294917	0	0.0031177223764551	0.00250252427971728	0	0	0	0.002	0.402176626723732	0.923578811582702
ERR2208900	0.103458226573844	0.0909734052713018	0.0195650782032882	0.113384210174741	0	0.0879682004429032	0.0580165583317267	0.0819955341261698	0	0	0	0.0830142284301031	0.0271521621316329	0.0261290590853114	0.112882879395031	0.0536884143033252	0.0845564389433774	0	0	0.00888976730735432	0.0483258372798902	0	0.00900000000000001	0.264040966719997	0.979249960683563
ERR2208901	0.02427845552284	0	0.000768340379779624	0.0188491942040184	0	0.082156585951519	0.0558716866324951	0.0114078741659448	0.00106918010236717	0.0282310036948674	0.0175595030880168	0	0	0.502638610160592	0.0564376216680652	0.159765441956517	0	0	0	0	0	0.0409665024729775	0.093	0.0916595072454863	1.10617943983503
ERR2208902	0.0854285696139596	0	0	0.0760511145280782	0	0.162064980708627	0.0551629911073285	0.0751297503648744	0.0111692949491456	0.0178406210848204	0.0261374481394648	0	0.0261171409241387	0.027132903601971	0.0380224290142245	0.135464739499258	0.134819597269646	0	0	0.104881922073511	0.0245764971209523	0	0.095	0.090888729858222	1.03940294121677
ERR2208903	0.0232456404262511	0	0.00311989725096744	0.0830592423125524	0	0.226555497557839	0	0.0205736997287206	0	0	0	0.0865927597418081	0.0203021891577882	0.152832331977037	0.0236685207189493	0.281364524276554	0	0	0	0.0637923769555294	0.0148933198960032	0	0.173	0.0617241840128251	1.07167408454223
ERR2208904	0.0751920327141691	0.0133469634071025	0.0694689201629152	0.259536483115567	0	0	0.0653625886692731	0.109816350810491	0.0712954899724215	0	0	0.0520526562049159	0.012219025171673	0.0188425527828704	0.104305721772886	0.0854625749477465	0.0581862603240203	0	0	0	0.00491237994394823	0	0.016	0.217170707746011	1.00752841402401
ERR2208905	0.0162693231898257	0	0.00763019385145748	0.136091774490638	0	0	0.190803782193707	0.0706918417908968	0	0.0103487300647235	0	0.0216469823273306	0.0163895581028784	0.242908858186955	0.156634204353244	0.0704539702432207	0.0274135903708651	0	0	0.0245277490483706	0.0081894417858869	0	0.15	0.0743540694697816	1.06909660327376
ERR2208906	0.0565606422428939	0.0358418236674548	0	0.139682763760596	0	0.0141838827271508	0.0524858495683386	0.11642082074579	0	0.0187602224813968	0	0.0476632683049413	0.0200865647170642	0.222830664545598	0.127463099028774	0.0754959121081565	0.0239214019057702	0	0	0.0333773786306906	0.0152257055653849	0	0.055	0.12538901417752	1.04224595929539
ERR2208907	0.0119427821123177	0.0248852634620691	0	0.0357274099613665	0	0.106876042864641	0.191714090692014	0.0396245351213248	0	0.0604482104336691	0	0.132362156974658	0.00112408214880407	0.0792731639182322	0.116024274246725	0.0840221956063444	0.0432195974472323	0	0	0.0179975253058153	0.0547586697047866	0	0.24	0.0418511223429092	1.08612194309953
ERR2208908	0.0611931535353304	0	0.00795949104434259	0.0735720849660385	0	0	0.262357686755644	0.0103243958090637	0	0	0	0.0520893051609953	0.020211095284806	0.0694179989716305	0.105644722302655	0.232935761220518	0.0574806373696577	0	0	0.0162451228115752	0.0130455199477622	0.0175230248199809	0.047	0.136158982212489	1.02693377102774
ERR2208909	0.0135809423821254	0	0.00279204209810582	0.0518328908970819	0	0.0641145338623374	0.167338282668192	0.010582240435288	0	0	0.0119118607646307	0	0.0185902817548381	0.176577106289109	0.0581142689186243	0.222416878727123	0.167339154767973	0	0	0.0236907163452172	0.0111188000893547	0	0.089	0.0944909942924572	1.04777772203207
ERR2208910	0.0823202164246472	0	0.0160642280327365	0.132205855184801	0	0.193011387416743	0	0.0527672474707209	0	0	0	0.0652406961597889	0.0106194712822458	0.149220335792134	0.0282483284146145	0.156757148464191	0.00183120063502835	0	0	0.0632600060136815	0.0405288701059661	0.00792500860270212	0.0610000000000001	0.118111175552578	1.04132650254201
ERR2208911	0.120274494016459	0	0.0650662297322935	0.0096541157590826	0.0441256519982068	0.093466150256567	0.127455020811392	0.0884009730040443	0	0.0352954131942585	0	0.0391453856169693	0	0.138591940179188	0.121929935767941	0.0539306173061391	0.0438578915168127	0	0.0188061808406473	0	0	0	0.013	0.232334205204842	0.990432916035008
ERR2208912	0.162999993379997	0	0.0284117887477059	0	0.0422064143080942	0.209732712300421	0.144182400339396	0.00846752729339603	0	0.0439104648282572	0.0118001600030763	0	0.00473357904521637	0.0721956548366134	0.121195975654094	0.0648310053277281	0.0425103882700903	0	0.0279586866075439	0	0.0148632490583704	0	0.01	0.249948757694829	0.981877596545875
ERR2208913	0.041028558684676	0.0387411410496874	0	0.148140854676429	0	0	0.186927681115364	0.0788589217930368	0	0.0408501214139527	0	0.039830685692881	0.0032189431767999	0.144377751551894	0.140195605599709	0.109451183774462	0.0137400382459048	0	0.00753838557933811	0	0.00710012764586582	0	0.052	0.127638964387541	1.04006856935256
ERR2208914	0.0240963535965773	0.0775862949255828	0	0.0567342097254013	0	0.061235410232753	0.141350691958686	0.0663176457785118	0	0.0147201711378984	0.0200334728697317	0.000179876667172892	0.0364694174592191	0.165979867855655	0.180791307026636	0.0845530613353516	0.0263560286774246	0	0	0.0285510414892109	0.0150451492641882	0	0.05	0.130548881360117	1.0389177582135
ERR2208915	0.0538397694685146	0	0.0373505773111836	0.0633850355937089	0	0.0608220280049105	0.119420252721244	0.0496546969331358	0	0.0351418782081615	0	0.0307004040264515	0	0.233785825883802	0.161692678722776	0.0607522334370869	0.0449010930469801	0	0	0.00989490853167166	0.038658618110374	0	0.0659999999999999	0.113616687024395	1.04831264854515
ERR2208916	0.0392220216969604	0	0.00340775677719618	0	0	0.180172118207627	0.0497888395504864	0.00025160952554416	0	0.0139497953902761	0.0484664818811919	0	0.0285934857971411	0.121745374300555	0.0393540471041125	0.348935919280386	0.0404113322562846	0	0.0606879273872346	0	0.0250132908450036	0	0.0669999999999999	0.111263310629181	1.03814288330501
ERR2208918	0.0169875753988918	0.0585286542529239	0	0.117084879632135	0	0.127715658268299	0.0783049374695274	0.0418968525020662	0	0	0	0.0168559774765952	0.0173922682749341	0.203960382884554	0.0684633881522548	0.110845423385816	0.0145499459346946	0	0	0.127414056367309	0	0	0.044	0.141390290664635	1.03133007281413
ERR2208919	0.0494187761749128	0	0.0481212709180037	0.0739159352900051	0	0.12783213403782	0.133301214827331	0	0	0	0.0259510122067556	0	0.105040017518608	0.170000819329385	0.0173597546726942	0.204335098477916	0	0	0.0126228844240371	0	0.0321010821225318	0	0.038	0.155927065118971	1.01536997083809
ERR2208920	0.089423453097532	0.030389057534418	0.0270313052865295	0.118297482142543	0.0335012807102405	0.174787632494955	0.0464669444807116	0.0467953410206048	0.00218232333555238	0	0	0.0770013762352888	0.0231095223124197	0.0518149497073015	0.0598986247988086	0.118272590258188	0.0361580525981802	0	0	0.0572231986356138	0.00764686535111225	0	0.018	0.197513178607091	1.00701854143481
ERR2208921	0.0844452148127076	0	0.0154745734005254	0.164438612791752	0	0	0.125497587587065	0.0825820116669816	0.00448297103564822	0.0754246159062841	0	0.0757072663613562	0.0041540072733044	0.106373334492752	0.129468265902353	0.0751561634698022	0.0471366142667454	0	0.00360954539918572	0	0.00604921563353676	0	0.0580000000000001	0.123077463955636	1.04760485781692
ERR2208922	0.0600774424601134	0.0111674280669904	0	0.00980578831556785	0	0.170158077447154	0.128251272623368	0.021582913339533	0	0.0199786813737527	0.0319607430038355	0	0	0.411903162238626	0.0504933594564793	0.0551627625571923	0	0	0	0.0294583691173876	0	0	0.05	0.131494231903276	1.05170258558848
ERR2208923	0.0761979018222053	0	0	0.00109386319839101	0	0.10142603865661	0.0364321262291429	0.0716113704162744	0	0.0276123311371157	0	0.0505648059914095	0	0.212742641786649	0.168230173535638	0.116854354149038	0.021190678971612	0	0	0.0881271613489712	0.0279165527569424	0	0.135	0.0784996845110621	1.07105276696329
ERR2208924	0.109205862917705	0.050916178582386	0.00294237254763477	0.063480632822405	0	0.129223160763149	0.10218170175015	0.0361347579005285	0	0	0.00738787210210331	0	0	0.297718279829599	0.0417873342129686	0.158912783295306	0	0	0	0.0001090632760649	0	0	0.017	0.206753412006669	1.00740585341599
ERR2208926	0.240119550736818	0	0.00976989624061218	0.0342784366664488	0.0229197128978309	0.144029991306057	0.220061052734932	0	0	0	0.0162202521445118	0	0.00199765554655966	0.0430068242508188	0.0354410602466469	0.0940273150156887	0.13047549513771	0	0	0.00765275707536493	0	0	0.00900000000000001	0.288411021329522	0.964558890927425
ERR2208927	0	0.011249356084293	0	0	0	0.182326743281072	0.21410510637491	0.00548491554263091	0	0	0.0572757047987454	0	0.00277295900994874	0.0604958775089039	0.0604543483602971	0.223939198727509	0.00864821309545424	0	0	0.0247922962246066	0.0420129003703671	0.106442380621262	0.544	-0.00259514503673697	1.07821318377057
ERR2208928	0.0233735101030673	0	0	0.0150729442612314	0	0.135296148885824	0.0666908616141481	0.0835272435699266	0.00642775077790397	0.0353063782189939	0	0.00467543163516095	0	0.281646292796738	0.112533610925279	0.165313207756452	0.0523742790151698	0	0.017762340440105	0	0	0	0.0659999999999999	0.11215880506748	1.05240169715028
ERR2208929	0.013298909644739	0	0.000790410203413741	0	0	0.107778198733963	0.0238977057975467	0.0273303609307543	0	0.0330165470880563	0.0035329617565912	0	0	0.524206108207739	0.0482544050411641	0.153880672877193	0.0275260972003145	0	0	0.0176218275650198	0.0188657949535062	0	0.0620000000000001	0.116249446828492	1.0992469941123
ERR2208930	0.0437038034593391	0	0.000891035735428326	0.112546779973211	0	0.083986737872658	0.0265988942263932	0.0225001656530855	0	0	0	0	0.0910788992265478	0.104347299291997	0.0213975651768423	0.0996011441795945	0.218192423191731	0	0.175155252013172	0	0	0	0.169	0.064691824260842	1.04658575836614
ERR2208931	0.0376321749277191	0	0	0.034752951192479	0	0	0.0784949821189668	0	0.0297034693711259	0.0166852092610601	0.0104141286306776	0	0	0.499612010490304	0.0388038893793284	0.167247044781887	0.0101887586789573	0	0	0.0764653811674947	0	0	0	0.52960829430212	0.849814018725637
ERR2208932	0.0722044665395264	0	0.00736946848648179	0.00856791584799519	0	0.129398465177466	0.0213395426386628	0.0249041850291527	0	0.0135274509463497	0	0	0.0200928576888183	0.20557054336476	0.025910689410816	0.156946076740674	0.0256115139779877	0.0114651566071743	0	0.22487552026376	0.00982423236106328	0.0423919149193111	0.163	0.0678456859573495	1.07604533652347
ERR2208933	0.147612608613525	0	0.00288359363124147	0.0434147953175865	0	0.272388262411159	0.0103063848341149	0.0479240410108065	0	0.013611814952765	0	0.038140463984969	0.0221503745463259	0	0.0460431641738725	0.196855901532772	0.102434266569995	0.0113645639991443	0.0189162689906576	0.0259534954310665	0	0	0.037	0.162392915154139	1.01652926745248
ERR2208934	0.0718245927470232	0	0.000771602914383172	0.00553726453408906	0	0.0439011897401488	0.242871343085031	0	0	0	0	0.0289691471651752	0.128822935649267	0.00682067971063689	0.0100975007900327	0.192932557713488	0.008362936008145	0	0	0.184664493264057	0.0744237566785217	0	0.121	0.0812547563249431	1.05410564127499
ERR2208935	0.120223287414738	0	0.0608957729274393	0.0913167508565288	0	0.131540410701529	0.0587371683754989	0	0	0	0	0	0.109205468865168	0.0431531455418552	0.0289106665807416	0.167848066704332	0.123954054681348	0	0.0100497543735999	0	0.054165452977222	0	0.00900000000000001	0.269465627107992	0.968747430884367
ERR2208936	0.0624873991291459	0	0	0	0	0.146932008676456	0	0.0329187518172129	0.0118622590027267	0	0.069875580626035	0	0	0.460658561740239	0.0100813813715732	0.158756192239073	0	0	0	0.0427114320997932	0.003716433297745	0	0.0620000000000001	0.115670507309161	1.07973444501877
ERR2208937	0.0487897865953895	0	0.0141028338344253	0.0902448917622288	0	0.0729182127976544	0.131329167199119	0.0241274097588245	0	0	0	0.110840781918595	0.0883378537618496	0.118493305002769	0.0762333142475064	0.178582904378109	0.00110534509604317	0	0.00375248930584695	0	0.0142480596527416	0.0268936446888978	0.043	0.142278782400402	1.02801376218252
ERR2208938	0.0335956843852837	0	0.00422528797562981	0	0	0.0265027538227768	0.0794266180584242	0.0742395535628381	0	0.0329363717941329	0	0.0207533813303127	0.00798529779054644	0.276802743078527	0.0715736525457351	0.182727317518094	0.0607065375594526	0	0	0.086990776017679	0.0222938710181724	0.0192401535423946	0.272	0.0351101827765521	1.08600182340653
ERR2208939	0	0.0111323362069788	0.0165784121797884	0	0	0.0522502953744499	0.111830711104505	0.0142253869240344	0	0.015488985038531	0.0327310942475376	0	0	0.272800671158967	0.0146772631081022	0.421849726422759	0	0	0	0.0250677611592804	0.0113673570750653	0	0.001	0.430366072679208	0.906774976513294
ERR2208940	0	0.0783573659145373	0.0057544078527893	0.0213870449243284	0.0073548479324431	0	0.31508534753979	0	0	0	0.0492772572927896	0	0.0465578321251385	0.213799818559687	0	0.114516588144903	0.0352146703354263	0	0	0.0541209993438586	0.0231493015317281	0.0354245185025799	0.07	0.107150322478011	1.0379275809461
ERR2208941	0.0326550768008332	0	0	0	0	0.144487375847126	0.0730664937851094	0.0244261447819306	0	0.0156950143358385	0.031963305691652	0	0.0127927346632622	0.330234188506623	0.0421316346691827	0.23231762430252	0.0284138141144419	0	0.0125605066346771	0.0165703242223047	0	0.00268576164449854	0.005	0.343797147365117	0.948609442806003
ERR2208942	0.0809831906246357	0	0.00565032178104946	0	0	0.0750815574516739	0.0527852772878424	0.0106664358434358	0.0123411766896455	0.0176593748883784	0	0	0.0623003589930062	0.160300435725698	0.0106442132269594	0.197846701286773	0	0	0	0.0713999251679676	0.0617572333774385	0.180583797655497	0.039	0.14958084666498	1.03806367852791
ERR2208943	0.0455062174308841	0	0.00205565724265418	0.0383186229416375	0	0.122383881513256	0.0190369891584821	0.00659898363355643	0.00835244015547937	0	0	0	0.0169504420910201	0.454023282471337	0.0120077302061735	0.221586395188664	0.00183658424483303	0	0	0.0513427737220232	0	0	0	0.615373466606211	0.790669186222143
ERR2208944	0.00974931839503541	0	0.00595152058240508	0.28890510287352	0	0.01322322813923	0.0885589144916862	0.0655673517870736	0	0.00448942933459587	0	0.087339845070753	0.0320743315801927	0.0181714484700754	0.119353874437087	0.163918742441657	0.0383353293867824	0	0	0.0292182007695061	0.0351433622403999	0	0.004	0.365784892326081	0.935849705854691
ERR2208945	0.00633677628686289	0.00695422128806899	0	0.113445703999338	0	0.157432976917479	0.0732334538669621	0.0635382048418578	6.47297684561045e-05	0.0645744591210514	0	0.0216419003594867	0.0195586138344737	0.0899887377567692	0.073240796536255	0.148528438172386	0.122845495636274	0	0.00958880565059926	0.0117017664650561	0.0173249194986232	0	0.323	0.0264636407602048	1.07240759849722
ERR2208946	0	0.176253032840425	0.0297490487569237	0	0	0.13865871494726	0.00310608494416055	0.0847972389163211	0.00901705108512027	0.0201970432867669	0.0371330869251107	0	0.00458947824671341	0.377319726783962	0.0253122132425374	0.0733681666594596	0.0070370108096831	0	0	0	0.0134621025555562	0	0.011	0.240893205183304	0.998873595604721
ERR2208947	0.0390598288520154	0	0	0.0869351088286266	0	0.00508177144283667	0.269124404126517	0	0	0.018474328444087	0.0372586108611919	0	0.0519933130973671	0.0323919660497317	0.0720471897262276	0.24677212820128	0.0336825862074792	0	0	0.0566478834685185	0.0505308806941206	0	0.624	-0.00744049804211254	1.07544690261782
ERR2208948	0	0.0616853631843832	0	0	0	0	0.0835225200288561	0	0	0.0569496218786012	0.0127094000425789	0	0	0.453382923586014	0.0258539981298344	0.216096680645159	0.00619319460401349	0	0	0.0280595886990785	0.0555467092014806	0	0.439	0.00761742207307687	1.13988077384927
ERR2208949	0	0.11610110405465	0.00184351856374842	0.0177207733596796	0	0.0956101242135268	0.01993172749019	0	0	0	0	0.0482089410538962	0.0727765064171854	0.0595125442107186	0.00711352057650621	0.142085906878201	0.0756760681038732	0	0.292404455727406	0	0.0510148093504184	0	0.527	-0.00109373989663609	1.07735473215983
ERR2208951	0.121462335837188	0.111687703876568	0.0839646900735414	0.0370095961116349	0	0.0384644273119536	0.182078006939005	0.0448287008811502	0	0.0401611622511142	0.0129209372054337	0	0	0.142999583205723	0.0457639106919917	0.0817653854471333	0.0189370722957667	0	0	0.0379564878717965	0	0	0.002	0.400465660319949	0.916260237679002
ERR2208952	0.124199961941661	0	0	0	0.0369886531820547	0.121987654799564	0.146612516686723	0.0337176652633469	0	0.0272258352104192	0.00254220784885548	0.0100957733311267	0	0.14880773798084	0.214536544103909	0.0138275458823955	0.0582064386600545	0	0.0475612350618803	0	0.00506927188015206	0.00862095816701674	0.017	0.207607258877679	1.01078352031959
ERR2208953	0.103996490900545	0	0	0.0306233763876178	0	0.209551542394118	0.158067363768936	0.0648042030794984	0	0	0.0129704318187218	0	0.0202530703121596	0.0292725572211875	0.0451785384449173	0.107346609031696	0.13144423110132	0	0	0.0213181571345159	0.0583378137224096	0.0068356146823557	0.069	0.10846518574441	1.02985690391088
ERR2208954	0.0857091166236714	0	0.0263885778555209	0.0857405838511418	0	0	0.00840042940999824	0.0898190003826447	0	0.0333713413010949	0	0.0575440734818384	0.0177950847280746	0.177364972076721	0.133507655145901	0.197847831026826	0	0	0	0.0865113341165672	0	0	0.042	0.14265698931299	1.03778887673026
ERR2208956	0.0593394119722616	0.0899169621828754	0.00146253835569818	0.0705851332628788	0	0.0980637703621074	0.0364993056731952	0.00540102006821875	0	0.0114064236500266	0	0.0169391746707763	0	0.293968632897318	0.0560111377671472	0.218808042737387	0.00291841657847191	0	0	0.0375875485371832	0.00109248128445462	0	0.018	0.202244582432272	1.01322985307235
ERR2208957	0.0170074836473419	0	0.00322330044237616	0.248751196703668	0	0	0.193061041048034	0.0452067494966995	0.00485688691823606	0	0	0.0734216037467261	0.0302888883824435	0.0128571636796737	0.10926304677345	0.16138322198491	0.0420071323874501	0	0	0.0227328444402106	0.0359394403487808	0	0.0620000000000001	0.117034319964432	1.04631339748443
ERR2208958	0	0.0121048249739579	0	0	0	0.0796930320914198	0.16537207229333	0.0405103556782175	0	0.0233967764974096	0	0.0315038327125419	0.0475366465441434	0.182813846628611	0.0672303928326249	0.143892850798055	0.108309213453808	0	0	0.0633756073244061	0.0342605481714755	0	0.039	0.151045987390911	1.02175490328068
ERR2208959	0.248555911781996	0	0.0272764604618744	0	0	0.0939716736322185	0.115737044963308	0.0629278499068015	0	0	0.0424825006623184	0	0.0386573108164832	0.0765178396901066	0.0266341651790828	0.162186552691659	0.0246042364085868	0	0	0.0702644614999251	0.0101839923056397	0	0.00800000000000001	0.318938576847467	0.951951211323674
ERR2208960	0.154477398769648	0.100325531086391	0.00935923211014504	0.0494218702040254	0	0.11311512437389	0.153369394938836	0.0588666956821592	0	0.0176553288250667	0.0041744370956017	0	0.0102130136171845	0.184462803786077	0.0492465815078282	0.00596727791425503	0.0536159032095842	0	0	0.0352944126392862	0.00043499424002192	0	0.00700000000000001	0.329827667985697	0.948163047284694
ERR2208961	0.0131581132784968	0.017160394809285	0.0213649707692997	0.153950746049457	0	0.0304166334636884	0.104751132905438	0.171735294258568	0	0	0	0.0599238264896779	0.012022213141492	0.163911032520416	0.0224670393073314	0.109085205152635	0.0591513358272235	0	0	0.0320664107799755	0.0288356512470159	0	0.091	0.0929899798213491	1.04970017361302
ERR2208962	0.0667599575533651	0	0	0.044628519535368	0	0.193209418591504	0.0967538626013777	0.0974677363569552	0	0.0439623795065339	0	0.000320364317091767	0	0.120593378963462	0.0757183812491223	0.12945424725283	0.110326818614684	0	0	0.0147021438429839	0	0.00610279161472176	0.071	0.105802857336994	1.03892158073581
ERR2208963	0.0977717521292486	0	0.0160694160070529	0.110987088049925	0	0.0721120187815876	0.139105822200225	0.0452884026941788	0	0.015414229660517	0	0.0253096744404461	0.0464730982370673	0.0802816151554904	0.0683852319857457	0.207171998117943	0.0368640698903888	0	0	0.00457435814311106	0.034191224507073	0	0.018	0.19610096257389	0.998578463171067
ERR2208964	0.0634250280968357	0	0.00596368065320014	0.0503144777969911	0	0.0899005739193807	0.0708595650784157	0.0171553025174463	0	0.0387829021615559	0	0.0133982497002548	0.00162371503512615	0.0550392222220065	0.0460924207636214	0.421400125873	0.0872260516125906	0	0.038818684569575	0	0	0	0.017	0.212986525748744	0.998750476741438
ERR2208965	0.0653551924770697	0	0.0103540992673861	0.158499086992007	0	0	0.199982034408543	0.101517699389133	0.000539497625759036	0.0208938110236848	0	0.037560469877848	0.00255050296266378	0.152550739842144	0.0900665422932588	0.12727353944699	0.0279042823986578	0	0	0	0.0049525019948561	0	0.069	0.10828133912155	1.04236179694559
ERR2208966	0.0893514995182193	0.0329744262610011	0	0.103600486151682	0	0	0.248740542870039	0.0294832730757311	0	0.00656087528029118	0	0.0585000775333032	0.0205559241604324	0.0885300128296106	0.120762985416115	0.0301125809897275	0.0447696515253255	0	0	0.101802046942481	0.0242556174460408	0	0.039	0.152145679522634	1.02773900117618
ERR2208967	0.0510729739186643	0	0.000591269698995245	0.0388216095019719	0	0.115521598617034	0.0459752367048841	0.0686246424883365	0.0062964509775869	0.0133433421386069	0.0260902773246448	0	0	0.324393164837757	0.0579685855673555	0.113310006877382	0	0	0	0.137990841346781	0	0	0.21	0.0524588619682648	1.08465383433271
ERR2208968	0.0402746198325724	0.0111418210403525	0	0	0	0.168586296093475	0.082865961980573	0.0246203640277167	0	0.0729622751286829	0.0156222779010607	0	0	0.169976895385713	0.0490749363556741	0.23089328241352	0.0471926951894037	0.0193246669239449	0	0.03406764434961	0.0333962633777006	0	0.247	0.0404485419704974	1.06530480813976
ERR2208969	0.0221301816399937	0	0.00047484688312946	0.0779732276169487	0	0.143285520490693	0.0741847103290627	0.0390161022798088	0	0	0	0.0267668017636917	0.00350614902697647	0.223346349039132	0.0988314316420371	0.0831867781925763	0	0.0253371729153598	0	0.172274462811487	0.000358190387100475	0.00932807498200373	0.371	0.0184111422266765	1.09708285986641
ERR2208970	0.0427213520488002	0	0	0.00240649715579817	0	0.0365433702318588	0.0891887505887392	0.0227944007007495	0	0.0161752620543362	0	0	0.209706163259949	0.0966481116955023	0.0506796654944258	0.0653742323459282	0	0	0	0.204346032429915	0	0.163416161993998	0.278	0.0343241895834459	1.10129537390261
ERR2208971	0.0113646639014936	0.196238375575765	0.0168483648799507	0.040700900364143	0	0.0679814478270887	0	0.230973896004426	0.0249686730188218	0.11908074390302	0	0.0677598225893841	0.00526921397696028	0.0462677040004857	0.0499248150070563	0.115137700060468	0.00315704701747852	0	0	0.000219769757230758	0.00410686211622796	0	0.00900000000000001	0.268240027576608	0.98638701964207
ERR2208972	0.0502429000494109	0	0.0155558667420362	0.0471184332815923	0	0.11810885566597	0.0718216528293804	0.117221952409207	0	0.0642044518316195	0	0.0177442654482745	0	0.233535527455512	0.109596411366314	0.0724141062398561	0.00327444784672458	0	0	0.0784063779781525	0.000754750855949039	0	0.138	0.0768960298427024	1.06291687008134
ERR2208973	0.228718973480079	0.205743251586835	0.0015227998308421	0	0	0.22091846127934	0.102594240100203	0.00369744028490766	0	0.0217467294408161	0.0151616575985772	0	0	0.126913501742971	0.0252381874785066	0.00840627146588754	0.0343367116791652	0	0	0.00500177403186978	0	0	0	0.467653239073315	0.884382185927084
ERR2208974	0.0187896470232996	0	0	0.0688708504855413	0	0	0.0465620251155648	0.0517518985767729	0.0372484061393066	0.0194175902766731	0	0.0428550622838006	0.0327564615282058	0.222006701052539	0.107607849732938	0.279581446376835	0.00366086253150852	0	0	0.0636446874432839	0	0.00524651143373139	0.035	0.166533870943323	1.03194714438583
ERR2208975	0.0383021583599852	0	0.00308148750951485	0.116141415983344	0	0.14092682453618	0.0203121510456281	0	0	0.00546991471791497	0	0.0440937348963014	0	0.127752038909255	0.0225131507520084	0.431717401260763	0.00569709418902598	0	0	0.00862754162117364	0.0229758775143749	0.0123892087045318	0.131	0.0794784438802663	1.06714422445307
ERR2208977	0.457352544953353	0	0.02637729924445	0	0	0	0.119101157843535	0.026071860852802	0	0.0438471147571438	0.0143103394066958	0	0.00955035707162253	0.100064110387155	0.00854655684147521	0.151899827479751	0.0249876945176079	0	0	0.0126328827361207	0.00525825390828832	0	0	0.440550723688243	0.903334978243311
ERR3262561	0.0346885489963439	0	0	0.0187660494236297	0	0.188949952523163	0.0130663774003346	0.0821010330211946	0	0.0190907134777394	0	0.0632281399321035	0	0.0410856484024228	0.106617923642409	0.337984500691419	0.029622187574589	0	0.0647989249146512	0	0	0	0.248	0.0397786968003857	1.07093022671915
ERR3262562	0	0	0.0160132369887236	0.250869414291218	0	0.0484359134786287	0.108530807365509	0.0868381163711121	0.0032330844085833	0	0	0.0628897271721525	0.0201626582938245	0.0303606273285789	0.0470741351567297	0.219110742065531	0.0177278611005382	0	0	0.0657262486335826	0.0230274273452878	0	0.097	0.0900596743114737	1.05638200999395
ERR3262563	0.0223597746158149	0	0	0.0259134316037994	0	0.248372632483119	0	0.0104727035938763	0	0	0	0.0638967452637227	0.0597256071191283	0.113926799036863	0.0365093099506192	0.373129814030597	0	0.0191538047708988	0	0.0235063054283286	0	0.00303307210323232	0.167	0.0651535104625984	1.06849037270207
ERR3262564	0.040173189907061	0	0.00661437221739429	0.13554054165445	0	0.0173342341232162	0.131638422920965	0.042992207452714	0	0.0127374927209699	0	0.0624067432180199	0.0039923498989774	0.0440900264249762	0.0898278389041963	0.278620929600227	0.0860357356605952	0	0.0197863226455607	0	0.0282095926506761	0	0.12	0.081492643627788	1.04830109646304
ERR3262565	0.0610866536264397	0	0	0.0144339711518005	0	0.284826909366128	0.0499302385845582	0.011694032612376	0	0.00624832198949174	0	0	0.00337920076448507	0.0178308475449441	0.026814546125655	0.306837108507184	0.13904441777828	0	0.0193679595930391	0.0484981933721864	0.0100075989834324	0	0.839	-0.0223178443023224	1.08607824260698
