B cells naive	B cells memory	Plasma cells	T cells CD8	T cells CD4 naive	T cells CD4 memory resting	T cells CD4 memory activated	T cells follicular helper	T cells regulatory (Tregs)	T cells gamma delta	NK cells resting	NK cells activated	Monocytes	Macrophages M0	Macrophages M1	Macrophages M2	Dendritic cells resting	Dendritic cells activated	Mast cells resting	Mast cells activated	Eosinophils	Neutrophils	P-value	Correlation	RMSE
SRR3184279	0.0247421309366816	0	0.0198219065137689	0.106838736751358	0	0.166771281281623	0.00772396688670663	0.0226982234504236	0.0815013206786703	0	0	0.0505211339536095	0	0.0470152919643378	0.0926071911860335	0.242335403218914	0.0420436152955427	0	0.0953797978823291	0	0	0	0.203	0.0559715902209385	1.06000433469744
SRR3184280	0.0195636737523747	0	0.000434273126189577	0.141161072908592	0	0.125449000205657	0.00312997273332721	0.0716660396412078	0.00810198732620312	0	0	0.0509326659578532	0.032972503455565	0.049832418107331	0.0764644913691662	0.291552696007229	0.0193036463678571	0	0	0.0129928266143172	0.0575567849164523	0.0388859475106769	0.04	0.155688885562782	1.02379067033635
SRR3184281	0.0464689667630428	0	0.00844668198201286	0.202483295826783	0	0.0471426423773408	0.0424198913650921	0.0720527484759739	0.0110392961688704	0	0	0.0114783044849044	0.101261790583423	0	0.0860763794040768	0.158259388789626	0.079733163922918	0	0.0100449796250918	0	0	0.123092470230845	0.0620000000000001	0.128856724853471	1.03308566379918
SRR3184282	0.0128502094550462	0	0	0.050739270532008	0	0.077154867988367	0.00439740971155916	0	0.0588382635911627	0	0.0265190563237594	0	0	0.0841590150988182	0.00639853627920055	0.448175284975377	0.00805113260100204	0	0.216586598262714	0	0.0061303551809856	0	0.122	0.0890073590816106	1.05977798185526
SRR3184283	0.000515859378456927	0.00219568332414571	0	0.0143925038918145	0	0.05686447518214	0.0155176798133849	0	0.0280102342895175	0	0.00919674347537703	0	0.0689354202371379	0.165652368198989	0	0.41713461244315	0	0	0.0572517114658326	0	0	0.164332708300053	0.204	0.0556973850190267	1.10326320956709
SRR3184284	0.0348668216570566	0	0.00127965318753252	0.1388551953281	0	0	0.0881183392842354	0.0716810885953731	0.0227244271117719	0	0.00894068584018714	0	0	0.400083827051411	0.0942458223625323	0.106245213884238	0.00556922521042412	0	0.0256208612981772	0	0.00176883918896017	0	0.186	0.0651059551688192	1.08598201749544
SRR3184285	0.00208551942586961	0	0.000249230479800568	0.11336050052297	0	0.108512168350039	0.0184446031440518	0.0402758516713907	0.0210049999166265	0	0	0.00508576501614938	0.033603638858176	0.102832471532463	0.206367972616843	0.212147133981532	0.109639511713653	0	0.0125771380310557	0	0	0.0138134947393798	0.044	0.151063983002803	1.04208301181838
SRR3184286	0.0204058045579377	0	0	0.223434293851832	0	0.0520186411381463	0.0653787289615129	0.0467299855409413	0.072392419828202	0	0	0.0287438687454396	0.0417693240910953	0	0.124804610798606	0.242326141428319	0.0140406196642534	0	0.0679555613937137	0	0	0	0.25	0.0446078970443274	1.07266456739679
SRR3184287	0	0	0.00334297804624662	0	0	0.0958181130903995	0.00762985989142956	0.04082269461794	0.00645836778814011	0.0234791526014322	0	0	0	0.623369863065066	0.0100249120420477	0.00542539246991806	0	0	0.0445074561425937	0	0.00597113405568689	0.1331500761891	0.099	0.102304885804579	1.13264133460871
SRR3184288	0	0.0047799603648552	0	0.0139421211554241	0	0.0632589345211853	0.0322946197313334	0.012441363184782	0	0	0.00847431870501806	0	0.0145995989900816	0.423512013147488	0.049146775402267	0.251383619917838	0	0	0.103703203867684	0	0.0130484606140215	0.00941501039802244	0.07	0.120377677313521	1.08047963473888
SRR3184289	0.0194909066512768	0	0.00188405177316726	0.235196882606818	0	0.0911291474944988	0.0982399386770413	0.0342993035843445	0.0328619599599052	0	0	0	0.0689898651983566	0.0888909981472341	0.0715860607972369	0.218879702163858	0.00163914101208161	0	0	0.00521961875062146	0.0311193280806969	0.000573095102862481	0.00700000000000001	0.339705731396027	0.943745918634086
SRR3184290	0.028566854940004	0	0.00413805527704001	0.0710004689412902	0	0.0817158603798094	0.0288277504362575	0	0.0393622986401985	0	0.00363204516469245	0.000944656484976924	0.00404167855436938	0.0434944459882393	0.116882751742628	0.361875585790439	0.00709743365037248	0	0	0.175563617068589	0	0.0328564969410933	0.015	0.229109398442405	1.0015469703876
SRR3184291	0.00430034564806494	0.0419763112488827	0.0350993893824265	0.179238312935151	0	0	0.0696110327958918	0.0520154900608904	0.0613808879842734	0.00975422111874629	0	0	0.00789238075984313	0	0.111401001577271	0.39403902287441	0.0165760963241244	0	0.015941655245318	0	0.000773852044707649	0	0.05	0.136714879033143	1.03268377015419
SRR3184292	0.0154766486778937	0	0.0029457649797512	0.011142947936122	0	0.0218629700234037	0.0299884162149727	0.00525807024951085	0.0171542491023945	0	0.0392101383062002	0	0.0286053031829169	0.31156297568234	0.00872189439598037	0.122305236062016	0	0.0466759729727296	0	0.00425197447247952	0	0.334837437741289	0.00900000000000001	0.271565258620931	1.02107851023063
SRR3184293	0.0327272856895778	0	0.0292154595299423	0.142435439058239	0	0	0	0.0687313222413589	0.0808462634682952	0	0	0.0361419708115318	0.0025880137286292	0.461384443319185	0.0523842407699581	0.0719112212768512	0.00240912157378339	0	0.0192252185326482	0	0	0	0.027	0.183934341956647	1.03900180632479
SRR3184294	0.0120414643929376	0	0.00378751351721526	0.397723936486442	0	0	0.0626487120487802	0.0685788223571808	0.0611353334659746	0	0	0.0561070433312318	0.0197963413746592	0.0841738547787263	0.0943184237899564	0.0787883013033742	0.0185189870995306	0	0.0423812660539909	0	0	0	0.217	0.0515617229840995	1.09539587848469
SRR3184295	0.0398611636460038	0	0.0148187099295103	0.132760245991961	0	0.101937675487547	0.00314510159300851	0.0454520507520458	0.0252494825954396	0	0	0.0388213126440901	0.0518059110508282	0.0251690292381938	0.108393538380361	0.303117400921837	0.0284950818716455	0	0.0665420954125902	0	0.0144312004849386	0	0.16	0.0743804201112582	1.05183449561702
SRR3184296	0.00623048069023733	0	0.00228570339093427	0.100142814673021	0	0.0149778136224056	0.051445469358295	0.0357010153385483	0.0178875988487021	0	0	0.0308551286147316	0.0162048335405751	0.169908544340917	0.0856417941368102	0.30130806663613	0.0183065733372891	0	0.04844309842656	0	0.0450193096002506	0.055641755444592	0.005	0.384072375893505	0.924314544976502
SRR3184297	0.00831222933152691	0	0.00341972269631879	0.352182940147195	0	0	0.0479932477257367	0.0629571004872254	0.0990172389357104	0	0	0.0340235386111336	0.0463296675788366	0	0.12256231772036	0.173505920560697	0.0328239229662669	0	0.0168721532389916	0	0	0	0.18	0.0665906208240133	1.08300844728384
SRR3184298	0.0423237126532641	0	0.00206487111879397	0.235250497016812	0	0	0.0711756847415597	0.0411777371085806	0.0437529843287905	0	0	0.0122109356844907	0.116500859388313	0	0.138300263086648	0.224504604901258	0.0349847581626059	0	0.0377530918088834	0	0	0	0.026	0.188397682871924	1.00939496332732
SRR3184299	0.00586473911697568	0	0	0.117616738806185	0	0.11841086020623	0.044912591846632	0.0560717444570591	0.0227527629502961	0	0	0.0124517504623694	0.178177497737604	0	0.111385412033251	0.275790895086035	0.0315967713551311	0	0.0249682359422303	0	0	0	0.107	0.0947957913113753	1.04771468725065
SRR3184300	0	0	0.00229942119439985	0.0212328340504165	0	0.124295352266454	0	0.180716645147216	0.132411112291955	0	0	0	0	0.21439606392475	0.00534658271824425	0.0358904273175907	0.099890550639514	0.106728103810722	0.0289793975665501	0.0145955754047927	0	0.0332179336673941	0.024	0.200653622001127	1.01202066495075
SRR3184301	0.0749762611578272	0	0.0121684036249612	0.216384205436337	0	0.0735909445536614	0.0293212210019123	0.0692046983278299	0.0432850517325814	0	0	0.0157694538345785	0.0577727366581327	0	0.0995979291118681	0.287610307856834	0.00977041704192864	0	0.00734158539943653	0	0	0.00320678426211103	0.045	0.149107608104918	1.02842924026411
SRR3184302	0.0286487489505713	0	0.00177999463333211	0.127445603217306	0	0.0997404810505273	0.0425948994767566	0.0238190856587572	0.0892205027412125	0	0.0713237239658454	0.0181185539229498	0.0533220332793428	0.23446659239759	0.0721111634696869	0.116841597088885	0.0128284863542405	0	0.00773853379299678	0	0	0	0.199	0.0595359308309041	1.06954656224225
SRR3184303	0.0058319697535029	0	0	0.0974759443545033	0	0.200833685597252	0	0	0.0529763009595758	0	0	0.0389539248151039	0.0108627399600014	0.337013646918947	0.0410216209438594	0.176638270448297	0	0	0.0383918962489572	0	0	0	0.046	0.148904941928227	1.04493549029726
SRR3184304	0.00724916463872683	0	0	0.326064436188435	0	0.0017721360806902	0.1115544995016	0.066153214958416	0.0247458161112871	0	0	0	0.0321772665167394	0.07038205515636	0.0851169569116075	0.257521813813392	0.00803892861943859	0	0.00922371150330761	0	0	0	0.167	0.0712383666060104	1.06583235557641
SRR3184305	0.00293525924616464	0	0.0539260735723284	0.334974431452333	0	0	0.0179299681015145	0.0722406223749867	0.118639803810338	0	0	0.0601949696371257	0.0245133079128155	0.0647877200615791	0.0686747430410838	0.170273403711513	0	0	0.0109096970782173	0	0	0	0.104	0.097083421230919	1.06750585287542
SRR3184306	0.343591211070405	0.17121374292837	0	0.095575199112841	0	0.019321386760308	0.0279978467372613	0.0677277266409449	0.0927035022957698	0	0	0	0	0.12637473177541	0.0325182560622134	0.0101314922976535	0	0	0.0128449043188235	0	0	0	0.002	0.514111913873319	0.859958298159761
