B cells naive	B cells memory	Plasma cells	T cells CD8	T cells CD4 naive	T cells CD4 memory resting	T cells CD4 memory activated	T cells follicular helper	T cells regulatory (Tregs)	T cells gamma delta	NK cells resting	NK cells activated	Monocytes	Macrophages M0	Macrophages M1	Macrophages M2	Dendritic cells resting	Dendritic cells activated	Mast cells resting	Mast cells activated	Eosinophils	Neutrophils	P-value	Correlation	RMSE
ERR2498012	0.0138835894065828	0.0208926917466296	0	0.041336036487261	0	0.294329241140801	0.0817148440541779	0.0298396467564641	0.0197083718546478	0.00948927079594636	0	0.0194298147918487	0	0	0.108983195633879	0.102015792995078	0.109527627582846	0	0.0428416156639768	0	0.0356435151215343	0.0703647459683271	0.176	0.0570805601666639	1.05975774109035
ERR2498031	0.00399170806072499	0.00948495051242552	0.00621171501750281	0.159082961906492	0	0.00410899347001657	0.0419442374375207	0.045577816689431	0.108329938242566	0	0	0.0646025057313262	0	0.082103947607803	0.107050277517992	0.207838459840961	0.0296753521570564	0	0.0516449045503081	0	0	0.0783522312578727	0.289	0.0276538361525922	1.07677236773382
ERR2498033	0.0082251889847461	0	0.00964564365611405	0	0	0.0901335706961631	0.0825048606554067	0.0357614546269597	0	0.0288683937051115	0	0.033942825762769	0	0	0.101857771468252	0.0604715759966667	0.0173308049374136	0.0679422119762726	0	0.297986215984738	0	0.165329481549387	0.011	0.273977141564171	0.996106001502025
ERR2497990	0.0842623778328241	0	0.103568001488667	0.0678853000768683	0	0.15451904745425	0.0219007225212976	0.0530289201650132	0.076259232568214	0	0	0	0	0	0.0377244793924004	0.132974612237026	0.0949422957109029	0.0171280999242567	0.0738669301155374	0.0108331286137511	0	0.0711068518989906	0.011	0.268510026448241	0.970976629718076
ERR2497992	0.0235810315417115	0	0.00210865745777448	0.298106298536557	0	0	0.0329515405389453	0.0645464230007307	0.020374650879245	0	0.00492316719195819	0.032026061567105	0.0186527249445383	0	0.268069579807964	0.109608090364435	0.0234836681522673	0.013288110630616	0.0835587418819004	0	0	0.00472125350425306	0.003	0.480006475606153	0.880150997031468
ERR2497993	0.056118398263232	0	0.00824255802599375	0.226662984604481	0	0	0.120526389650967	0.039179209589479	0.0164597087608721	0	0.00473772437418598	0.0192926107719258	0	0.0459811915642317	0.0590734598743796	0.0328886753312683	0	0.0206560390769577	0	0.117307152065441	0.014137477932722	0.218736420113863	0.11	0.0868264674840806	1.06603932686908
ERR2497994	0.0903197753688047	0	0.00527847930741955	0.193233553810364	0	0	0.14909293377408	0.0645386817129922	0.0207738568603109	0	0.0643892169302653	0	0.00653960005134672	0.0279834309857239	0.0832094100204156	0.0793117390153217	0.0506626553886396	0.00574477193192544	0.0421911863303978	0.0278918590214727	0.00580752888986199	0.0830313206006576	0.0570000000000001	0.130252712423498	1.02807615112228
ERR2498005	0.0561352383985848	0	0.00611955130852334	0.248908460590213	0	0	0.23779280256276	0.0278153862576683	0.0253725304497663	0	0.0406994821934578	0	0.0240106354599203	0.121117313759317	0.0740758136777396	0.0979905696881227	0.0288455236975858	0	0.00620811983632695	0	0	0.00490857212001428	0.114	0.0845352037326476	1.05171463229099
ERR2498011	0.047599888605732	0	0.00835734378434317	0.321448408579645	0	0	0.17476876134659	0.0457275261216792	0.035596824560556	0	0	0.0148544893711319	0.00112164846748411	0.0717861606150258	0.0769345739975165	0.0436015384507128	0.0309119245207441	0	0	0.0823663384859554	0	0.0449245730928835	0.11	0.087105267075327	1.06043956308436
ERR2498014	0.0508560198830138	0	0.0130308113707041	0.303225179211084	0	0.269655511092059	0.0307287758821681	0	0	0	0.035496615302453	0	0.0110396384718649	0	0.0165115180289408	0.0718275655362424	0.00904474253351169	0	0.142086445707307	0.0157302659938513	0.0307669109868	0	0.0679999999999999	0.118917037380066	1.06091368117096
ERR2498025	0.00542794319857726	0	0.0011904749669395	0.21532244523114	0	0	0.04896366526257	0.0758418225887825	0.0210744899040933	0.0252390003611332	0	0.0597710854154657	0	0.248716714058729	0.106789586113895	0.117712921610805	0.0219772020095268	0	0.00934135942450985	0	0.0256988480141715	0.0169324418396619	0.198	0.0487695803084254	1.08366635590622
ERR2498028	0.0163471951874304	0	0.00431172904737774	0.16892778607778	0	0	0.252408645100873	0.0448814491866585	0.0271701673047889	0	0.0403558473336975	0	0	0.0770122917472395	0.111805947759446	0.180337820629474	0.0362112794115589	0.0110426123282438	0.0176071886026885	0	0	0.0115800402827431	0.039	0.156138604346769	1.02132349659365
ERR2498029	0	0.0284096911132099	0	0.0326811982877066	0	0	0.0450977989371829	0.0069408301343211	0.00099577647699172	0.0627048531447505	0	0	0	0.00675376321776097	0.0269940351867525	0.449315356528917	0.129031835798451	0	0.20901854937327	0	0	0.00205631180068539	0.011	0.274994948408244	0.976225960888949
ERR2497995	0.0643484994131214	0	0.0117051152450567	0.0463155404180203	0	0.0573608434832971	0.00465520496375828	0.0145294555880628	0.00360764794071787	0	0	0.0240807975136082	0	0.0714061990747988	0.0261031654695518	0.0178476737187404	0	0.0377652973560488	0	0.384484390376245	0	0.235790169438973	0.08	0.104892207080853	1.11348224501193
ERR2498002	0.0260681955249836	0.0296871323056016	0	0.137875686849006	0	0.167559513640926	0.0147106200545071	0.0128413488127068	0.047396876427102	0.0405452506984314	0	0.0211944189532009	0.00612870782131085	0	0.0646208029127314	0.253129481759674	0.0265301645615311	0	0.148226560004953	0	0	0.00348523967333364	0.037	0.161609905410349	1.01665107769376
ERR2498004	0.0163642038737596	0	0.0440821575175557	0.133969189604905	0	0.234267521392694	0.0222876561547048	0	0.000738233573182541	0	0.00657565469311528	0	0	0.131300041968781	0.0848689186441232	0.184217362426551	0.0378355237260999	0	0.0777340199912571	0	0	0.025759516433271	0.096	0.0938727689528451	1.04398548177355
ERR2498007	0.0550820079379131	0	0.0103917757518836	0.0169539784277365	0	0.0603789063136508	0.0474642887954092	0.0194682347703827	0.0139614311091346	0	0.0436766499374428	0	0	0.193083116847072	0.00752236855793471	0.0166510208084067	0	0.0448609754320915	0	0.214549033570776	0	0.255956211740166	0.055	0.132736908932302	1.06687762821428
ERR2498009	0.0441429316835048	0	0.00558862089937804	0.0385269228095203	0	0.300822618575759	0	0	0.0701529095150518	0	0	0.0194763885866525	0	0.0356519751087051	0.0605732281776959	0.121730414931086	0.0243509839222923	0	0	0.0818623437577689	0	0.197120662032585	0.205	0.0457664515330434	1.08039402557025
ERR2498013	0.041957206507674	0	0.0102329957175674	0.346450833836024	0	0.149523471430105	0.0332532769143339	0	0.062098453036675	0.0379532431453853	0	0.00807996553661856	0	0	0.0550710682416326	0.108744035625349	0.0552529143858677	0	0.0871647317876621	0	0.00421780383510469	0	0.098	0.0925348579906033	1.07041205050284
ERR2498015	0	0.0722415508848367	0.0159308254050336	0.177786983883371	0	0.244578272162193	0.0179443916084275	0.0133338873182297	0.0352545855875394	0	0.0181687643374002	0	0	0	0.0878856182893915	0.145192708354967	0.0341170849215687	0	0.137565327247041	0	0	0	0.0610000000000001	0.125142526405948	1.03789285768553
ERR2498019	0	0.0305390973449416	0.155413733399222	0.236070143268225	0	0.101100987731103	0.0787724026608718	0.0374199535051402	0.0431196751078909	0	0.0299827056690995	0	0	0	0.0843599456060565	0.126804016396859	0.0148702131081075	0.00917758407829196	0.0385664805616542	0	0	0.0138030615625372	0.01	0.28643589865797	0.972803540033952
ERR2498023	0.0322244133003581	0	0.0010666752392673	0	0	0	0.04459287933755	0.0141794318025747	0.0547821059404302	0.00753081679057838	0.0627829429854075	0	0.00224003388986926	0.49425187765505	0.0194067579282734	0.119844700808823	0.00124157215896295	0	0	0.145855792162855	0	0	0.33	0.0190487283015413	1.14661884419873
ERR2498020	0.0509419892409923	0.131329440062731	0.017145079009842	0.163776921254732	0	0.178509057662323	0.0258821282791791	0.0753002658736599	0.0534751636628458	0.0020700253124473	0	0	0	0.0223559967603378	0.0591717435524391	0.0605024899126289	0.068747566501879	0	0.0633544018825847	0	0	0.0274377310313784	0.011	0.267885442449317	0.978269983827347
ERR2498027	0.119194215829349	0	0.237744170745316	0.0524256420192068	0	0.247276556552134	0	0.0453001830651793	0.0459804287950926	0	0.00788078488984493	0	0.00612752021691865	0.00212047255848647	0.0566919664367089	0.0455999464822044	0.118761133225008	0	0	0	0	0.0148969791845502	0.004	0.414051818305114	0.916821475531567
ERR2498026	0.0854983985205244	0	0.0468853506051389	0.0401714074277031	0	0.220315204863367	0	0.00951549595405226	0.0593605605638139	0	0	0.0134414193182447	0.00254572853127306	0.0253762130420388	0.045451039277213	0.155332062133006	0.134812601396864	0	0.128258144729345	0	0.009778633529799	0.0232577401076171	0.026	0.189228719269542	0.998860693744655
ERR2498032	0.025851054393931	0	0	0.0392886483998406	0	0.130091041547249	0	0	0.0469381248233088	0.0249692724305086	0	0.0424319423530513	0	0.126108230461902	0.0468279524089174	0.322389641620784	0.00431640276142047	0	0.165405368012887	0	0	0.0253823207861998	0.023	0.201296361189786	1.00317010529277
ERR2497988	0.0498664846797074	0	0.0280724651724228	0.137365174481219	0	0.288313980899671	0.0131575541926138	0	0.00919095805495133	0	0	0.0618971527432777	0	0	0.0483766111000121	0.140850307433391	0.055156904069173	0.00724967304884314	0.0673623418353643	0	0.000805290390178233	0.0923351018991747	0.088	0.0981229665195935	1.04779914202254
ERR2497987	0.149529238662339	0	0.128389272180869	0.154523170382134	0	0.182005792810578	0.0217935936847829	0.0217670453055266	0.0834441105448871	0.0130637195481541	0	0	0.00463732736608123	0.0277959433787553	0.0512531348905882	0.0345982949942436	0.0465885704298177	0	0.010635955517096	0.0524583509569036	0	0.0175164793472433	0.005	0.342275376601587	0.94864940873657
ERR2497989	0.0908131383417338	0	0.0058766009755077	0.16058300535732	0	0.258673481040943	0.0112402787767991	0.00736925324288581	0.0552746663064156	0.0119547057388391	0	0	0	0.0529770352005229	0.0501632572635758	0.159210202214449	0.0373421962293166	0	0.00659282494904961	0.0133730138864642	0	0.0785563404761787	0.0639999999999999	0.121281560747658	1.04274795885653
ERR2497991	0	0.0302949162706991	0.0288481871592461	0	0	0.04864330996924	0	0	0.270286423352161	0	0	0.0998473782106423	0.0509652581818258	0.366334739404482	0.0184289476230487	0.0415747485775061	0	0	0.0110151487759309	0	0.0337609424752181	0	0.388	0.00967499981084216	1.10919337690306
ERR2498000	0.0811738787555484	0	0.0414927057230215	0.103073928285102	0	0.321891515807114	0.121587977890461	0.000453120168167903	0.0397267975765839	0	0.00437232550423662	0.00174456848936843	0	0.0210683343127055	0.0270867214335432	0.13060188166692	0.0518845315652947	0.0287366574241391	0	0.0251050553977935	0	0	0.038	0.158602582605072	1.02489040688257
ERR2497996	0	0	0.00258612832730977	0.0474027120682075	0.00251083548046388	0.0540372847904385	0.0288360742125307	0	0	0	0	0.0429685844232108	0	0.263083607774657	0.161600498132846	0.0377138387032545	0	0.043866377420122	0	0.266889250734004	0.00388817631720352	0.0446166316157521	0.117	0.0816445048793011	1.11476276773126
ERR2497997	0.0362527672830309	0	0.00345874293684355	0.0625053645416594	0	0.187945074972215	0.0428843234806301	0	0.0289414538533408	0	0.010971658447632	0	0	0.346788231144232	0.039996093600169	0.0863067253446686	0	0	0	0.0353304860934453	0	0.118619078302133	0.212	0.0438392225412131	1.09291472803289
ERR2497998	0.0783280322119636	0	0.0172675933771094	0.065868598873596	0	0.0922206401510833	0	0	0.0562088542024385	0	0	0	0	0.314961258175278	0.0658185865484331	0.297758590822859	0	0	0.0115678456372391	0	0	0	0.013	0.241594642648187	1.00277720533509
ERR2497999	0.049103722494335	0	0.0144406637463792	0.0509648383211959	0	0.120860736157698	0.00656994041412982	0	0.000702311564096599	0	0.0467316922819187	0	0.0627948357549466	0.157175118078004	0.0281966824180871	0.00479255759281447	0	0.00706459268560844	0	0.253960896030681	0	0.196641412460106	0.035	0.16629931080003	1.04573265987764
ERR2498001	0.0440919393235777	0	0	0.288614244370845	0	0	0.0894718599411441	0.0742588832426048	0.0532372164062065	0	0	0.00297676075436355	0.00229601569908958	0.0957038568592371	0.0794661043682084	0.238738333099301	0.0311447859354224	0	0	0	0	0	0.035	0.166445545540534	1.0234988308636
ERR2498003	0.0253646514305044	0	0.0035171266569735	0.00706047606313773	0	0.0990405613314377	0.0236946030722948	0	0.0200916638635276	0.0255904574043753	0.0261533536060189	0	0	0.141480486552922	0.0126905999771128	0.0749465525919539	0	0.0352138657599319	0	0.249379384232888	0	0.255776217456922	0.011	0.2732132681069	0.998124167453066
ERR2498006	0.0590026709431901	0	0.0086357562323293	0.038064096569807	0	0.139707878329002	0.0484163534821788	0.0203949415495573	0	0.00554441461751777	0.00171086486151603	0	0	0.107767649640587	0.0458321937962343	0.0350068817482694	0.0166085763393119	0	0	0.191310139055567	0	0.281997582834932	0.117	0.0811355627614625	1.08691259695963
ERR2498008	0.0192261267115665	0.0156602977739228	0.048106047478803	0.279459861035937	0	0.0859716988099875	0.0504554996788096	0.0367293725477726	0.074803379298647	0	0.0228817982805762	0	0.0135063456275555	0	0.0952508879842417	0.0753809440431343	0.0417403932793994	0	0.0156074825011978	0	0	0.125219864948449	0.0610000000000001	0.123796603044493	1.04831725794658
ERR2498010	0.0607199863517382	0	0.0104018778289999	0	0	0.0830613349986431	0.0303049817859102	0.0592766785267346	0.0341332458040839	0	0.0343076709322819	0	0	0.266846292302251	0.0502363430178941	0.0755307121481516	0.00578685167007023	0.013525203426408	0	0.250180883707166	0.0033932805591465	0.0222946569405206	0.157	0.0644086814115028	1.08737281419679
ERR2498016	0.0187529353320554	0.0265231641712914	0.0734444440960747	0.176883038717413	0	0.164127280057068	0.0884367328583302	0.0200893856275687	0.0128226979621649	0	0	0	0.000747094335743914	0	0.0699756200818401	0.145222709445893	0.0642793898921245	0	0.100108959174229	0	0.0385865482482032	0	0.025	0.194909968442584	0.999679541792619
ERR2498018	0	0.00607068049904781	0.0537460178062053	0.241959491465607	0	0.190273239810786	0.015481909267403	0	0.0723050765070885	0.0151442522805705	0	0	0	0	0.0333974999777885	0.108580973420321	0.0608485190644624	0	0.190968052085307	0	0.011224287815413	0	0.077	0.108542436514431	1.04775647204047
ERR2498021	0.0184159157462178	0	0.00761133260869034	0.166651065645075	0	0.0569765332565084	0.0680761905828898	0.0136917153243199	0.0279117707344623	0.0119096901947864	0	0.0148680107188611	0	0.134473335145468	0.161547180990039	0.125538896947264	0.0367802529448147	0	0	0.0833633347365406	0.0117600139382097	0.0604247604858526	0.221	0.0424813085871912	1.08053648407305
ERR2498024	0.0531343113471518	0	0.0107970927772068	0.0989114517035576	0	0.121098685430718	0.0310167459769956	0.0445425948840701	0.0393546913981549	0	0	0.0346296113865576	0.0141966390115728	0.0872717718269177	0.0463015144339157	0.152266015861658	0.0429326968993027	0.000630448354475322	0	0.0425929517344162	0	0.180322776973329	0.141	0.0715337009275892	1.06075178020291
ERR2498030	0	0.00642768266805078	0	0.0692078380141791	0	0.13712225409554	0	0	0.0276942800031421	0.0209392990415051	0	0.0135003815234423	0	0	0.0456551193838033	0.302553768447277	0.166916066553647	0	0.209983310269413	0	0	0	0.005	0.387631797495611	0.921739823404798
ERR3640819	0	0.000197141335440662	0.114236170816762	0.255182763566564	0	0.23169530640557	0	0.00460523687974483	0.0313440746480139	0	0	0.0195951202603623	0	0	0.0224510379910826	0.131121415895738	0.0272137190491491	0	0.126674182229495	0	0.0356838309220783	0	0.025	0.193718260231847	1.01462635346563
ERR3640831	0.00573159349512068	0.0368827342293115	0.114307602184892	0.121056449653157	0	0.242153031142524	0	0.0560199846138154	0.0678701494690772	0	0	0.0205784625766597	0.00425503461040446	0.0323554569661152	0.0578486786617481	0.094977671583733	0.0384382151147737	0	0.0606524994667557	0	0.0143645734532356	0.0325078627786767	0.012	0.253303063788213	0.984292525795628
ERR3640832	0.0697986133681388	0	0.0508382799952723	0.0903456747662923	0	0.204260707075742	0.00334533454924934	0.0810691231169099	0.0447996548253407	0.0216211218840297	0	0.0178020212839617	0	0	0.0868545401623136	0.100479494124874	0.0754482477205365	0	0.0925868492306183	0	0	0.0607503378967212	0.037	0.16234366883459	1.01729177677904
ERR3640803	0.0947852023775568	0.0891745270326318	0.0970867145935419	0.126206471844097	0	0.189658895033679	0	0.0395036675606188	0.084698875105264	0	0	0	0	0	0.0514871159458867	0.108247990934552	0.0532604150873067	0	0	0.0410605375589396	0.00399359187256371	0.0208359950533616	0.005	0.35238259993535	0.941628180470568
ERR3640804	0.0185232418800349	0	0.0811030821279109	0.17016783340935	0	0.183705984839272	0.0159887694615087	0.0374130819638391	0.0726694805033653	0	0	0.0125753307336248	0	0.00302171226960269	0.0823243792211317	0.111135100016602	0.0743324669699897	0	0.0963164580843943	0	0.00376237854269786	0.0369606999766765	0.037	0.161415097353635	1.0193745049098
ERR3640805	0	0.00780424657945153	0.0847033055126991	0.168471823413231	0	0.127669569863171	0.023539036261969	0.0216874066503582	0.0600619855718338	0.00227060344277407	0	0.00695113359839323	0	0	0.0710642001577378	0.151242963130802	0.0398028850300215	0.00425680436842722	0.196848978636871	0	0.0184254057303499	0.0151996520519094	0.038	0.157048500087044	1.0165158024195
ERR3640818	0.104142247647128	0	0.0536026332468565	0.0457432207033406	0	0.326380656066716	0.0113732219674382	0	0.0630233910928318	0.0271185263053581	0.0471938131041497	0	0.00285444211840932	0	0.0251003740295084	0.0810822598553603	0.049384330351389	0.0161055021320006	0.0484349884650069	0.043868151452163	0.00806915783201367	0.04652308363033	0.018	0.208045159749465	1.00217224286117
ERR3640820	0.00155320982686072	0.0362138398464188	0.107843497717284	0.261724143073384	0	0.149041500946208	0	0.0378578908549933	0.0680225484173748	0	0	0.0320929518829964	0	0	0.0117858623143259	0.11299690004562	0.00633997599708855	0.00551510416055086	0.169012574916895	0	0	0	0.014	0.230893729550701	1.00089672068661
ERR3640828	0.0569205349500674	0	0.00755370684886177	0.238491762994643	0	0.0769755656369671	0.118497470035721	0.0233988073348784	0.0652481514918474	0.00708978776233148	0.0521867929681667	0	0	0.0742352675274084	0.0630348391703536	0.102463907513366	0.0382144256258822	0	0	0.0756889801395058	0	0	0.083	0.103919024877592	1.04973795113126
ERR3640830	0.00701566364990519	0.000225167072903865	0.000369960635738611	0.033727867861206	0	0.189600284186137	0	0	0.00180455548384567	0	0	0.0498211885357967	0.0168312897484058	0	0.0476959894070005	0.328511807984316	0.0262559090304027	0	0.251697961173277	0	0	0.0464423552310657	0.0679999999999999	0.118962939533086	1.0365439362984
ERR3640806	0.055135246055504	0.0543748228482049	0.0496328743232352	0.172484794802215	0	0.225349380804045	0.032900882844373	0.0742561911331977	0.0693143939256853	0	0.015670286563036	0	0	0	0.0579100113332119	0.0794714348385064	0.0542370649404717	0	0.0306313559272848	0.000192879502430513	0.0151404930340949	0.013297887124503	0.024	0.199285570195166	1.01500717294611
ERR3640812	0.0097668534736224	0	0.00674332254148249	0.103211154704296	0	0.211483682277563	0	0.0158201839519328	0.115394675008944	0	0.0663782524027816	0	0.005867654383995	0.0155177508183409	0.0430718493290635	0.127649086421425	0.166677598950759	0	0.0712350200014539	0	0.0411829157343402	0	0.213	0.0437488543958289	1.0649035137595
ERR3640814	0.0412146311799182	0	0.00621871083528924	0.068537602510747	0	0.290012370908504	0.0134076696293321	0.0315481806759586	0.0479849061105104	0	0.0407857466160839	0	0	0.100752717080166	0.0607270973746485	0.13851088878976	0.0405381742901117	0.000211595782250413	0	0.0392270407545912	0.05624433772334	0.0240783297387878	0.18	0.0546749968067091	1.06393567831667
ERR3640816	0.0330126490076583	0	0.00145483949794959	0.176561107903209	0	0.0694548632604175	0.0349521427741901	0.00879830244276439	0.0258191493337264	0	0	0	0.0641144133156777	0	0.0850595745706492	0.395461882919416	0.0790726417003413	0	0.0262384332740003	0	0	0	0.159	0.0641701125114471	1.06072574325115
ERR3640821	0.0357516088541243	0	0.0500231020872225	0.316044344917414	0	0.20593223419672	0.00955056845245384	0.00770641507295198	0.00545965628027858	0.0347867798565481	0.00574595574025655	0	0	0	0.0223914938662568	0.126850420320483	0	0	0.144024384969092	0.00601167837805709	0.0297213570081414	0	0.048	0.141454354373576	1.04413087827497
ERR3640823	0.0454644434551151	0.0794583622088716	0.0537228409502545	0.0874737332811812	0	0.348941456260604	0.0205646134283701	0.0126989453042888	0.0178521342431308	0	0.0242355356606498	0	0	0.0280246538416354	0.0544547096395164	0.0524050165112004	0.0388076408108542	0	0.107975902764597	0.012706082510224	0	0.0152139291295064	0.012	0.247079926477689	0.986901899255604
ERR3640827	0.147884969342215	0.218826331136591	0	0.0949758406422911	0	0.119747035101049	0.0272510895909409	0.220107755622189	0.0428966485017941	0.00803965793499457	0	0	0	0.0403127793703669	0.0534819761600316	0.0130050845097145	0.0113673798718971	0	0.00210345221592624	0	0	0	0.005	0.384724849891199	0.936297474090616
ERR3640829	0.0721734910685444	0	0.0126263033846693	0.236575929142034	0	0.231232949291601	0	0.0217669524428037	0.0751395245883306	0.0724087804992415	0	0.0271534414421691	0.0112884938860063	0	0.0113258247211498	0.157229274385824	0.0127343675620431	0.00742174464553566	0.050922922940048	0	0	0	0.0669999999999999	0.119665908745705	1.06335762681988
ERR3640801	0.0456055604871669	0	0.0182106956089496	0.252064249625183	0	0.269896300948517	0.0008107578364707	0	0.0750119154579667	0	0.0150427253724147	0	0.017171802055596	0	0.0356616300754106	0.0795042339565944	0.0304650745126839	0	0.127240129055076	0.031316358930186	0.00199856607778404	0	0.112	0.0849174783331574	1.07238969933683
ERR3640800	0.044306035637043	0.28231313343871	0.0152005737669799	0.100557411459306	0	0.167070418285651	0.0229259555892883	0.0916934177452591	0.176429464851014	0	0	0	0	0.0300354170604165	0.0109372332279904	0.0223100845328235	0	0.0205963507377174	0.0139340386909312	0	0	0.00169046497686935	0.004	0.419328901149305	0.915891398989186
ERR3640802	0.0250646847577607	0.0800015045242813	0.0290523296973023	0.126708831816526	0	0.435891854891788	0.0284747839829692	0.0190984102093516	0.00226107182501074	0	0.0261037587273393	0	0	0	0.0377874280464046	0.0887583463905729	0	0	0.081983000616604	0.0177961654825741	0.00101782903151512	0	0.04	0.154757462818214	1.0427394396608
ERR3640807	0.0505429453432427	0	0.00706112083850748	0.302109196314576	0	0.347993968332504	0	0.0309650147407804	0.00332373987109949	0	0.0419698265641583	0	0.0335559091373527	0	0.0342402490521494	0.109341592628191	0	0.00724247455037533	0	0.0316539626270629	0	0	0.118	0.0802719019128845	1.09963323160144
ERR3640808	0	0.0265422896514386	0.0962415735355471	0.165993425330636	0	0.245728614376912	0	0.035323157460479	0.0677682709199151	0	0	0.0323373036612314	0.00134655322368164	0	0.0730647588095189	0.130402633208481	0.0239268724568625	0	0.077821852670973	0	0.0133640156352803	0.0101386790590439	0.029	0.181015654417209	1.01910280874347
ERR3640809	0.0656659729516443	0	0	0.120329326828871	0	0.305491704952896	0.0174810077202844	0.00910753254592071	0.0574042306324551	0	0.0305963529336354	0	0.022967832236594	0.0353742499953088	0.0933892870423318	0.0241119782557216	0.0129983095502687	0	0.187468735270154	0	0.0176134790839137	0	0.135	0.0752622670974876	1.06601474677187
ERR3640810	0.0434813493277802	0	0.126492021560093	0	0	0.490072292466374	0	0	0.0198334757546262	0	0	0.0515996312976377	0.0357742819357317	0	0.0438257644916491	0.112864639840196	0.00608848853345751	0.0231093892557341	0	0.0220661131038779	0	0.0247925524328424	0.02	0.205226124246712	1.01368483715341
ERR3640811	0.0142257791946795	0.000732606372376306	0	0.0247755992607032	0	0.188471102364624	0.000104820851182673	0.00656180371135224	0.0154714826287411	0.016614500742782	0	0.0587698638808859	0.00842958050925355	0.114016633468158	0.17581349555581	0.255671820559017	0.00978815691211014	0	0.0965066589888947	0	0	0.0140460949994295	0.072	0.11401128582491	1.05174408345097
ERR3640813	0.0135885365343794	0	0.000681299359361661	0.0496204459037125	0	0.172482571477733	0	0.0225386776914466	0.0650633639241569	0.0460889877632304	0	0.0204538173288673	0	0.0268994873556884	0.064161024612062	0.0587568326973378	0.135753831327078	0	0.10037120481012	0	0.00446360530538009	0.219076313909447	0.523	-0.00476561261464491	1.09478042956924
ERR3640815	0.0232332066366634	0.0831603011699621	0.0297426725575575	0.109701146254468	0	0.219882062484309	0.0490500980044549	0.0567925611834789	0.0388320414419858	0	0.0191128448159643	0	0	0.0431578423882289	0.0323080052537738	0.0343195788838274	0.0804261819432125	0.00787883734753103	0.113623923253579	0.00567054904123158	0.00533864238100888	0.0477695049587627	0.025	0.194559926884695	1.00279392914777
ERR3640817	0.0822945167635313	0	0.0315631790029747	0.223419128388871	0	0.293679727628937	0	0.0381934209696602	0.0242285713377703	0	0.10283959922331	0	0.0317405652965713	0	0.00230093004983431	0.0324357634305888	0	0	0	0.119036304954838	0.0182682929531123	0	0.052	0.134632263621067	1.06516139418437
ERR3640822	0.0376960058126209	0	0.0146852213635969	0.216316299525185	0	0.298351992192813	0	0	0.0590302021848445	0.0314529111695797	0	0	0.010597515102522	0	0.0218738320784122	0.043182797527567	0.00855775164610065	0.00635655929548712	0.212269783637279	0	0.0396291284639922	0	0.095	0.0951226623007769	1.07080895090241
ERR3640824	0.0186382739670454	0	0.049726122464898	0.269285984414598	0	0.216209365345566	0.0314211874083395	0.0212214053919929	0.0890176970655613	0.179517579784262	0	0	0	0.00490738876054965	0.0393375800897603	0.0523682063460125	0.00140516588571887	0	0.0269440430756951	0	0	0	0.069	0.116223143073893	1.09449248542179
ERR3640825	0.247104865576111	0	0.0179267791670982	0.0691109885597699	0	0.0398029891345839	0	0.000159810137974595	0.00940196737824623	0	0	0.0558454110923753	0.037945261383869	0.0519646673373102	0.0403751417867377	0.30172631847766	0.0354509171932726	0	0.0931848827749903	0	0	0	0.00700000000000001	0.304165539705354	0.960230533840466
ERR3640826	0.0214366370336917	0.0831370342733328	0.0478345081840529	0.140726828856363	0	0.206776922093949	0	0.0491898671935362	0.0514865506385203	0.0045675845233299	0	0.0278272602497783	0	0	0.0699258921482722	0.116750911500472	0.0291738624626303	0	0.0478693969531327	0	0.00594611780347206	0.0973506260854665	0.022	0.203599668327823	1.00526654760023
