B cells naive	B cells memory	Plasma cells	T cells CD8	T cells CD4 naive	T cells CD4 memory resting	T cells CD4 memory activated	T cells follicular helper	T cells regulatory (Tregs)	T cells gamma delta	NK cells resting	NK cells activated	Monocytes	Macrophages M0	Macrophages M1	Macrophages M2	Dendritic cells resting	Dendritic cells activated	Mast cells resting	Mast cells activated	Eosinophils	Neutrophils	P-value	Correlation	RMSE
SRR2689710	0.0187328492233728	0	0.000513261080101225	0.0840507938023443	0	0.00918231955260699	0.00173866939215188	0.0238979058281512	0.0319240396848946	0	0.00375427014555237	0.00703234746140343	0.0125957391244842	0.660962021192329	0.0207466980081336	0.090276778402785	0	0	0.0345923071016892	0	0	0	0	0.743706954859878	0.675070455922389
SRR2689711	0.00031979284674537	0	0	0.0345831907560996	0	0.130662836610666	0	0.00213934656881618	0.00303639440760031	0	0	0.0441780965998956	0.0358966827539365	0.113268203213661	0.0186432095011938	0.33545134058396	0.0441224152677149	0	0.235805605577696	0	0.00189288531201529	0	0.206	0.0533924067922411	1.06927411032262
SRR2780275	0.0449034598167687	0	0.00385879012654937	0.237764522656733	0	0	0.16239772466717	0.0659402109491494	0.0154582366792537	0	0	0.0408808315966661	0.0139733281631132	0.0993958484580148	0.0625723761430269	0.190943831415502	0.00621068298792426	0	0	0.0424325038271937	0.0132676525129348	0	0.253	0.0411196238275109	1.07007881579297
SRR2774280	0.128381722832326	0	0.0501681531558989	0.0750018200006179	0.00891111535573231	0.0401999478862356	0.158047938323184	0.0466066035193743	0.0025795949796361	0	0.0048902959554144	0	0.161293198268317	0.0665239166747658	0.0223772417572442	0.192837537643621	0.00382262238888708	0.0108320431493832	0.0275262481093625	0	0	0	0.011	0.252634003459633	0.97531855977666
SRR2778361	0.0100796520048989	0.00694262852687367	0	0.0738156695269237	0	0	0.164615037516326	0.0759527757345433	0	0	0.0350022801104733	0	0.00182934068406103	0.349450595549566	0.0933481340179659	0.161467198986636	0.0040828451582431	0	0.0234138421834892	0	0	0	0.25	0.0421715331275092	1.08897891521077
SRR2772780	0.026537311881067	0	0	0.100156710956643	0	0.217489494942174	0.0790459083613591	0	0	0.0421647352277734	0	0	0.0250149162333912	0.00333996400877844	0.114251093498928	0.217582964423165	0.0922259967021851	0	0.0512721912839749	0	0.0309187124805616	0	0.221	0.0490687436639348	1.05992603603612
SRR2770872	0.047270244774527	0.0647145875657297	0	0.0411080985829199	0	0.277779832450067	0.0930537340644664	0.0306936965858875	0	0.0652622622609245	0	0	0.0185834040589181	0	0.0462302541130317	0.192838228619766	0.0855150506688675	0	0.00201199956889604	0	0.0349386066859985	0	0.371	0.0191940731162717	1.07136498384871
SRR2675767	0.0125722155912595	0.0152303695147024	0	0.059282062511005	0	0.169409878213366	0.0257418963688004	0.0965422692566788	0	0.00847178887526648	0	0.0417980065344206	0.026029969277979	0.0263471824163436	0.082014829072984	0.213732534806383	0.138012785399844	0	0	0.0546816564185854	0.0301325557423824	0	0.428	0.0106110536457137	1.0745926302495
SRR2771207	0.0696771262507593	0	0.00264616595720541	0.0680401730162203	0	0.248695725289264	0.0164958686770134	0.0782479054006894	0	0	0	0.03657395450133	0.0419571236088544	0.168719569368552	0.0348661287510427	0.205387399234806	0.00260723971725843	0	0.0178573328397596	0	0.00822828738724582	0	0.112	0.091752061984065	1.05167031731036
SRR2669446	0.00148267227528625	0.0129746079929357	0	0	0	0.248948025400664	0	0.00424746733668814	3.31842100359936e-06	0	0.0914593171164865	0	0	0.521458730666068	0.0306607313967564	0	0.0191079402154221	0	0.0531193184170318	0	0.0165378707616575	0	0.0649999999999999	0.121893717319604	1.07898281391368
SRR2755094	0.00195349809221455	0.0214368418453859	0.0801196132677219	0.173613124541135	0	0.240485476802575	0.0225554427494903	0.0832143861679466	0.0109589092930838	0	0	0	0.0159403400326688	0.0149121648091768	0.00360821738874941	0.302094245360031	0	0.0196271483687784	0.00814039433350461	0	0.00134019694753848	0	0.048	0.144261108677322	1.036198125977
SRR2771617	0	0.000964641500925876	0	0.0218392696738321	0	0.0174353982071021	0.0503231098752436	0.00681400290126291	0	0	0.0158342337009907	0	0	0.625583157432374	0.00874393381869869	0.225185877131044	0	0	0.027276375758526	0	0	0	0.002	0.479638440600962	0.901057600255223
SRR2779097	0.0463372288938027	0	0.0125801104847334	0.0297250258579609	0	0.0173380239825247	0.0284519434461842	0.0339268780936892	0	0	0	0.00319079221537926	0.0212908744142553	0.378260329979201	0.00198831686960118	0.212060654848045	0.117535407558263	0.044823887241152	0	0.0154339219315169	0.0370566041836912	0	0.275	0.0371928381123333	1.11205669652047
SRR2777976	0	0.00255780127287489	0	0	0	0.199067174094601	0	0.0129885668646592	0.00482093242597472	0.0112810230549215	0.101930486661643	0	0	0.608621387602232	0.0215531366208323	0	0	0	0.0260248035045456	0	0.0111546878977148	0	0.044	0.152230645161141	1.08643342695163
SRR2778466	0.0327826952269506	0	0.00320893699663612	0.133638831902582	0	0.117008539071773	0.196506522318616	0.0275284270669574	0	0	0.0259170192840158	0	0.0187319999047943	0.0435225432987073	0.0563702993803962	0.188080069758398	0.12320756877388	0	0	0.00174123075105225	0.0317553162652415	0	0.104	0.0976889971857378	1.03633945199901
SRR2778056	0.0263211281029277	0	0.00171030082310922	0.22101541223117	0	0	0.0855826973704419	0.06761270394085	0.00488201651123955	0	0	0.0397343225977025	0.00207747562209562	0.294055617058018	0.0675073617191553	0.166662174744095	0.00411700737911904	0	0	0.0187217819000758	0	0	0.04	0.157780805885268	1.0352661648183
SRR2665516	0.0947025552053529	0.139997728365631	0	0.0910452915100911	0	0.180222402537287	0.0267493474560451	0.0156172901484419	0.0200665708042099	0	0	0	0.0695878711893722	0	0.0104279415185134	0.27544214585676	0.0121938772229843	0	0.059003875871294	0	0.00494310231401738	0	0.004	0.332374152424192	0.94613390945893
SRR2751521	0	0.00584661089531534	0	0.0377077922572661	0	0.0241014608708147	0.0622813624715167	0.0399462962900222	0	0	0.00979120554229588	0	0.0156484317635521	0.451298034878012	0.019967525655084	0.194326377199184	0	0	0	0.139084902176937	0	0	0.004	0.383624827811815	0.943191789254275
SRR3083584	0	0.00265700772840481	0	0.00389381808617576	0	0	0	0.00603989375276125	0	0.00311174972781369	0	0.00795603180905883	0.0745529703972519	0.55929536648971	0	0.24710316727931	0	0	0.0865054845583011	0	0.00888451017121295	0	0.369	0.0201024458495603	1.18471199611986
SRR2771286	0.0159589767770768	0	0.00789632003125436	0.226074619438214	0	0.143671180335099	0.0562871298564479	0.0322959187181063	0.00640653131547693	0.0394798828362303	0	0.0798673826609807	0.0233991143997002	0.00933998962027111	0.0428927007830714	0.195805555246934	0.0354829906181746	0	0.0410924969919559	0	0.0440492103710062	0	0.235	0.0448124061080946	1.07839363973567
SRR2780123	0.0215092587029231	0.0368222086179431	0	0	0.0436960707564705	0	0.0446923300970455	0	0	0.0322888850998068	0.114391864900845	0	0	0	0	0.2582268686393	0.215048283383345	0	0.0721826092664073	0	0.161141620535914	0	0.614	-0.0054232890924616	1.07799358332235
SRR2777065	0.00109203668115976	0.0552886715976412	0	0	0	0	0.00319575192860514	0.0187672694410771	0.0566454234864714	0	0	0	0.00946438987742801	0.524992526855592	0	0.00740239132389824	0.025626666374689	0	0.289300481689953	0	0.000419796705730243	0.00780459403775511	0.285	0.035397218095812	1.13520256899372
SRR2777217	0	0.104142537046656	0	0	0.00281167372311385	0.106622908790876	0	0.0149665783247568	0.0156095859656034	0	0.0335656524001077	0	0.0711321412000598	0.325189459652206	0.0141766345684339	0.156662757377327	0.00150165095608933	0	0	0.134798251936519	0.0188201680582517	0	0.029	0.172924685673889	1.03190224722731
SRR2771707	0.0811390169849685	0	0.00321868197506389	0.0420202488110494	0	0	0.162104137821802	0.0477330176466732	0	0	0.00929372949510891	0	0	0.340773681115136	0.0144840379115599	0.22601505978578	0.0137289198018543	0.00143824146826561	0	0	0.0580512271827387	0	0.15	0.073986724357768	1.07453102819857
SRR2778078	0.0249729652781452	0.0233329402644297	0.0440889267553567	0.257696521287843	0	0	0.121335877273697	0.118099092207285	0.0327586473537321	0	0	0.082681061353394	0.0241015452286549	0.0488475036537102	0.106966691973349	0.103294187782054	0.00235447600451851	0	0.00946956358383104	0	0	0	0.053	0.133645817398013	1.04749657051299
SRR2700736	0.0507271539952867	0	0.031918420338814	0.12267161601237	0	0.0954204382502024	0.0983256012533563	0.0246709169625792	0	0	0.0372855648292277	0	0	0.300883446424184	0.0358290049080571	0.164199467267064	0.0187476370540398	0	0	0.018778548863047	0.000542183841772222	0	0.102	0.101142974384352	1.05302728117918
SRR2753064	0.0588339056603026	0	0	0.226025404113359	0	0	0.214294278621752	0.0781977561993344	0	0	0.0656335030110457	0	0.0289398805395752	0.0381375758265068	0.0518460766844538	0.139661251041848	0.0512592865858988	0	0.016173310515107	0	0.0309977712008172	0	0.163	0.0658517372196865	1.05507951319622
SRR2674135	0.00615523860008059	0.0111575810084429	0	0.10818310673104	0	0.016837517742509	0.0769146600863235	0.0411703854408921	0.0223951448462137	0	0	0	0	0.536613328821521	0.0716401009909035	0.0894275630404124	0.00388721550665517	0	0.00996940842540861	0	0.00564874875959762	0	0.177	0.0621975601919765	1.12054109272712
SRR2778609	0.0443141867993269	0	0.102551721391837	0.302391219534715	0	0.00293221705824611	0	0.0435304094097799	0.0529598863900952	0.00769067939033636	0	0.0632393013169101	0	0.0794655571753251	0.104998582554347	0.173636191324384	0.00861834310478529	0	0.0136717045499111	0	0	0	0.017	0.210350464770445	1.01051386173837
SRR2775133	0	0.0282056122847832	0	0.138271303080958	0	0.0727436537145357	0	0.0526660703842925	0	0.0400181889248012	0	0.050262746386349	0.0170901848542816	0	0.0459451512538605	0.52026251291182	0.000223260918026626	0	0.0333190890596047	0	0	0.000992226226686829	0.371	0.0195259144840981	1.09296409247978
SRR2712420	0.0195207692036286	0	0.00616659200170571	0.355841845532164	0	0	0.0651685845017132	0.0947285120227224	0.0185959430882338	0	0	0.0511738230099942	0	0.179682529570458	0.0815359615148655	0.0703339537875773	0	0	0	0.0572514857669375	0	0	0.202	0.0546733652612973	1.09001986793969
SRR3083781	0.00924488203324489	0.0689514340733733	0.00404777150391906	0.0764498699092837	0	0	0.0162059967611527	0.136806767546507	0.00529144459842455	0	0	0.0237812165421703	0	0.380879632162133	0.0684451024245418	0.175396500361738	0	0	0	0.0344216241311141	7.77579523974113e-05	0	0.053	0.134292817253458	1.05594117550183
SRR10900001	0	0.0822455089260813	0.140668783163864	0	0	0.245587265329692	0.0915581504441518	0.0626769634215778	0	0.0601769818143116	0	0	0.00521143226154212	0.0362810168057073	0.0312427040378481	0.230278564543221	0	0	0	0.00349835307810174	0.010574276173902	0	0.004	0.345285363848455	0.941937716022185
SRR10842352	0.0409607708779109	0	0.00287295564735199	0.129978723986202	0	0.154604096247765	0.0709132927913918	0.0516084471234871	0.0100752575881187	0	0.0100035275026656	0.0148724087517223	0.0169865615673149	0.18706716380294	0.0569412039537141	0.229900915522774	0.000625181733284162	0	0	0.0184889701251944	0.00410052277816234	0	0.125	0.083268826390892	1.05645744449265
SRR10842349	0.0166172710994644	0	0.00479338406468494	0.34709466725042	0	0	0.0776761316476939	0.0892340097272923	0.00581424843101281	0.023922686115654	0	0.119364353907277	0.0130999010320792	0.0512464060487025	0.0663458007621458	0.122822260783075	0.0199918237799364	0	0	0.0294612420341854	0.0125158133163767	0	0.119	0.0865410185323557	1.08517589431129
SRR10842356	0.0375765688366915	0.0137135823871404	0	0.040858427436132	0	0.363223890107521	0	0	0.00122734571940103	0	0.0620512804777795	0	0.0333314877581482	0	0.020283407795508	0.300529208047571	0	0	0	0.12210109485912	0.00288577477711035	0.00221793179787724	0.209	0.0528036524223813	1.06932890203946
SRR10842347	0.0210481710475765	0	0	0.249456154453465	0	0.248357831310291	0.0413384508172408	0.123996107063709	0	0.0110200869139587	0	0.0344706836560799	0.000435382558502225	0	0.0342442995913659	0.0680400234713613	0.0538438496339866	0	0	0.0691891750872666	0.0445597843951965	0	0.356	0.0215427038456678	1.1149729242726
SRR10841996	0.00934426770613634	0.0175093561029274	0	0.0558535882995181	0	0.0349590751895955	0.043292793972145	0.0543572124403552	0.000289905279019655	0.0215627840006818	0	0.033930687944421	0	0.479795448808593	0.0509619721655745	0.193168814633639	0	0	0	0.00497409345739345	0	0	0.188	0.0589888882092209	1.11792228594184
SRR10842358	0	0.0222126913018554	0.0153827922347054	0.0277048191344934	0.149172440252708	0.119478231991846	0	0	0	0	0.00772661142732106	0.0564022942022452	0.0147462410302517	0.0750730259019257	0.00880408754435556	0	0	0.0186170901011995	0	0.420753815814723	0.0639258590623702	0	0.208	0.0531816904432685	1.13931455147955
SRR10842068	4.91389454746685e-06	0	0.00179122676545225	0.0740099327387187	0	0.222243923490605	0.17744058259053	0.0995557377251164	0	0	0	0.00491582539420713	0.000635354489759012	0.0446977435382345	0.0649946299450786	0.100671582690235	0.00956126801043153	0	0	0.184476215110794	0.00405363818095461	0.0109474254353369	0.091	0.105837476153096	1.05580604554222
SRR10842363	0.00226033929879281	0	0	0.112210050945729	0	0.0196588711112473	0.234088349901684	0.00948825284198256	0	0	0	0	0.0384089521579038	0.168790666829927	0.0484355089241934	0.322432706734824	0.0233540917617322	0	0.0208106270125939	0	6.15824793899517e-05	0	0.192	0.056611648622798	1.06547095553193
SRR10841921	0.0645072517177717	0	0.00855814811755448	0.163306525152865	0	0.177680872546269	0	0.229788334727484	0	0	0	0.0521077054150828	0.00601852758279503	0.0438263376067842	0.127191126454397	0.0648558080274043	0.0284302516400819	0	0.0337291110115103	0	0	0	0.118	0.0879026093319755	1.07945327513056
SRR10842360	0.0298776904934686	0	0	0	0	0.201644252569677	0.0989195278149739	0.0364976187335505	0	0	0.0334268737636656	0	0.0185443179672886	0.271126267071472	0.0815024462231657	0.171446628209539	0.0217981027432045	0	0.0179529558629456	0	0.0172633185470491	0	0.64	-0.00811118944091021	1.09537875928875
SRR10842367	0	0.00344232011698513	0.00120815908891356	0.0994752454153026	0	0.0845015015538277	0.0324118652677434	0.0202387383932576	0.0177583794697366	0	0	0.0357595794287602	0.0379315648756514	0.101244882258536	0.0115317153669508	0.475912117829732	0.0415690656648527	0	0.0370148652697505	0	0	0	0.29	0.0342698909744332	1.08801777944797
SRR10842364	0.0663790525218524	0	0.00535450531260212	0.172186384032872	0	0.143705575312061	0.0438299442906186	0.0976100610840999	0	0	0	0.0802491110588589	0.0159642395825354	0.0608105908860323	0.0647405840115768	0.242058668949427	0.00294401887994154	0	0.00416726407752214	0	0	0	0.112	0.0917889423250364	1.05766749664078
SRR10842377	0.0522840919006953	0	0.0573437063449441	0.46137198512043	0	0	0.0898306145289532	0.0951866334417732	0.0190964984930406	0.0272767981262797	0	0.00617944079603531	0.00656602867648768	0.0630078417186181	0.0521105783118667	0.0422796934674144	0.0053955563299441	0	0	0.0153865211077908	0.00668401163572671	0	0.029	0.173902588719516	1.04638407724772
SRR10842369	0.0120301367298011	0.000717218881443634	0	0.194038779204444	0	0.0476828618764117	0.0680679478792816	0.0728548901982755	0	0	0	0.0459987060495149	0.0496419056532294	0.02756262377848	0.125214904354651	0.342103176951647	0.00868810973179449	0	0	0.00539873871102487	0	0	0.126	0.0826898671082393	1.06212471852208
SRR10842378	0.0346365193508935	0	0.0126540218003402	0.0600332048500623	0	0.284881064885134	0.00476812408452406	0.0113150408012878	0.0240577125346834	0	0.062628657840896	0	0	0.162423944630217	0.0302453226554031	0.206877843521657	0	0	0	0.0609798383897193	0.0444987046551834	0	0.474	0.00668187042117895	1.08634125920023
SRR10842373	0.00552367438441157	0	0.00187295104665982	0.0921068267610303	0	0.091095545041115	0.0173238805061918	0.0341647849343326	0	0	0.0101586879220279	0	0.0258709094384291	0.270349617248005	0.0223537441835331	0.178507480296555	0.0733165067174855	0	0	0.0386125715087807	0.131222754962522	0.00752006504892126	0.613	-0.00540557983348696	1.10065557469679
SRR10842380	0.0241954939170528	0	0.00226331897238755	0.345308783033573	0	0	0.111168799217339	0.0286458027234289	0	0	0	0.0309730092205819	0.0197992952965607	0.110172193044845	0.0863134882520947	0.212293624254302	0.0117725382805304	0	0	0.00229577187587133	0.0123051399671137	0.00249274194431888	0.221	0.0491792292028794	1.07651336174405
SRR10842368	0.00796185665333388	0	0	0.073243840262383	0	0.0756640229080045	0.0615110370242087	0	0	0	0.022808796732426	0	0.0559833101841427	0	0	0.46288055468094	0.192906167127092	0.0172120829374511	0.0116444634339646	0	0	0.0181838680560527	0.036	0.160579935398271	1.03057210668297
SRR10842376	0.0927793043450637	0.0207353699341535	0.0396431215204872	0.0892342158564046	0	0.275136756474279	0.0117662117334415	0.0615460556008442	0	0	0	0.019039508549369	0.00671088252120592	0.107474760312702	0.0856565036441913	0.158731495269587	0.0280526265541345	0	0	0	0.00349318768413622	0	0.021	0.191575459263818	1.01120716637809
SRR10842379	0.00367049940435635	0.0112404876593765	0.000924084821042002	0.161853577158136	0	0.115144406174313	0.105956262496373	0.0706806990956345	0	0.017192289241874	0	0	0	0.0647083768613523	0.0628988640825232	0.239777915416363	0.0729554930931367	0	0	0.0301896680740573	0.0232886453904585	0.0195187310310036	0.346	0.0232963822376251	1.0716835065552
SRR10842365	0.0881539821585223	0	0	0.132987217595634	0	0.327661137402954	0.0192186471539544	0.0762182887064538	0	0.0377736478062775	0	0	0.0158688985716376	0.0468569371501191	0.0982589422348903	0.0800552424475276	0.0332109869198155	0	0	0.036624801421755	0.00324704945169775	0.00386422097876153	0.113	0.0904880510322056	1.06811717510081
SRR10842371	0	0.0439202083815295	0.0262430187898319	0.114057506818347	0	0.136550351799802	0.0495920684071633	0.03187493934035	0	0.0344778148408176	0	0.00638564735949139	0	0	0.0747503163407348	0.325949184664387	0.0867197212368968	0	0	0.0494574947611637	0.0200217272594844	0	0.08	0.11335429627785	1.03483768868563
SRR10842366	0.0646388682243328	0	0.00793007991061967	0.157403747755636	0	0.145028352476669	0.0302210699848809	0.0852920036147574	0.013503429228085	0.031859759712299	0	0.00702139089519954	0	0.103499965569409	0.143989427375925	0.158509072805978	0.0132756115295882	0	0	0.0336589695288098	0.00416825138781068	0	0.104	0.0978665108571883	1.05725437519526
SRR10900564	0.0143797207836588	0	6.14002787474189e-05	0.103147436012745	0	0.18624058443447	0.071689099710252	0.0102187252953175	0	0	0.00823483454077852	0	0.0632585220721938	0.0551900613600876	0.0544292352767878	0.22682445092114	0.119178754111374	0	0	0.0810222591545416	0.00612491604790652	0	0.32	0.027667930669574	1.0660585289929
SRR10842381	0.0001259546765131	0.00414843528112488	0.000334264893822032	0	0.00730364776377351	0.114374788703153	0.0410239148348815	0.026486616318074	0.0274407971285347	0	0.0840482798579014	0	0.0238884365804568	0.246896962964437	0.0136005879151687	0.248912813780626	0.00248555275047161	0	0.157495565955954	0	0	0.00143338059510892	0.343	0.0243045078815947	1.08178658721736
SRR10842375	0.000642906154597463	0	0.00069287011524836	0	0	0.198817474585647	0	0.0508187772039176	0.00145408189834062	0	0.060800631946233	0	0	0.589291225253528	0	0.0403497246844144	0	0	0	0.0357314743038236	0.0214008338542495	0	0.022	0.191390235572485	1.06484407229293
SRR10899955	0.0150829038470728	0.0151907695677518	0	0.06369153514769	0	0.159554895815288	0.0571621296957806	0.0240232531625124	0	0.102538171920969	0	0	0.0426269055276541	0	0.0189723467894014	0.367730731571758	0.0489370824813899	0.013615629347144	0	0.0129313666160921	0.0579422785094966	0	0.136	0.0792129557619046	1.05120295802425
SRR10900559	0.00545577871631336	0	0	0.0645634387926742	0	0.152359069243963	0.0720675350471	0	0.00499003964708036	0	0.0269928169636664	0	0.0155465528106374	0.0281115844409453	0.0693385647049499	0.305976828392131	0.092335286125339	0	0.0866263858394364	0	0.0714711835263359	0.00416493574942772	0.015	0.223181992989667	0.988062224125875
SRR10900018	0.0402136184093384	0	0	0.0831945540125565	0	0.207464236611639	0.142237700245282	0	0	0	0.092658179189624	0	0.0360065117489115	0.0445037193776314	0.018190642939875	0.27032048586415	0.0344627358331809	0	0.0307476157678112	0	0	0	0.644	-0.00860626472601208	1.08154298586634
SRR10899986	0.00121919118905254	0	0.00104212772999995	0.222755622079384	0	0.0333368825389528	0.0518123678057847	0.0144622405530702	0	0.0137545759536678	0	0.0166094082200158	0.0252893018576878	0.025121381843912	0.0369857343469412	0.467013266172332	0.0452882502983382	0	0.00129762820852533	0	0.0440120212023356	0	0.113	0.0906455580159636	1.05861979066438
SRR10900580	0.00656746588131648	0.0107880602859403	0	0	0	0.175195084207972	0.06324040301684	0.0206469318844011	0.0195916886456675	0	0.0391423183299628	0	0	0.323575601758983	0.0574081154212657	0.265428716303576	0.00771421263529294	0	0	0	0.0107014016287816	0	0.014	0.233525795102418	1.00551204970963
SRR10900553	0	0.0251784507433448	0	0.000213103401829071	0	0.166613829968173	0.0523597438750521	0.0415278146566318	0	0	0.0613299241552124	0.0215836936117519	0.0455333378915433	0.325277948025783	0.0490107345657782	0.036060528186536	0.001836770922566	0	0.12683767845782	0	0.046636441537978	0	0.339	0.0246701005200364	1.07860764544379
SRR10900014	0.0279794233894829	0	0	0.0473387191302992	0	0.120633881502338	0.00399688974380062	0.0177684107116419	0	0.0190498148071454	0	0.01155250976554	0.000224489419124572	0.226401125183483	0.0238195495181901	0.392368248090408	0.0416516341126548	0	0.0151019614803973	0	0.0521133431454946	0	0.053	0.134283056825967	1.05122841747118
SRR10899973	0.138122433402946	0	0.00124264583294625	0.168692634689052	0	0.113891781134925	0.00706431950654768	0.039371130956658	0	0.0208532871975648	0	0.0279867846777007	0.0454511174752198	0.0121683956422168	0.0437074283198524	0.354415932226829	0.00455644225618417	0	0	0.0182442769152741	0.00423138976608268	0	0.017	0.211254590884445	1.00090232638931
SRR10899978	0.0143449022851658	0	0	0.216985783907897	0	0.161082062491348	0.105755463250648	0.0493543641495921	0	0.0420667471366291	0	0.018450934557951	0.00230717344099354	0	0.0521994479503683	0.280053392404252	0.0433046680233399	0	0	0.0140950604018143	0	0	0.016	0.219484236247846	1.00231339952328
SRR10900558	0.0290859175528912	0	0.00822999077004542	0.0514749212772471	0	0.377620111268118	0.0834251123905425	0.052678140813125	0	0	0	0	0.0531525989491528	0	0.0372611120225988	0.246109445733905	0.0495559601175335	0	0	0.0105605265036203	0.000846162601220474	0	0.351	0.0223902677825422	1.08211790275705
SRR10900010	0.0315003365685651	0.063955702847275	0	0	0	0.10839367371827	0.0536792090024134	0.00331790230622069	0	0	0.00812363969580928	0.00357938626486353	0	0.0304090348542008	0.00333743092783075	0.373815852676202	0.0326915015242341	0	0.259767642782726	0	0.0274286868313896	0	0.111	0.0931380584096593	1.04803652377674
SRR10899989	0	0.00886684094506996	0	0.0352742963774736	0	0.0395881978474756	0.0181733122851182	0.0497152547407912	0	0.00396472046393699	0	0.0288315100026613	0	0.604618328707533	0.0515148832686413	0.116264166850673	0.0197146791011435	0	0.0234738094094819	0	0	0	0.14	0.0769695443052627	1.13973013076846
SRR10899967	0.0016503230592111	0.00885417482181597	0.000186382356768894	0	0	0.0777135170727751	0.0956426718500335	0.00542558552170372	0.00394135301057617	0	0.0809675093420472	0	0	0.543264549785319	0.00515185398966796	0.165748473844134	0.00224440244354599	0	0	0.00167259273883586	0.0075366101635654	0	0.09	0.107351258657208	1.10702401261713
SRR10900561	0.0683126309185341	0	0.000529502006230047	0.15607978089088	0	0.000315553821613858	0.0841802219363677	0.0590487285947447	0.000450604591146657	0	0	0.055976391061077	0.00444807938375442	0.265750773046382	0.0650200196602395	0.220050110322363	0.0027929140307853	0	0.0170446897358826	0	0	0	0.0580000000000001	0.126222787268203	1.04387408828151
SRR10900565	0.0516476082356844	0	0.0092015202958726	0.0441522196069972	0	0.116754966382353	0.0182299902246467	0.0611131017154101	0.0153756218224143	0.0124936034521588	0	0.0102406050107377	0.00491331821618909	0.385141001314429	0.0312096792381503	0.105555445063245	0	0	0	0.10204029774889	0	0.0319310216728224	0.153	0.0719689125776454	1.08386659643817
SRR10900555	0.118896930704735	0	0.00457308969583665	0.19193423136153	0	0.227539322494424	0.0358826632586294	0.0732152632581642	0	0	0.0107025083016609	0.0282021883763892	0.0267541094759678	0.108139954395649	0.073374619588518	0.0817452262965224	0.00842311233341131	0	0	0	0.0106167804585617	0	0.052	0.137900423943796	1.04280038683141
SRR10899974	0.243933441667178	0	0.0068756750685045	0.037818417438635	0	0.422406050247418	0.0130255878432531	0.0359735919021568	0	0	0.032739020763294	0.004243122758371	0.0256940679980959	0.0910966722274286	0.0223206886631945	0.0514478791835018	0	0	0.0124257842389689	0	0	0	0.011	0.252671683595761	0.997139324180437
SRR10900569	0.0468443264489164	0	0	0.0322996721605047	0	0.0948043288018738	0.118245253585513	0.0387622103988575	0.00683049091254444	0	0.0574227845329265	0	0	0.415683557803229	0.030684916323082	0.13806782550047	0.000536067084825904	0	0.00337409638201455	0	0.0137792064978988	0.00266526356734289	0.036	0.161386291668217	1.04211057672548
SRR10900581	0	0.0136029714639448	0	0	0	0.361421435204664	0	0.0287873933711702	0.0522962613923258	0	0.0769953087074846	0.0091733409816574	0.0127304610838077	0.343571438389431	0.0250340831441127	0.0118000917490401	0.00132367302708061	0	0.0514274127046118	0	0.0118361287806692	0	0.561	-0.00118842229144701	1.1130563865011
SRR10900582	0	0.0245989169799561	0	0.184342966420303	0	0.0998887235811939	0.0900776863213813	0.0181412409023434	0.0242407229906726	0	0	0.046665050103509	0.000926938949186874	0.0344383500577801	0.05108089104776	0.356791523924512	0.0184155774492453	0	0	0.0322161443503061	0.0181752669218509	0	0.159	0.0671513470015115	1.06219725407965
SRR10900000	0	0.0262155441423301	0	0	0	0.125260931358463	0	0.0320120629030686	0.0229191679526515	0	0.0247119176062753	0	0	0.616957730916855	0.00747231962253797	0.0418564848373699	0	0	0	0.0906428073285667	0.011951033331882	0	0.138	0.0781168489674855	1.13866180341551
SRR10900572	0.0201631475303301	0	0	0.149458040397504	0	0.0626032204712988	0.0410703268355248	0.0588906721244172	0.00146344925878378	0.0236153756692469	0	0.0575362049142569	0.0263049194482078	0	0.0691040412437691	0.262842050739844	0.200349657327723	0	0.0169665122305594	0.0028078949015993	0.00682448690693466	0	0.01	0.266317505489781	0.974752555525593
SRR10899992	0.0104870282027538	0.0526100294247692	0.0143922191841665	0.0295980271155323	0	0.14836227470389	0.00492968869307512	0.0660861762521003	0.0160221402102697	0	0	0.0201940225223826	0	0.129409795937515	0.0789851448467573	0.396915170365811	0.0320082825409766	0	0	0	0	0	0.0580000000000001	0.126113859450702	1.04387215009153
SRR10900549	0.010309285974291	0	0	0.100958953069328	0	0.208080239637016	0.0463234657205078	0.0762611153671361	0	0.0197019440329761	0	0.00289364192430108	0	0.146107662696944	0.0949881337613925	0.221195606889158	0.0326104566313431	0	0	0.0405694942956064	0	0	0.159	0.0672107877184649	1.06594889792861
SRR10899987	0.0136242845154475	0	0.0073369491688541	0.0609390046331513	0	0.255636457198544	0.0256901923862468	0.0161298167237028	0	0.0264093597142303	0	0.00728930334946706	0	0.0763454498673199	0.0795542683099864	0.247412012696516	0.0705385648993258	0	0.113094336537208	0	0	0	0.004	0.366969639696835	0.930445361840787
SRR10900015	0	0.0375061970216932	0	0	0	0.318102492750958	0.0345135568475046	0.00724517838523565	0	0	0.0498895978745017	0	0.0546933795398897	0.0917954787516902	0.0137406291159023	0.310446614825448	0.0146144324847876	0	0	0.0523644924573382	0.0088041368568169	0.00628381308823444	0.092	0.104927384123324	1.04344937868025
SRR10900570	0.0180752171461237	0.229488528086616	0	0	0	0.214435907848945	0.287097113258475	0	0	0	0.171329820651331	0	0.0104120942790746	0	0.0181275973092718	0.00776618173626236	0	0.00327086532014818	0	0.026956277250418	0.0130403971133336	0	0.73	-0.0158661177484944	1.11696726497246
SRR10900020	0.00353013561302184	0.0287010950471752	0	0	0	0.2647017930406	0.126389550036145	0.0442131838570658	0	0	0.0282962396906134	0.0091317986291263	0.015865549654738	0.239674021541099	0.0901441159351054	0.0656951623002248	0.00143564773110031	0	0.0822217069239846	0	0	0	0.391	0.015979918481803	1.07877452374985
SRR10899981	0.017961464645737	0	0	0.0975488816066541	0	0.25955913508422	0.0890360182308474	0.0101046771798858	0	0.00521161117383782	0	0	0.0135599260201066	0.0624051364551566	0.136256624813453	0.279791878161426	0.0169359899445801	0	0.0108777835436902	0	0.000750873140404881	0	0.025	0.18191725650409	1.01794676447581
SRR10900011	0.0168692246988551	0.0826691386078071	0	0.312839595621401	0	0.0244022772027345	0	0.0965821821375151	0.0204668173112566	0	0	0.10537280493068	0.00502631345842614	0	0.0821882800261246	0.141675020282115	0.103584281943721	0	0.00684523978189382	0.00147882399746955	0	0	0.017	0.202916741548328	1.01807242575984
SRR10900547	0.0612067530511676	0	0.00811657091424464	0.0510990460080219	0.0106157770500388	0	0.0289968160690276	0.0705176181475155	0.0932985095483797	0	0.0426137601993862	0	0.0129666481084384	0.448069924305024	0.0295012560965023	0.123724431984506	0.00230069490633906	0	0.016972193611408	0	0	0	0.003	0.434660861279419	0.903883008104002
SRR10900554	0.0362486023663582	0	0.00393573169620112	0.0606001867883025	0	0.159616183430884	0.0110208221811552	0.0425303323714336	0.0152045262783622	0	0	0.0117595177372101	0.00604899680397124	0.42505347434015	0.0449795612422153	0.103205057249078	0.0109660655764791	0	0.0654310523381426	0	0.00339988960005662	0	0.024	0.186481064369693	1.03109050657532
SRR10899988	0.0342847536587038	0.0521793366021693	0	0	0	0.179097943937231	0.109723642804377	0.0412384499557662	0.00210654435229878	0	0.0540303409535413	0	0.0272074721758251	0.0665218378978453	0.106212499578304	0.225591659592679	0.0337326284061268	0	0.0655843923705998	0	0.00248849771453261	0	0.106	0.0969282775634199	1.03535104544382
SRR10899976	0.0837871102686422	0	0	0.131103676497099	0	0.0888187412462047	0.00756344448250633	0.0867799013506434	0	0	0	0.0447811059595527	0.018267257458328	0.166942382531917	0.082549561025536	0.245213800788065	0	0	0	0.0353737340967769	0.00881928429472852	0	0.093	0.104722901131647	1.04787140702662
SRR10899982	0.00544156855707957	0	0.00338749500132079	0.048722804606976	0	0.292555641531299	0.012946176372836	0.059455558227847	0	0	0	0.0255799541836054	0.0109752382289895	0.0544530606730086	0.0881361993112807	0.217065661330836	0.0879364301365659	0	0.0933442118383557	0	0	0	0.053	0.134433788331891	1.02891039938249
SRR10900008	0.0512253322995397	0	0	0.0165797148178386	0	0.218639634729957	0.0560724025396929	0.0410559728147849	0.00645304731993855	0	0.0301151621409069	0	0.0240478695876456	0.157254252792033	0.0499981574195522	0.299347364844422	0.021358750711959	0	0	0.0136892581755381	0.0141630798061919	0	0.054	0.132960226141497	1.03321842218032
SRR10900591	0.0449072775759382	0	0.00745940407589247	0.146796395665842	0	0	0.100698606453716	0.0620961901482873	0	0	0	0.0408040231203767	0.00179227811307456	0.263091449908573	0.0431621032380267	0.235274560769046	0.0425308153047844	0	0	0	0.00911973146118797	0.00226716416525515	0.081	0.113111778514927	1.04908925922637
SRR10900002	0.0253868890834401	0.00305052997395166	0	0.0975715241822858	0	0.0441602956524449	0.0479468437161957	0.0975841218829061	0.00846627190564868	0.00991226775905686	0	0	0	0.120892801724545	0.191244890199498	0.300280357112705	0.0157101180985027	0	0.0377930887088201	0	0	0	0.015	0.223235752486379	1.00663728343024
SRR10900556	0.177146279646	0.0280430393834049	0.00706464657473804	0.117212259814003	0	0.186864351179407	0.0766617896715121	0.0495250341893475	0.00885775593670051	0	0.0448724906378642	0	0.00378796023739172	0.145725473546807	0.0156580800048737	0.0870752751609493	0	0	0	0.0491765991690188	0.00232896484798226	0	0.011	0.258505065954859	0.982552396024231
SRR10900016	0	0.0562468281544894	0.0161638841292245	0.0197125406561491	0	0.275007197515776	0.0957545308103182	0.0290087305226447	0	0	0.00950664688515304	0.0279523409329108	0.00979439758897932	0.318735492907326	0.00518995588885198	0.0425749944032777	0.0130554235700336	0	0	0.0275421141113439	0.0093621993973354	0.0443927225261859	0.136	0.0791157382454961	1.06556562496105
SRR10900551	0	0.0120265263228892	0.00940524494337811	0	0	0.0972118664177159	0.103173683798793	0	0	0	0.0876705819400528	0	0.0246592297920833	0.592498810980926	0.0154162267107658	0	0	0	0.0436496619200031	0	0.0142881671733924	0	0.29	0.0343525563944737	1.13756564959789
SRR10900009	0	0	0.000500414018486451	0.3986724973626	0	0	0.0352831374829356	0.0696873102698291	0.0661938743781114	0	0	0.115174986984176	0.0380271768750101	0	0.0247005185420303	0.251616689781334	0	0	0	0	0	0.000143394305486408	0.156	0.0705503671133158	1.09955720927062
SRR10900592	0	0.0114799689517362	0	0	0	0.199873236627644	0	0	0.050188866780587	0	0.0924596549122925	0	0.0711819851797774	0.465761750480564	0.0420314600459779	0	0.0039100418266045	0	0.0631130351948161	0	0	0	0.191	0.0571042675812842	1.0952008535088
SRR10899990	0.0402467014734857	0	0	0.10625927353413	0	0.22652177365369	0.102261852457308	0.0202505419597047	0	0.014203559063192	0	0	0.0188592368438755	0	0.0667786440375043	0.316366645035258	0.0422631376304249	0	0.0459886343114268	0	0	0	0.119	0.0859526828566122	1.04657028186547
SRR10900589	0.00453032249037547	0.000258610844464995	0	0.055209682787123	0	0.118570784479076	0.0157953267459581	0.120338010417553	0	0.000918918368151834	0	0.0414251920785988	0.044413768414576	0.163651003920887	0.141601834757273	0.231365905969733	0.0322418174325908	0	0.0296788212936387	0	0	0	0.046	0.147966937417408	1.03405604340511
SRR10900013	0	0.00411874275779894	0.000490207262265755	0.0332759885921851	0	0.206140577403791	0.0917134578848263	0.0405845944171714	0	0	0.0642420383830754	0	0.0946542016503997	0.0766382838172821	0.0256280748774858	0.331563121400461	0.0128322479868904	0	0	0.00839361529066713	0.00972484827570003	0	0.0620000000000001	0.12377912212085	1.03508444667946
SRR10900585	0.0627620406467889	0	0.00577597531520179	0.10084061334169	0	0.334835518682398	0.0135370516117914	0.0114954112498578	0	0	0	0.0026539935597349	0.0673731830057267	0.0354179819280883	0.109966255320338	0.21419761550753	0.0121937528407147	0	0	0.0175532817012557	0.00517050457501211	0.0062268207138711	0.0570000000000001	0.127225749857648	1.03968002092552
SRR10900021	0	0.0232022114425593	0.00547861222840264	0.079803155649458	0	0.0453709157603769	0.130287619992164	0.0592606090011117	0	0	0	0.0338364862846942	0.0139418803955724	0.140290478751893	0.0478218134327534	0.123181793955537	0.206830353498091	0	0	0.0697492244256275	0.0209448451817595	0	0.302	0.0304478700186936	1.06596981216013
SRR10900577	0.00321756150132721	0.0113436703516398	0	0	0	0.201344105300206	0.00154643582945489	0.0354702108888641	0.00153890106425199	0	0.00204253277861867	0	0.0597399444033126	0.109085990551473	0	0.355694279995362	0	0	0.214297052327268	0	0.00467931500822166	0	0.516	0.00287077381079375	1.08954829771623
SRR10900568	0.00880318470910716	0	0.000537543171072371	0.0111485416305632	0	0.0875897610562178	0.0668531580807491	0.0378228970565828	0	0	0.0358136842608045	0	0	0.626739990465812	0.00411452039560241	0.106423407967987	0	0	0.0141533112055015	0	0	0	0.048	0.14439738006417	1.104148615073
SRR10899999	0	0	0.0116097227520727	0.156072740868642	0	0.114082206080824	0.115574427399106	0.0617065968909888	0	0	0.0154292236964704	0	0.0250860329667564	0.329862658220346	0.0346853608728344	0.102233439570681	0	0	0	0.0308104424129474	0	0.00284714826833021	0.086	0.110552076510812	1.05595532052275
SRR10900546	0.0303824823149789	0	0	0.0533234322188393	0	0.187447716506584	0.08647073566366	0.0125623894754996	0	0.00488264060100173	0.0307032899591638	0	0.00570126404244492	0	0.0714640464913211	0.288400927652301	0.1786209787139	0	0.0500400963603057	0	0	0	0.279	0.036423020671983	1.06059755498195
SRR10899995	0.0881827107829161	0.108919414712384	0.0348748665663219	0.119167744855144	0	0.283099440353148	0.0585937246159128	0.0592996354622166	0	0	0	0.05158624763877	0.00543811330883556	0.0231011915600101	0.0551303052039737	0.0257579710556145	0.0467762657711573	0	0	0.0205463487700918	0.0195260193435038	0	0.01	0.265993605907395	0.98637721758141
SRR10900583	0	0	0.00268665810426774	0.221043164465788	0	0.114874309571578	0.0898093011802869	0.0531641333276769	0	0.0473749876311805	0	0.0762597612507358	0.0492392363639461	0	0.0946126234716354	0.206142663320986	0.000304141738381699	0	0	0.0224468107926454	0.0220422087808919	0	0.023	0.190291721900534	1.02166912137362
SRR10900552	0.0812068027813477	0	0.00210360919580589	0.0136403032132371	0	0.232217538559576	0.168875254762525	0.0318110876071494	0	0	0.0166459606499798	0	0.0549795936329142	0	0.0542674878878474	0.271045298710838	0.00926404515003518	0	0.00127863256518637	0	0.0626643852835578	0	0.124	0.0835938150430223	1.04162392285031
SRR10899993	0	0.0080099831630724	0.00215892475401306	0.00265457256013577	0	0.210281318837275	0.137357792813576	0.00784986920066661	0	0	0.107530126559253	0	0.0339394306138905	0.199335327409624	0.00598422773988643	0.137099710036545	0.0983471702015672	0	0	0.0404203394816382	0.00903120662885764	0	0.323	0.0269894085680913	1.07296376490838
SRR10899975	0	0.108283853426361	0.0163448030049755	0.116315361344012	0	0.0784277186558266	0.0449994018599515	0	0	0	0	0	0.0847186278196949	0.227872488049061	0.0364943481609551	0.223138699329997	0.0166489140675789	0	0.0336210653738146	0	0.0131347189077724	0	0.03	0.170637899142339	1.01680634225626
SRR10899996	0.178274585607693	0	0.000335172616851912	0.0508253684827338	0	0.140733311029208	0.0254705166321058	0.0134867440229784	0	0	0	0.0283151276329282	0.0156079429478504	0.059908439550339	0.0198338705057858	0.333789071737863	0.00374969819414925	0	0.127117245276712	0	0.0025529057628005	0	0.26	0.039513578760652	1.06379873969692
SRR10899977	0.00638280285052569	0	0.0909392318213014	0.0395494496738492	0	0.0204423077344306	0.0141626697845452	0.0717319810121597	0.0642266439910827	0.0917193621338649	0	0.0135055955533314	0	0.298058793472715	0.0669205982585429	0.199728540486749	0.00843254665713888	0	0.0141994765697634	0	0	0	0.013	0.233704217903235	0.998411963727898
SRR10900003	0.0845033587962517	0	0.0787013368156111	0	0	0.394515716228652	0.000823528272962256	0.00986385684474028	0	0.00175994966845857	0.0189619281435178	0	0.00960713342151989	0.0717897697658521	0.0135225184748778	0.215614306869277	0	0	0	0.0431853189862128	0.0571512777120663	0	0.023	0.19079930984002	1.00862300879601
SRR10900557	0.150465782877515	0	0.037778333309866	0.0487106985545986	0	0.179572932227964	0	0.0895199526229501	0	0.073543852564963	0	0.0919225673496221	0	0.114514753773608	0.0383082042321882	0.142224494698078	0.00486769684803075	0	0	0.0244521108052602	0.00411862013535614	0	0.014	0.230438283922705	0.99762503734091
SRR10900590	0	0	0	0.140823966085015	0	0.281677282857869	0.0391055614188928	0.0170455512239749	0.0234636716991	0.0178526464131592	0	0.00968681803743749	0.00557136959918288	0.107195143749847	0.0691398350168506	0.23389669883486	0	0	0	0.00483158855303508	0.0497098665107759	0	0.278	0.0364555372040886	1.08299994153656
SRR10900012	0	0.0206896004170334	0.00228016944887272	0	0	0.216062508706054	0.0525842363469279	0.0338665011438715	0	0.00700359286263853	0.0261218632635456	0	0	0.228651762690542	0.0477533406204031	0.288720333291498	0.00931457482657396	0	0.0648226889789589	0	0.00212882740308123	0	0.225	0.0472742580700058	1.07383666017192
SRR10900595	0.0607445555597962	0	0.00320933064557	0.179527073016821	0	0.139135228954438	0.135420920324294	0.0307835814127658	0	0.0783055889183262	0	0	0	0.0933567402035749	0.0499006099042578	0.0835718238983347	0.0732651520768083	0	0	0.0533726667021572	0.0194067283828561	0	0.121	0.0850964333437091	1.05195805444182
SRR10899979	0.0589308311541813	0	0.0253633140995805	0.0436260954734528	0	0.122336939151478	0.0289033449564752	0.0805621615920073	0	0.0343384577857937	0	0.00124640949266633	0	0.290893532975299	0.112264067321201	0.180600909117148	0	0	0.020933936880717	0	0	0	0.031	0.168763408146893	1.02781732854734
SRR10900579	0.179496556086053	0	0.00952526193961844	0.192323007351876	0	0.0181447271727653	0	0.127295190658195	0.029602103465338	0	0	0.064328333563047	0.0353348640511699	0.147848301095453	0.0739853308553261	0.100899347066226	0.000144276018563966	0	0	0.0210727006763685	0	0	0.00800000000000001	0.274206123957306	0.977350054873506
SRR10900548	0.02823301862002	0	0	0.150030968497547	0	0.0412408497597602	0.0693951458871685	0.0556365191612101	0.0241295344489174	0	0.0168137039783593	0	0	0.306399611201822	0.081926232447315	0.220745951427373	0	0	0	0.00544846457050812	0	0	0.189	0.058541610449789	1.08230999143898
SRR10900006	0	0.00296676111130222	0	0.00929262274424998	0	0.348051024764906	0	0.0761490116854046	0	0	0.019330531902591	0.0124652436410234	0.0302835058010629	0	0.056163171517365	0.261662112981426	0.0254295587699127	0	0	0.0655607156120101	0.0926457394687459	0	0.65	-0.00896987615803169	1.09080449572368
SRR10900578	0	0.0209384394615816	0.121267463397171	0.262246098435782	0	0.181609735834669	0.071809653771814	0.08815759388653	0	0.00207334474872646	0	0.00612624646948565	0.0114927177527356	0	0.0517354690535971	0.145614815220447	0.00368995648324794	0	0	0.0301230574004256	0.00311540808378751	0	0.015	0.22493632522546	1.0063638747044
SRR10900576	0.00841008329622781	0.00812868575682847	0	0.0753567103773073	0	0.227855163257246	0.0920538275826543	0.025370656435959	0	0	0	0.032003904298435	0.018411919093051	0.144559438629657	0.0967962223886996	0.19284531915726	0.0033421381839649	0	0.0729911055550768	0	0	0.0018748259876323	0.134	0.0797781606928782	1.05243029029678
SRR10900019	0.0256721622239752	0	0.000101018158074807	0.0630162954725262	0	0.158111016438091	0.0136607153718671	0.0340477261564283	0.0196555295036001	0	0	4.26893515084756e-05	0.0309048482922634	0.137786135844194	0.048484271804477	0.26048414043785	0.136179558963607	0	0.0718538919815381	0	0	0	0.049	0.141502215127392	1.02619593954472
SRR10899997	0.0119553277580612	0	0	0.0432092130795664	0	0.087239323879131	0.199324090046153	0	0	0	0	0.0799591035893298	0.0115338389866047	0.0552058419361548	0.0451038956839946	0.13146571050008	0.13213859973051	0	0.195074190119708	0	0.00779086469070663	0	0.249	0.042234714070573	1.05622362060377
SRR10900567	0	0.0228538074316597	0	0.00968437998760191	0	0.20145015324715	0.0612108431036571	0.0248511849938095	0	0.072641138070736	0	0	0	0.217471427011984	0.0734657684227984	0.242882643098346	0.0286967732053339	0	0	0.0447918814269227	0	0	0.01	0.266553726950566	0.979894744635863
SRR10900593	0	0.0350409527971307	0.0033686644103904	0	0	0.139451469084389	0.0194704034880123	0	0	0.0163164138008477	0.00771627252780633	0	0.00735981949559561	0.00829398610531091	0.103685899514542	0	0.421123791524691	0	0.142929963684615	0	0.0952423635666686	0	0.026	0.179356665424736	1.01323421303949
SRR10899983	0.0217324351477186	0	0.00062278230258874	0.0662617759263872	0	0.214038626071053	0.0122167941505268	0	0.0200541129433752	0	0.0129283398340502	0	0.0143431507890475	0.151622065640069	0.0684061421676451	0.38202007088578	0.00542572924384846	0	0	0.030327974897911	0	0	0.035	0.161970586187988	1.0306101981848
SRR10899998	0.0262874609979467	0	0.00201810287951651	0.203222190102235	0	0.158353782495045	0.10059319563774	0.0313293230372093	0	0.0204987988234539	0	0.0108578220180713	0.0144197597032613	0.0097241329893007	0.0674381119394171	0.285553387268591	0.0124127974921597	0	0	0.0547096659334269	0.00258146868262694	0	0.097	0.103672423713821	1.04747912438526
SRR10900563	0.0445366339744882	0	0	0.145077080793639	0	0.102105119798455	0.0127611127319157	0.0470554679753042	0	0.0919054052518241	0	0	0	0.11783358826783	0.0217793487628735	0.307363048402731	0.00985623299219709	0	0	0.0997269610487427	0	0	0.111	0.0935134589243621	1.05494531691859
SRR10900597	0.0276651710219695	0	0.00260115262051	0.18940102778003	0	0.15735477390253	0	0.082722963112668	0.0050670270818829	0.0054085278450332	0	0.138354325747029	0.0361690720183338	0	0.0396498580132499	0.228613607289606	0.00749551030156729	0	0	0.0653943192284085	0.0141026640371825	0	0.241	0.0435844002448424	1.09230139304164
SRR10899991	0	0.0183412332027262	0	0.157776386236662	0	0.327236220408727	0.11703173421793	0	0	0	0	0.0105840587502103	0.00187565113867768	0.0721687913769899	0.11272214175369	0.134911771983088	0.0403890839341746	0	0	0	0.00696292699712452	0	0.222	0.048322713383435	1.08321256273334
SRR10899994	0.0194885214180019	0	0	0.136180078826928	0	0.101502718459952	0.0855832217148454	0.0573793478390353	0	0	0	0.0275555812516426	0.0257702355965981	0.0868006821225227	0.0580892098129669	0.336975413703853	0.0306918276124881	0	0.033983161641166	0	0	0	0.337	0.0249204718953536	1.07407909856103
SRR10900562	0.00786901048239982	0.0108793655633047	0.0261164377326857	0.333995869083935	0	0	0	0.184849810472078	0.0354917378269445	0	0	0.165047827355455	0.0131940329591883	0.00678651930067258	0.072148225170639	0.10793086591736	0.00244978496174017	0	0	0.000529640367748371	0.0224625174203364	0.0102483553855126	0.146	0.0754301064479154	1.11080018508197
SRR10899985	0	0.0044337199045169	0.00179643481574473	0.224228908662291	0	0.0329412492649179	0.0256968672293382	0.0814795468721628	0.0234396761195888	0	0	0.1158564060432	0.124120040388445	0	0.0430870888801812	0.305183434246097	0.00934152484667296	0	0	0	0.00839510272684391	0	0.124	0.0836490199943952	1.06509905953455
SRR10900575	0.00683226470708943	0	0	0.0481300165841815	0	0.187604637668749	0.0319393054194628	0.0344578482447329	0.00545296701413582	0	0.0104965284517076	0	0.0324354439959499	0.210383476657189	0.09096335061832	0.322533484191161	0.000126592269550877	0	0	0.0186440841777698	0	0	0.01	0.262250852963928	0.986561339155098
SRR10900573	0.00640811676976741	0	0.00693814068285985	0.207592822107477	0	0.121558838529714	0.0372921597800007	0.0467306991185893	0.0121267133899646	0	0	0.0493482950389269	0.027342349858393	0.0329914938602701	0.0903309550212562	0.296208192998301	0.0182654941485263	0	0	0.0394571369814402	0.00740859171451397	0	0.134	0.0799297805638656	1.06081266334545
SRR10900594	0.0198642314034131	0	0	0.0795738244211244	0	0.347732194252506	0.130649299257685	0.000109727478944129	0	0.0165271330280374	0.00334860309892595	0	0.0752892479235098	0	0.05429273547393	0.207716325139336	0	0	0	0.00259430405477075	0.0623023744678178	0	0.378	0.0175669293699582	1.08096349244453
SRR10899980	0	0.196142077335808	0.034519312185188	0.0910047883524017	0	0.296761109368019	0	0	0	0	0	0.02228622767526	0.0798091974085577	0.145595915674643	0.00676893791444719	0.0503038403999284	0	0	0.0310956270433112	0	0.0457129666424357	0	0.012	0.242411595313361	0.988488570807043
SRR10899984	0.0221478950264002	0	0.00104614689036944	0.0394740015737551	0	0.159221016465617	0.0909337319463457	0.0158975254215782	0	0	0.0639394812875602	0	0.0197074667761072	0.14773906560577	0.0321947855628548	0.181261167418665	0.0703906554541327	0	0.0954399787397385	0	0.0606070818311056	0	0.351	0.0225424576470728	1.06134589886895
SRR10900571	0.0727495212651339	0.00743936617937837	0.0391607259083037	0.18742957741452	0	0.105530455716623	0	0.16308006457031	0.000786357455259382	0	0	0.0802142928323477	0	0.0781183511360529	0.168562812622811	0.0856660787326727	0	0	0.011262396166587	0	0	0	0.049	0.144030431174448	1.05262463040003
SRR10900596	0.138507297199798	0	0.0797600596747818	0.121494050930764	0	0.260297524754918	0.0966542713021352	0.0611752602637974	0	0	0	0	0.0166526410969276	0.072686598881137	0.0635931782666482	0.0627572895112522	0.00585680226888547	0	0	0.0205650258489549	0	0	0.00700000000000001	0.294310615144791	0.968815342487423
SRR10900574	0.0793536097209143	0	0.0118115679567256	0.0261272823936482	0	0.300430015650091	0.107358429802728	0.00635988759091439	0	0.0257545625436808	0	0	0.0101724487752149	0	0.0380728921076491	0.23696559830826	0.0641279243499806	0	0.0934657808001929	0	0	0	0.102	0.100712730605192	1.03421681053357
SRR10900586	0	0	0	0.141407439219407	0	0	0.184331667242033	0.107190662238025	0	0.047151950142068	0	0.046421980833021	0	0.118907751798882	0.11937698544887	0.124505147094823	0.0519576275441008	0	0	0.0587487884387707	0	0	0.146	0.0754637503310977	1.0638692021678
SRR10900550	0.0787447504992609	0	0.00334556416576584	0.0451877245509353	0	0.211292514042991	0	0.00133421246951525	0	0.018749614110949	0.0103520365336126	0.0167770739165944	0.0883130369731241	0.261072524788631	0.0228480925966439	0.181319031888171	0.0202540242787242	0	0	0	0.00375339556637407	0.0366564036187062	0.204	0.0538652319737023	1.07369995729101
SRR10900584	0.0635337200010599	0	0.0264074181730789	0.151074312154225	0	0.222433314353423	0.0369796144495878	0.0739741717293394	0	0.0133678921533785	0	0.0753539641821905	0.0127178583697898	0.0299988463121071	0.117583866941023	0.120056290537805	0.00863968149712961	0.0222519540827908	0	0.0146574458936086	0.010969649169463	0	0.074	0.115910290855115	1.0556071292001
SRR10900566	0.0207496972325167	0	0.00243992284003534	0.0199358604971201	0	0.0680651583640523	0.0245240012267384	0.0588441390573431	0.0180418007343356	0.0074851104818561	0	0.0140940496050932	0.00672808212037101	0.42599350384841	0.0235433407795381	0.249081701291372	0.0259671103742419	0	0	0.00516601041210869	0.029340511134867	0	0.15	0.0741595034405311	1.10370466009774
