B cells naive	B cells memory	Plasma cells	T cells CD8	T cells CD4 naive	T cells CD4 memory resting	T cells CD4 memory activated	T cells follicular helper	T cells regulatory (Tregs)	T cells gamma delta	NK cells resting	NK cells activated	Monocytes	Macrophages M0	Macrophages M1	Macrophages M2	Dendritic cells resting	Dendritic cells activated	Mast cells resting	Mast cells activated	Eosinophils	Neutrophils	P-value	Correlation	RMSE
SRR5088813	0.0309177631629202	0	0.00732455860778182	0.0739701921496762	0	0.105876734418412	0.168210443425876	0.0265263981092019	0.030067391347793	0.0242587283148434	0	0	0.0234022121706875	0.027483536932227	0.116396905812788	0.218971659310924	0.0644824097235763	0	0.0630206209010316	0	0.00895104516556286	0.0101394004466975	0.086	0.10165098301929	1.03464766663887
SRR5088814	0.0271394905151012	0	0.00134057247551761	0.087950545105618	0	0.0624225962410839	0.114985379081987	0.0412370806022211	0.00415738485042613	0.0037844560373017	0.0166798747072456	0	0	0.183070075640328	0.0816105224603891	0.201870990984479	0.129236627876793	0	0.0136423183929954	0	0	0.0308720850285128	0.119	0.0827005583728571	1.05116526365312
SRR5088815	0.0155688983320584	0	0.00151518728849699	0.023813163905435	0	0.212747301706893	0.0287252453860678	0.003551975085912	0.0518614356702398	0.00655555658697979	0.00387914207663275	0	0.111451817745763	0.156849368927144	0.13047673454209	0.210971962331259	0.0127806311975988	0	0.0186423450249182	0	0	0.0106092341925104	0.002	0.409559021311674	0.912160407125634
SRR5088816	0.00476142239693987	0	0.00581123331414465	0.108554466277155	0	0.0442537231528685	0.0724745912216126	0.0180211480966875	0.0535675875351817	0.00591954005890727	0	0.00166915619616079	0.0449408644448254	0.244697832304037	0.139589872646366	0.253134295649518	0.00260426670559499	0	0	0	0	0	0.002	0.413195781648415	0.912491558370467
SRR5088817	0.0137516512831978	0	0.0192738225203876	0.258907337532148	0	0	0.169877672964979	0.0423523123045818	0	0.0452310276584327	0	0.00558760334057869	0.0129021722106087	0.0289939753731927	0.150138174557897	0.164409964937267	0.0218871001927144	0	0.0452631936840195	0	0.021423991439995	0	0.093	0.0956753721828151	1.05372734553546
SRR5088818	0.04152533861828	0	0.00611840962688544	0.120861257567265	0	0.074048832659737	0.0280607323083869	0.0147812426687648	0.00880481865029539	0.00161861491352372	0	0	0.0212154994844355	0.183795721607924	0.0734841130721811	0.35290833697136	0	0	0.0203312396424858	0	0	0.0524458422084754	0.092	0.0968839595426748	1.05835016908506
SRR5088819	0	0.015597403246096	0.000807721071453501	0.0504801055566109	0	0.0859864894664045	0	0	0	0.0020241283226882	0	0	0.138282984837604	0	0	0.362394370064041	0.0487733039837507	0	0.246104046838637	0	0.0343723807485726	0.0151770658641415	0.293	0.0299183594856569	1.07869587735552
SRR5088820	0.0162409679655245	0	0.00667081494453067	0.297072089153514	0	0.0016198074438389	0.113561377907422	0.0455605215484792	0.0104442720391375	0	0	0.0258708317921624	0.0264157426785875	0.0287645244506723	0.170049361284676	0.167292365841568	0.0162723126462546	0	0.0728782876418263	0	0.00128672266180616	0	0.00800000000000001	0.264265589477629	0.983663491901883
SRR5088821	0.0188010594061253	0	0.00814992174784779	0.0871262550145997	0	0.100607109616254	0.131192167709031	0.00305904277572342	0.0181897855026599	0.00925270436842785	0.0191375878776661	0	0.00309781108801877	0.0826047597513781	0.0902627000227807	0.293775346639632	0.0408007225416801	0	0.0784962520779814	0	0.00635981990120914	0.00908695395898502	0.161	0.0662540228865298	1.05026664700082
SRR5088822	0	0.0357795510029989	0.0359655733035735	0.0395572266915185	0	0.122051965683881	0.0187340332313639	0.0225869654604238	0.0280870028247818	0.0105551532753836	0	0.0278880790877657	0.0177581837695728	0.0695545702959787	0.0512022453923032	0.305507244415111	0.102039931299209	0	0.105117055792901	0	0.00761521847323416	0	0.0649999999999999	0.121429931118493	1.02742152827482
SRR5088823	0.0425448154016898	0	0.0281242020450974	0.173651019595817	0	0.0752508199851706	0.0476578410617154	0.0492919985877068	0.0395964870359467	0	0	0.0215470962666102	0.0505502975376597	0.0109255595813045	0.0947957808956041	0.257836238728435	0.0480440808531469	0	0.0560933367343971	0	0.00409042568969881	0	0.056	0.132618224950169	1.02578231680806
SRR5088824	0.0324657817617308	0	0.0792631485683388	0.186533820659965	0	0.11505522223164	0.0358330214998667	0.0147249892733757	0.0471471355547784	0	0	0.0163650314978475	0.00714386106829764	0	0.120684662165455	0.266660988099085	0.0296340821365337	0	0.042171596197774	0	0	0.0063166592853118	0.034	0.174521727891282	1.01525847044268
SRR5088825	0.0201339283182435	0	0.0177691384926756	0.357062214485214	0	0.0221392556305713	0.131880537942264	0.0581714799613293	0.0227653039881113	0	0	0.018283180809886	0.0074421957568348	0	0.0863279755044396	0.180948175722835	0.0142417366886876	0	0.0479691531279185	0	0.00145551631398044	0.0134102072570093	0.1	0.0932353236479776	1.05958663164481
SRR5088826	0.000239207209188424	0.00292572944019174	0	0.127577458469047	0	0	0.0424722158661348	0.0137158483282557	0.0194427826325854	0	0	0	0.0525334579295779	0.161272468964978	0.0433771452526361	0.514390894579572	0	0	0	0	0	0.0220527913278331	0.347	0.0211045939366178	1.11375454121953
SRR5088827	0	0	0.00557218003338666	0.0196318037723421	0	0	0.0796509587430185	0.00806906919034837	0	0.00579637971778328	0.0398422193257103	0	0	0.262217135261596	0.0218403488440013	0.0737964445300268	0.000336885116495407	0.0414337534830011	0	0	0.0205867457207066	0.421226076261583	0.004	0.315392733673708	1.00636459016902
SRR5088828	0	0.0269174924781175	0.00400799522035358	0.289348006179962	0	0	0.107503759504982	0.0617348127307134	0.0359911443101388	0.0911782253961935	0	0.0245112841908231	0	0	0.127636948229132	0.199840717597425	0.0202379077795075	0	0.00398483098068765	0	0.006821130183597	0.000285745218366386	0	0.533501302542482	0.846167971987142
SRR5088829	0	0.0457418978844051	0	0	0.0195499967274423	0.16463369030498	0	0.0155187791348203	0.026186705182113	0	0.100646650538453	0	0.0419170040495661	0.254574883506228	0.0124815200931986	0.261214399969342	0.0156115118215671	0	0	0.0138016872534252	0	0.0281212735344598	0.589	-0.00460662393240529	1.1022773123923
SRR5088830	0.0615943570737001	0.00620535735554081	0	0.0593269933182114	0	0.182684544339697	0.0242276468785078	0.0455947393130662	0	0	0.00727949506745429	0	0.11030276744383	0.0574920356368292	0.0798107292582085	0.277959547957946	0.0176100972981636	0	0.0677504602390917	0	0	0.00216122881975371	0.178	0.0605891635566338	1.0526511211929
SRR5088831	0.0531915938031063	0	0.00663861869746739	0.00889682544701395	0	0.0167317520125213	0.0201584762024825	0.0401807034442403	0.0157412949276844	0.0191571219987943	0.0092952203477569	0	0	0.238074666969014	0.131894792831562	0.115848387611652	0.10241500100278	0	0.188947626341209	0	0	0.0328279183627149	0.0600000000000001	0.129556799180474	1.04008855480271
SRR5088832	0.0402954248636123	0	0.00289066011744039	0.10050024385574	0	0.0540372111503584	0.0488146324758542	0.0245874246552427	0.0149979141029433	0	0.0216181442771188	0	0	0.179940504545434	0.184189152498582	0.210005840513758	0.0333070390263706	0	0.0848158079175454	0	0	0	0.00600000000000001	0.276707017087279	0.977920971398986
SRR5088833	0.00577524594047669	0	0	0.101028078271384	0	0	0.0102964871859226	0.0729585804026346	0.00102675599535185	0.0268992154680256	0.00179404460374376	0.000656243057846457	0	0.204422066088126	0.0964904547170325	0.427691240796072	0.00819496782795913	0	0.0427666196454248	0	0	0	0.297	0.0289444308129935	1.10350919094351
SRR5088834	0.260191207544637	0.0742620132520977	0	0.08516147181538	0.0329721056924092	0.0466557449448975	0.105116108206601	0.0401882589937118	0.0961235115996901	0.0219084527666082	0	0	0	0.102778225328669	0.0541539117803735	0.0210310908726821	0.0168789668506987	0	0.01706524747241	0	0	0.0255136828791348	0.002	0.39556984362419	0.921251125102978
SRR5088835	0.304522173599975	0.0209358556191711	0.00989768484564617	0.10101741496414	0.0253042710782484	0.0558115328022578	0.102527322291421	0.0497509864780194	0.100158391028042	0	0.00733958644287278	0	0	0.0915461826560574	0.0813473732631332	0.0183588172289404	0.0191418727422672	0	0.0123405349598084	0	0	0	0.002	0.373028072180663	0.934756208616945
SRR5088836	0	0	0.000996742551154474	0.0181229753861236	0	0.110695421050096	0.0436392428716919	0.00229878222640777	0.000769369812347332	0	0	0.00976611583470445	0.219483929718371	0.1394554303833	0.0309940029852316	0.247508929091899	0.104398044058592	0	0.0718710140300804	0	0	0	0.048	0.144671475638844	1.03057149495574
SRR5088837	0	0	0.00109183036465061	0.046534125576664	0	0.112392178673745	0.056496602033114	0.00668368275125877	0.000174374955382693	0	0.0123062667882371	0	0.21505037794752	0.13897353195547	0.0683172231755944	0.236165092601791	0.0657225682071934	0	0.0400921449693787	0	0	0	0.0610000000000001	0.128100202057357	1.03550844025977
SRR5088838	0	0.0153990052979943	0	0.0563093051813284	0	0.118173967282043	0	0	0.000507998766476252	0.0132952278568822	0	0.063271749221797	0.0417983248929439	0.0719806302402116	0.168126700543635	0.253332984613302	0.0196882915032581	0	0.178115814600127	0	0	0	0.302	0.0272759062646457	1.0846161658108
SRR5088839	0.0155937374693423	0	0.000714628426609507	0	0	0.244051002941506	0.0160118874551612	0	0.0225638742070376	0.0362188685119693	0	0	0.0483234212423745	0.0920134698369181	0.0840046977538188	0.36272177422746	0.0105258444065469	0	0.0670853364518029	0	0	0.000171457069452877	0.245	0.0424874987949046	1.07109771282595
SRR5088840	0.150025101564169	0	0.158536873229645	0.250442670880125	0	0.0720811113788048	0.03623834595767	0.0186135688977744	0.0331383174499556	0	0	0	0	0.010249187685708	0.0485963526673478	0.0899973240994497	0.0182836512962634	0	0.113797494893087	0	0	0	0.002	0.429649277371499	0.903627274482373
SRR5088841	0.143636167690423	0	0.0961198549287549	0.19711400397987	0	0.218610815882368	0.00778184813752581	0	0.0215502701609588	0	0	0.00734803963950646	0.020536897286278	0.00199844312702827	0.0564988189643339	0.0812671032677959	0.00240607742797754	0	0.14513165950718	0	0	0	0.003	0.333022144301151	0.950509704181639
SRR5088842	0.00765064916257935	0	0	0.145390468593348	0	0	0.0525402358934046	0.0349809698031736	0.042537568605889	0.00231052633705416	0	0.0269092614155646	0.0143478842027499	0.141647020705659	0.0772736511247624	0.384194780033445	0.00976148337709267	0	0.038073995691516	0	0	0.0223815050537617	0.00900000000000001	0.260505402602667	0.983457743158467
SRR5088843	0.0797034571828157	0	0	0.121514774936023	0	0.145730577251256	0.0417332374174022	0.0283262574200621	0.0286204368056542	0.0202394131687535	0	0	0.00178511794513027	0.0529462610538449	0.0486594276991629	0.30495304463793	0.0546699584327138	0	0.0165934705515898	0	0	0.0545245654976615	0.042	0.15450126118898	1.02006380540515
SRR5088844	0.00972119049784574	0	0.00691694577429119	0.336733237221474	0	0	0.176647462663438	0.0655769904854631	0	0	0.00579523888772817	0.0189276924885527	0.0295018243319548	0.0166040748411642	0.133469641371037	0.112167717992076	0.0230003652208125	0	0.0610317269947813	0	0.00390589122938195	0	0.149	0.0716564832559691	1.07114413328721
SRR5088845	0.00412430829889324	0	0.00769536449011078	0.0499552466103937	0	0.153002173434746	0.0885200533398584	0	0	0.0035476717606825	0.0207751116315352	0	0	0.18005135566707	0.0397229432587723	0.36978045652506	0.0031850815725325	0	0.039422569066497	0	0.00677788473736228	0.0334397796064864	0.133	0.0779723768043229	1.06280937374155
SRR5088846	0.087635825888185	0.110384227323977	0.0254802085287747	0.160742267687867	0	0.0459131495254986	0.129307216401222	0.0597508609365092	0.0259819675583372	0.00969152476424697	0	0.00797813641415178	0	0.0488429347733071	0.0830145948243604	0.0784006644320863	0.0464111016395918	0	0.0804653193018848	0	0	0	0.005	0.306674667368985	0.956540375120956
SRR5088847	0.205446475866352	0.00918863371250543	0.0127940982891071	0.1641201916986	0	0.0918184715428102	0.11125445888305	0.0820903321379093	0.0393882564335091	0.0197436861022376	0	0	0	0.0481558908342145	0.04125599302455	0.109821392720266	0.000285067189896186	0.0159465059296331	0.0481070944123149	0	0	0.000583451223044036	0.00600000000000001	0.283279826878893	0.971272092038196
SRR5088848	0.042621614203076	0	0.00657746312400997	0.200938071581425	0	0.124261230025132	0.0216111468814419	0.0693876490726847	0.0537124336037601	0	0	0.00986369739725169	0.0383938460438144	0.014263709502856	0.120088481768403	0.255840325435712	0.00443070879500168	0	0.0380096225654317	0	0	0	0.144	0.0732002057455423	1.06351048599323
SRR5088849	0.0198719681600918	0	0.00614073085672424	0.218336678440076	0	0	0.00978130807418895	0.0866155566807966	0.0258743574895126	0.0279905822261715	0	0.0344756123522727	0.0923830410733792	0	0.0693763138552631	0.369932589148165	0.0128806476773432	0	0.026340613966016	0	0	0	0.176	0.0612759409229366	1.06512909959756
SRR5088850	0	0.00336497252292394	0.013335361747084	0	0.0173103872495533	0.0451566979259511	0	0	0.00244093657583394	0	0	0.0527552825278101	0.0254568508306717	0	0.00575523323130954	0.570528332521709	0.0156141841552001	0	0.248281760711953	0	0	0	0.409	0.0140918109491873	1.1093629846475
SRR5088851	0	0.00342169882469996	0	0.015717785568177	0	0.118938641913374	0	0	0	0	0	0.024802112872749	0.0306729509590553	0	0.0125702290451144	0.578043300544291	0.0394705724968313	0	0.176362707775707	0	0	0	0.301	0.0276772377986627	1.09793874646267
SRR5088852	0.0611566324518956	0	0.00832636721896453	0.249556855239341	0	0	0.102801075912021	0.0434896289638914	0.0413557080153151	0.009142632167786	0	0	0.0305040469301452	0	0.0996007006613935	0.289251446505513	0.0131609767648757	0	0.0353820637927877	0	0.0074673800728019	0.00880448530326789	0.02	0.20789263037739	0.999212346842853
SRR5088853	0.0131759571020176	0	0.0202425191049473	0.0645110440861019	0	0.0820950347851839	0.0357881303048772	0.0214586930872032	0.00656643164143196	0.0176337268929865	0	0.00307838574010373	0	0.159116686869126	0.0448697376688962	0.453282644109966	0.0528338337887903	0	0.0237484108874499	0	0.000794242069200881	0.000804521861717715	0.025	0.196905117212585	1.01877764144475
SRR5088854	0.0112754352024934	0	0.0346504775104417	0.209318224519622	0	0	0.053735186523115	0.0524408300164001	0.0216017139883741	0.0185552932768693	0	0.0223749843541737	0.00262572890432266	0.0627322152239807	0.0670300102509478	0.408751467315174	0.00646851951261615	0	0.0247524188813184	0	0	0.00368749452015164	0.032	0.178513537264645	1.01645112034788
SRR5088855	0.00833389004315552	0	0	0.0525558962049009	0	0.115700976463778	0.000600430049630203	0	0	0	0	0.0461272503896163	0.05411122573677	0.184825206658442	0.0802906839169718	0.252477131649696	0.082546324602289	0	0.12243098428475	0	0	0	0.212	0.0499097514981674	1.06905814064177
SRR5088856	0	0.0213327978076799	0	0.0958881078323569	0	0.0624369829357781	0.00380554787265184	0.0242885256127909	0	0.0119728505453036	0	0.039338108641007	0.0504126718397303	0.126323846278353	0.0808458011602491	0.20808321158681	0.163487971551088	0	0.096267971356788	0	0.0155156049794132	0	0.167	0.0648950574659284	1.0542413189007
SRR5088857	0.0466033464123901	0	0.0193527301445261	0.0991670568206885	0	0.118316138460073	0.0683855631185863	0.0419477660641959	0.0313172137647312	0.0133777263463228	0	0	0	0.207620877385516	0.137984627456597	0.16590944666989	0.0124760194771847	0	0.0375414878792986	0	0	0	0.102	0.0919914811875034	1.05429496253719
SRR5088858	0.0393629680649036	0	0.0104664099650556	0.148225195893067	0	0.0441600026814226	0.102126805730465	0.0373191862428793	0.0237913901485845	0.0383976115268738	0	0	0	0.0897112520762907	0.261023270203828	0.133252166468526	0.0262140258201747	0	0.0459497151779296	0	0	0	0.041	0.157027279076504	1.05032790470483
SRR5088859	0.188121351998658	0	0.0165756680308892	0.0844400310545737	0	0.151990806393637	0.0641323899744123	0	0.0174806400974583	0.0334105497025025	0	0	0	0	0.104734442039956	0.263114757542263	0.0170720662825112	0	0.0589272968831396	0	0	0	0.014	0.235195101889622	0.988026835419699
SRR5088860	0.00463663880984739	0	0.0245353369419897	0.241270964376993	0	0	0.02541360214721	0.0296918476141238	0.0372797920274899	0.021837657318462	0	0	0.00381452995755077	0.205680658070556	0.0605452095414143	0.299607378886319	0.0185182512686244	0	0.0227404602889102	0	0	0.00442767275051007	0.129	0.078732280409315	1.06517926322641
SRR5088861	0	0.0650334474185639	0	0	0.0335767241731604	0.0651590932792565	0	0.00554380197438991	0.00451788197796305	0	0.0369785388509485	0.00228898673557362	0.0631025283387289	0.20742588699999	0.0215032329875746	0.21216959542846	0.0416049965546776	0	0.152809318246998	0	0	0.088285967033715	0.277	0.0333771249472751	1.07612427907216
SRR5088862	0	0	0.00225330348335994	0.0426636227004222	0	0.0580595608940742	0.0311338265777075	0.0109701263141907	0	0.039354532674958	0	0	0.113766109675373	0	0.0415055182278218	0.304578256728472	0	0	0.0816569497540782	0	0	0.274058192969542	0.002	0.369030455283379	0.940430441478361
SRR5088864	0	0.0358541438078798	0	0.0272019535042055	0	0.143900333257197	0	0.109436862231656	0	0	0.00926904614219647	0.0338826253312361	0.0435306487066704	0.0701223306864679	0.0486251095393526	0.367991313065371	0.023655779752475	0	0.0376642695766642	0	0.0488655843986282	0	0.139	0.075694410735608	1.05383266784407
SRR5088865	0.0913180986264624	0	0.0210844961292442	0.181304256818524	0	0	0.0512836084777298	0.0938964637099985	0.0191790276743081	0.0184978600618245	0	0.0235818731329118	0.0360165203057919	0.0047109767202433	0.0526262679458425	0.345703956937115	0.0357058957662777	0	0.0250906976937264	0	0	0	0.013	0.244871711735979	0.982685421859384
SRR5088866	0.00885391695758841	0	0.00280232966086176	0.169821967729588	0	0.00239072649612323	0.186801356913886	0.00430086998076357	0	0	0.0154334207414639	0	0.0111941409736425	0.0441141818341938	0.0421177817480814	0.137071232584091	0.0616833012431813	0.000371966481095214	0	0.0647072862231883	0	0.248335520432252	0.37	0.017690407222623	1.0917893269181
SRR5088867	0.0274643380340482	0	0.00354294674452233	0.281512172193745	0	0	0.105285749353274	0.0450556254684798	0.0115356837667563	0	0	0.0157545575941142	0.0347238335793183	0.0103896279831957	0.136605257823462	0.245294451487559	0.0133689947890376	0	0.0694667611824877	0	0	0	0.005	0.298780210746738	0.96306257521767
SRR5088870	0.0264338812400063	0	0.000505746585118813	0.392726847571119	0	0	0.19118525230165	0.0737838426052097	0.0280417298471661	0	0.00581715013989398	0	0.00779563536634583	0.00605028715073049	0.113578588115736	0.122680464946593	0.00680222674074186	0	0.024598347389688	0	0	0	0.002	0.364234943373718	0.940091685148974
SRR5088871	0.0072979649461419	0.00128569339950815	0	0.0259627681932861	0	0.159714338178037	0.0755784368706033	0.0711180440006387	0.000299728414841296	0	0.0178942356404782	0	0	0	0.0825112679530213	0.244403629116009	0.197345397617244	0	0.0975812107616737	0	0	0.0190072849085172	0.31	0.0264199429510115	1.06228937375574
SRR5088872	0	0.0616481155980937	0.0204341365794881	0.137064931119605	0	0.0353776729958482	0.0421199139386846	0.0649789769223112	0.0212372034754428	0.0584101642443794	0	0.0152869298524916	0.00341829147663542	0.0669351992479374	0.0649936867927772	0.241296425590002	0.0639124361756452	0	0.0977880082999672	0	0	0.00509790769069081	0.046	0.14667684012066	1.01730100959469
SRR5088873	0.0891650538005075	0	0.0114706701148142	0.21033166175318	0	0	0.0330784764716685	0.120043358387533	0.0589984342670039	0.00169435954601076	0	0.0374610015426408	0.00789944681778869	0	0.0891182418879948	0.262525101113968	0.0231108899926803	0	0.0522009984217587	0	0	0.00290230588245088	0.029	0.182861070443229	1.01209469516768
SRR5088874	0.0755824268990793	0	0.00989113627282671	0.278212343936554	0	0	0.0467554227104889	0.0428751106689616	0.0593926305914459	0	0	0.0303417033285602	0.0549951368516921	0	0.0570462026952891	0.315769406066079	0.00901849663643487	0	0.0201199833425885	0	0	0	0.016	0.219320601865401	0.997237527274667
SRR5088877	0.0381935410779511	0	0.00606000271209451	0.0675416555918728	0	0.10422574089215	0.0860398698652006	0.00350109136240657	0.0121839921557294	0.00892929848423321	0.0259459699487003	0	0.019281599264236	0.140290705561709	0.085287807064005	0.100697819574806	0.0518404845525169	0.0328424693156282	0	0.08392560134195	0.0111410453632902	0.12207130587152	0.158	0.0680088983902072	1.05713979425935
SRR5088878	0.00876050754233964	0	0.00143954242043744	0	0	0.145904207027363	0.031473485537524	0.0365730959033954	0	0	0.0371889028799161	0	0.0110903337366709	0.153598089117028	0.00953549320500996	0.146778291826994	0.0878219182776671	0.0410909972668767	0	0.130179650705606	0	0.158565484553172	0.082	0.104119380789264	1.05243482700044
SRR5088879	0.0731406938866778	0	0.0369742924702511	0.321428613936335	0	0	0.097429163994989	0.0708620314055311	0.0353485259336314	0	0	0.00122791983945299	0.0262545477643776	0	0.0977696027522744	0.161361781908321	0.0301633550202101	0	0.048039471087949	0	0	0	0.034	0.174502040263451	1.01800930956823
SRR5088880	0.0286636826739231	0	0.00268803624012039	0.119584180051653	0	0.010485404213076	0.0643951140504719	0.0536869278158302	0.0723037597991748	0.0124545237559441	0.036099680185074	0	0.110511420832898	0.181795936263761	0.0407783260152022	0.0612908913056212	0.0152211664400946	0	0.0527158115467063	0	0.017590614036559	0.11973452477389	0.0620000000000001	0.125267252227516	1.03384778413752
SRR5088882	0	0	0.0147003160697895	0.0925819431325547	0	0.00604573112156273	0.0324804766223146	0.0329098279350936	0.0274475217824243	0	0.00605102980810562	0	0.00865661543073487	0.26690784006074	0.0528463522784003	0.204164034404514	0.0116057698258384	0	0	0.0324818116966218	0	0.211120729831306	0.138	0.0761605785225385	1.09057159728983
SRR5088883	0.0225711471560688	0	0.0121935667973312	0.188689225920228	0	0.0702899424648167	0.0558934393888638	0.0299400559576405	0.0175188547107946	0.0137754588141668	0	0.0349920457942287	0.0516051132891041	0.0246251455945763	0.031196578238517	0.203311196933944	0.0457806943697062	0	0.0411902624535871	0	0	0.156427272116427	0.054	0.133992034239119	1.03175480827839
SRR5088885	0.023163426382444	0	0.00163042089991605	0.0432098446803389	0	0	0.00982910185950658	0	0.000479699609940987	0	0.011506505520505	0	0	0.472894311625072	0.0065588009318474	0.387443816461751	0.0158189110399443	0	0.027320141134106	0	0	0.000145019854628614	0.001	0.487705173494156	0.886677845961732
SRR5088886	0.00634171392340261	0	0	0.0420831774664379	0.0134509040185829	0.00816496215339192	0.00616492079115984	0	0	0	0.0134909948341481	0	0	0.477238572210354	0.0239411801136025	0.37889805513104	0.00546884424806214	0	0.024756675109818	0	0	0	0	0.72990898450331	0.69071519995029
SRR5088887	0.0298957488781741	0.0778634536055376	0	0.0253520282464615	0	0.120935932035101	0.0135776785926739	0.0291248452491208	0	0.000704104411848182	0	0.00342543317250283	0.0370102219744327	0.0885780891899415	0.0825004099759382	0.445804926509723	0	0	0.0452271281585448	0	0	0	0.0610000000000001	0.127623238753293	1.04185523940674
SRR5088888	0.0185695151130485	0	0.00211105373089658	0.00242388226242025	0	0.0848593326524178	0.040796480583064	0.00199229729417092	0.00882379737120839	0.020387624292363	0	0	0.0452649347919078	0.19687331748355	0.0491650518199858	0.445410295780872	0.0321640783956697	0	0	0	0.0100732951378203	0.041085043290605	0.129	0.0783906997715445	1.08528794545147
SRR5088889	0	0.0540453275214279	0.0622843291056558	0.0313670344931178	0	0	0	0.00394570874193046	0.00798906037818046	0.0315325664316911	0	0.0107099348750001	0.0484915356016309	0.0641733134274323	0.00341716975692726	0.290628232437819	0.00194465278800011	0	0.378188488200688	0	0.000742084507090294	0.010540561733409	0.413	0.0134765353197999	1.0995986153552
SRR5088890	0	0.00270398268367656	0.00322129256943535	0.0372103205531223	0	0.14855877731525	0	0	0	0	0	0.0138090019576526	0.0369138648643697	0	0.00722696904866755	0.563776081866426	0.00824464550047272	0	0.166373796343826	0	0.0119612672971019	0	0.405	0.0146183448128379	1.09834162429109
SRR5088891	0.221227722316775	0.00206684612599862	0.0162649785204079	0.116984160753072	0	0.104824759332381	0.0945190926942284	0.0757093777757655	0.0140211243260851	0.00527234352745802	0.0083099083086379	0	0	0.0534370248525007	0.0893905114049247	0.0798367933063914	0.0684486699343085	0	0.01832431798839	0	0	0.0313623688326747	0.00600000000000001	0.291410838750053	0.965566495256587
SRR5088892	0.231940849129764	0.0367187383587543	0.00813096085998409	0.20681342767562	0	0.0384908030107372	0.0848192461232958	0.114688891219852	0.0128854861482174	0.0275215721183299	0	0	0	0.090856431129448	0.0390344495265761	0.0652092200746294	0.0208980126318309	0	0.0124465386011761	0	0.00954537339178483	0	0.003	0.332601371961683	0.952184667929769
SRR5088893	0	0	0.00670426629032324	0	0.0210920614747603	0	0.00393921540642313	0	0	0.0279823538252021	0.0362758321086165	0	0	0.00622709557700988	0	0.0190296319746355	0	0.00604288669168711	0	0.125340773445713	0.00315466142351798	0.744211221782111	0.002	0.421431152504844	1.03880228193454
SRR5088894	0.00909336309617437	0.0495518846522775	0	0.0485426798269943	0	0.0784086788250425	0.0308253924885541	0.0729834918038766	0.00646763219528054	0	0.0114772575470763	0	0.0236135524150805	0.0770014301277023	0.0998795996125871	0.422227903868713	0.00353847631575729	0	0.044747040528679	0	0.0216416166962048	0	0.277	0.0335995195794247	1.07764406584497
SRR5088895	0	0.0435304995569838	0.00449968872967622	0.0342385710537953	0	0.048850818077048	0.0442523709665942	0.0686791936720873	0.00416186523342236	0	0	0.00732858607533857	0	0.115766084915733	0.0617958067397175	0.496172975093227	0	0	0.0550998618807711	0	0.0141771860783472	0.00144649192725928	0.283	0.031736590128773	1.08989481545316
SRR5088896	0.0954961335970197	0	0.00316076537391492	0	0.0100725951988447	0.0287922488026358	0.00169019711685002	0	0.00127719859044805	0.0343507086978431	0	0	0.159205459608814	0	0.0732806777746794	0.428224255511216	0.00360678189554031	0	0.110890529336927	0	0	0.0499524484952669	0.0620000000000001	0.126403550271394	1.04431964283358
SRR5088897	0.0853871730502573	0	0.0154450108161938	0.0212462928660373	0	0.0804871981616684	0.0101330670869845	0.0414709355533181	0.0101041894938364	0.0142290534738696	0	0.0263178149518605	0.00859002951548384	0.0267017384138332	0.105924435851031	0.431175675962766	0.00787041310539436	0	0.0948038298482872	0	0	0.0201131418491781	0.069	0.1132211946052	1.04224430088429
SRR5088898	0.0085900748233163	0	0	0.0165823632891223	0	0.0642837979608452	0.00460136237566709	0	0.000172436629100846	0	0	0	0.0189244711213885	0	0	0.753482050695242	0.00549877778430908	0	0.107092820617296	0	0	0.0207718447037132	0.003	0.350422515099118	0.96072178794591
SRR5088899	0.0159831679866412	0	0.00134933219924961	0.056934026231153	0	0	0.0395151274291406	0.0268411671508479	0.0486298975067698	0.00713506375566035	0.0150261550542543	0	0	0.59573151276883	0.0508074464559432	0.115098555370265	0	0	0.0266062784096353	0	0	0.000342269681610167	0.016	0.222039695416122	1.05147053612725
SRR5088900	0.00877346353800914	0.00324067705276333	0	0.0789648917720672	0	0.0881900465087884	0.0619903345457339	0.0598514709416928	0.0107515756584602	0	0.012260389756148	0	0.00808201128489423	0.0609226488754578	0.126406092879726	0.215072010335905	0.144203690680943	0	0.115973351450283	0	0	0.00531734471912751	0.293	0.0299228976618385	1.06574913789426
SRR5088903	0.00105192707813189	0	0.000107105489928027	0.0077470158724391	0	0.072090959031251	0.154080066440121	0.0452602180385542	0	0	0.0698935581998544	0	0.0283430805852207	0.10145729405395	0.0449193039608741	0.0792205386370926	0.132999967394112	0.0155851531756545	0	0.012956531051935	0.00638757067865647	0.227899710312225	0.00900000000000001	0.26059199113633	0.982996385721772
SRR5088904	0	0.0446222773882148	0	0.0463057961958585	0	0.0168842643382545	0.0267891892369181	0.0117939424834049	0.0246567097223064	0.0245685488362629	0.00819959185789103	0	0	0.26853464134701	0.0475981556852494	0.34708620677979	0.0314738450119412	0	0.0954666239364527	0	0	0.00602020718044567	0.001	0.442438603869606	0.897615397953547
SRR5088905	0	0	0	0.0424624972820024	0	0.023961981674515	0.00999979966731757	0.00850979787376096	0	0.0315345865631833	0	0	0	0.474183972879107	0.0573047365802281	0.262387514369786	0.00559658741161073	0	0.0840585256984884	0	0	0	0	0.726406697931165	0.701686030311333
SRR5088906	0.0130679866224582	0.0384466693234847	0	0.0153532554377437	0	0.0166062255321918	0.0284480234972868	0.00824068955472686	0.0231592511329898	0.0301196418151571	0.00432605183994113	0	0	0.490839545745055	0.0283175513854927	0.251518587927341	0.0110808592384409	0	0.00577672760229004	0.00692228477052533	0.00715087822204114	0.0206257703528332	0.016	0.218445684872025	1.04564481124568
SRR5088907	0.0289185200597132	0	0.00970634745703772	0.0585087182684368	0	0.0297722202369207	0.0737887464268513	0	0	0.00794496574244052	0.0432220745207269	0	0.0747154811913188	0.163659022394396	0.0316235291048972	0.337193392534444	0.0928603117438224	0	0.0180172269701444	0	0	0.0300694433488504	0.082	0.10365344153512	1.0513463871607
SRR5088908	0.0580059915616605	0	0.0703216221846548	0.0482100358459239	0	0.036024876444473	0.0895004347339865	0	0	0.00777934376558226	0.0411810886919794	0	0.130027298911412	0.0819099727497575	0.00713066556851894	0.234956829202465	0.014549432978951	0	0.0297842336083787	0	0.0225226487685255	0.128095524983732	0.017	0.211742316711583	0.998353787320526
SRR5088909	0.0550104213518321	0	0.161634037512586	0.0183213441567163	0	0.0770384334674759	0.0494421316516902	0.0132538582743464	0.00872119387308674	0.00473769080419337	0	0	0.0100338576717883	0.0151997093446694	0.0780675247933324	0.371551543131086	0.0792521609420345	0	0.0459477429062306	0	0	0.0117883501189325	0.005	0.303921612245127	0.961924846265916
SRR5088910	0.0184716621422841	0	0.00185004246711839	0.22088294729405	0	0.00467146823797397	0.0356112150466232	0.0675427832441314	0.0448651995389928	0.0409944707347182	0	0	0	0.113711961512859	0.0598437040197406	0.333521187134357	0.0309485531505953	0	0.019044985823801	0	0	0.00803981965275386	0.12	0.082480960302412	1.05889738598101
SRR5088911	0.0702931019088783	0	0.000583523987441786	0.106884104215373	0	0.139755092006264	0.0312845980602466	0.0935302502467835	0.0357164155549331	0	0.00438701120038243	0	0.0117257405386774	0.0980057005228337	0.099239723244217	0.218443567899899	0.0822292252518234	0	0.00500418078937898	0	0.00291776457286729	0	0.072	0.111433177646869	1.04084369226793
SRR5088912	0.0243798699801957	0	0.0310195057156845	0.088354116958371	0	0.130127252809184	0.0141480587543809	0.040896040683608	0.0179275810456147	0.0394675790397858	0	0.0230555219364423	0.04398354475674	0.0205761993823887	0.142885669999227	0.276913725060898	0.0313554794330912	0	0.0749098544443873	0	0	0	0.128	0.0794637310303661	1.05284831834965
SRR5088913	0.0395828858087496	0	0.0542326521421189	0.146005301061173	0	0.131698711055278	0.0650277913745273	0.0688650412110595	0.038685776822272	0	0	0	0.0637711345470657	0	0.100034890811828	0.26462288024333	0.00126596829705687	0	0.0262069666255406	0	0	0	0.054	0.135551086281592	1.02891063155773
SRR5088914	0.0546517667320461	0	0.0137259750817025	0.132808065444913	0	0.0313978141795468	0.0174258553530994	0.0242250955625544	0.0305042379811533	0.0213996843694569	0	0	0	0.112371249700221	0.104724512356996	0.388132469604726	0.00823509510098842	0	0.0420205408340376	0	0	0.0183776376985591	0.105	0.090141025464078	1.05645279728636
SRR5088915	0	0.0941359361329426	0	0.100884246518763	0	0.114500466229748	0.00811671554142227	0.0459815373392337	0.00845145183674032	0	0.0185313665623123	0	0.00102851920783768	0.0626389168980193	0.0763694237821854	0.418105673260156	0.00925153356254529	0	0	0.0254744466642117	0	0.0165297664638831	0.142	0.0742056764816615	1.06109350336732
SRR5088916	0.00202167837184449	0	0.00113664222774097	0.183067519811861	0	0.00296438342080806	0.0772265712096701	0.0463409367338601	0.0182427134608017	0	0.000304435014153031	0	0.0456616166042713	0	0.1362644102312	0.26416852025496	0.12756212358423	0	0.0403926901565455	0	0	0.0546457589180533	0.015	0.22878315831993	0.991456067298008
SRR5088917	0.0223683823389062	0	0.00371114372987059	0.173217192192861	0	0.00420436859681583	0.0891747300473158	0.0507342253027954	0.00397383542793064	0	0	0.00945628267989741	0.0490022843721325	0	0.139816395320996	0.286150731968185	0.0625477825500397	0.00529152350914874	0.0668247673221949	0	0	0.0335263546409103	0.053	0.136373758637798	1.02831198990472
SRR5088918	0.0175148133859269	0	0.011189855979671	0.260142041244497	0	0	0.0275369615388134	0.115918263364483	0.0234133152558899	0	0	0.0772866476525682	0.0256625422738258	0	0.124927293994792	0.206942856293219	0.0240795458098608	0	0.0752406651722041	0	0.00523592858493351	0.00490926944931475	0.092	0.0974253899568013	1.05657283986195
SRR5088919	0	0.00663752355472955	0	0.0259336823547762	0.0415952571070546	0.0209980210523199	0	0	0	0	0	0.0199289366967923	0.0466390098023663	0	0	0.586372959149778	0.0326267027376483	0	0.212503242759628	0	0.00676466478490697	0	0.305	0.0269454609736585	1.1048274928938
SRR5088920	0.0694597737610003	0	0	0.125440172467276	0	0.0831550845071492	0.0594512599724791	0.0831311431927041	0	0.00262382272935302	0	0	0.0237171944049148	0	0.11831685933933	0.368737765381835	0.0431431129549731	0	0.0228238112889852	0	0	0	0.421	0.0125386098983616	1.0813955726489
SRR5088921	0.0422816930720646	0	0.00315742669369806	0.0632474718729098	0	0.117989691087915	0.0564677226953966	0.0901221350819197	0	0	0	0	0.00214713478208112	0.011468657178766	0.117180132472865	0.370175259642475	0.0785853067667262	0	0.0283674560078079	0	0	0.0188099126453752	0.553	-0.00038845634093638	1.08602057776745
SRR5088922	0.0310265147370658	0	0.0345848752164712	0.156597809014999	0	0.0843299827758508	0.0637344075127469	0.0487916352186075	0	0.069499309164588	0	0.0186089858939744	0.00942586000424816	0.0139132690715578	0.107203999691365	0.323541990714363	0.0141448216745333	0	0.0156376318813718	0	0.00295895727186525	0.00599995015639212	0.093	0.0957737338434855	1.04953449654972
SRR5088923	0	0	0.00915717319200479	0.373118359631506	0	0	0.115179112875646	0.0272301502749059	0.0388763003693745	0.0613841950874338	0	0.00411999290404191	0	0.0805782086548879	0.0799095525950212	0.152741195149059	0.0333761910203808	0	0.0243295682457382	0	0	0	0.184	0.0580127601005962	1.08138666022252
SRR5088924	0.0632925254886584	0	0.00294460410533089	0.183576117456612	0	0.00749648821458062	0.11808063137506	0.0141087796425232	0.0206382774499788	0.0248522988577181	0	0	0.029899662451008	0.0500883161556485	0.0948170364276403	0.242110230067891	0.122269113881514	0	0.0127977139831359	0	0	0.0130282044426999	0.0620000000000001	0.126237390031621	1.02802052833156
SRR5088925	0.0188325716189173	0	0.00927074969001812	0.231297930337706	0	0.0343409305292728	0.0215137120157014	0.039080012123774	0.0200675829756758	0.035861454542787	0	0.00537281095021216	0.00203800194005336	0	0.0590845801308115	0.319804628526622	0.0260806911244429	0	0.164281366024227	0	0	0.0130729774697783	0.042	0.154322823564663	1.01998954582157
SRR5088926	0.0275952903077411	0	0.00159136410345393	0.105477461104762	0	0.0349227008606045	0.0599355947956852	0.0325564308562594	0.0460034724618695	0	0.0260451042721599	0	0	0.250103534822552	0.0718887289291058	0.280446965573745	0.0314006866799671	0	0.0320326652320941	0	0	0	0.032	0.178649014783355	1.02162215935668
SRR5088927	0.0271028491758412	0	0.00780878968706054	0.142886120271215	0	0.0137500419463774	0.0895982574254424	0.0557196947066904	0.0107799899306505	0	0.0345612971042885	0	0.0342284651220165	0.0790851258634942	0.135214035740222	0.256993254886812	0.046743332974521	0	0.0480423027792597	0	0	0.0174864423861089	0.07	0.112921653584006	1.03793209701108
SRR5088928	0.0303668860813085	0	0.0036510899735655	0.200712732360104	0	0.00391744378607548	0.0117958066314474	0.0177227074484342	0.0241950591226389	0	0	0.00759194906536404	0.00181610669919069	0.255409715037373	0.0313233380312401	0.375047787382876	0.0184913548028587	0	0.0143353996561424	0	0	0.0036226239213815	0.005	0.300524581872937	0.972784652186057
SRR5088929	0.0197923262126073	0	0.00878510715933206	0.195327421697419	0	0	0.037072225250138	0.0213742283817512	0.0351604087791539	0.00884438151040522	0	0	0.0102541259681915	0.159097169714945	0.043223436150974	0.409093000195601	0.0306613522181346	0	0.0170216249126952	0	0.00145119246060178	0.00284199938805082	0.005	0.302889888294865	0.965688175749361
SRR5088930	0.0196705128159534	0	0.00190704944879396	0.3279917181895	0	0	0.0869556439622959	0.0775243860961642	0.0451234607381986	0	0	0	0.0049053717810016	0.14627743157644	0.0686650424435626	0.201148239407028	0.0120290948945446	0	0	0	0.00780204864651721	0	0.013	0.240969208304169	0.994107338046615
