B cells naive	B cells memory	Plasma cells	T cells CD8	T cells CD4 naive	T cells CD4 memory resting	T cells CD4 memory activated	T cells follicular helper	T cells regulatory (Tregs)	T cells gamma delta	NK cells resting	NK cells activated	Monocytes	Macrophages M0	Macrophages M1	Macrophages M2	Dendritic cells resting	Dendritic cells activated	Mast cells resting	Mast cells activated	Eosinophils	Neutrophils	P-value	Correlation	RMSE
X0040	0	0.0378211476116956	0	0.135814221035763	0	0	0	0.0267681507690975	0.102298462572645	0	0.0928257004553541	0	0	0.407509268260727	0	0.0675885985532435	0	0	0	0.0977162869504555	0	0.0316581637910195	0.153	0.0903967513476817	1.09203403185721
X0471	0	0	0.0612655838259059	0.206233021404199	0	0.0648607952072638	0	0.139353266092818	0.0755506843707743	0	0.0233280272883983	0.0605060176244588	0.0904257970224878	0.12472859541132	0	0	0.0501204085754168	0	0.103549356291146	7.84468858117493e-05	0	0	0.179	0.0847170290702714	1.05671104136749
X0522	0.0399584425627472	0.245687011521787	0.0349661865342283	0.136788809004204	0	0.168461490426484	0	0.0805090746081653	0.0740920046817331	0	0.0147799692314182	0.0335172556761697	0.00822061943186353	0.0816784998860526	0.0248644212329072	0.0382861462324895	0	0	0	0.01819006896975	0	0	0.025	0.201162253325209	1.01397433800484
X1233	0	0.0611280287770554	0.0244739425555242	0.139932877596198	0	0.105662114734652	0	0.128120012044456	0.10476629954784	0	0	0.0978412342121072	0.0536611829281702	0.0836802715792565	0.0560639394437837	0.0213583753551988	0.0390435839873301	0	0.0600391824726919	0.024228954765736	0	0	0.174	0.0853965927438994	1.05960868674425
X1249	0	0.0209442747542528	0.0056217793733436	0.0072304471959105	0	0.366370044008466	0.0250287373116398	0.0370482663505937	0.00714115454116761	0	0.117144048911675	0.0125205059987887	0	0.195997677863927	0	0.0410478321768976	0.0476425232757356	0	0	0.116262708237603	0	0	0.673	-6.01012556912741e-05	1.10856068023931
X1849	0	0.0246286697796287	0	0.266698406993619	0	0	0	0.105104111511899	0.125198734928508	0	0	0.0934138069620092	0.0154336757995848	0.171449143899539	0.0299646438763313	0.154563902656204	0	0	0	0.0135449035926768	0	0	0.138	0.0936220695880738	1.07280915237169
X1994	0.00455912809178436	0.0133635126624316	0.0457156580276321	0.0442446982540479	0	0.147991798023423	0.000739261564114998	0	0.00651337332373512	0	0.00669885244864055	0.0163954846987888	0	0.324984601912393	0.011677912610584	0.0806670332473632	0	0	0.296448685135062	0	0	0	0.001	0.490298955506898	0.871925347101889
X2131	0	0.00532334200263972	0.0922850993800325	0.169244801488897	0	0.0675815227265175	0	0.0572958094882986	0.0998558661693436	0	0.00263174080182449	0.0611681159128835	0	0.250542130944969	0.0328153232286258	0.085219421067959	0.0482984287623016	0	0.027738398025707	0	0	0	0.028	0.190059412337292	1.01443537281122
X2278	0.000506062672539309	0.00528312013558715	0	0.0135135176825414	0	0.192506579497218	0	0.0212376096790499	0.00680384366827792	0	0.0479840185428252	0	0.00948435695515714	0.054068048459065	0.0228936769899457	0.0610749569317824	0.00459441486043799	0	0.29214070598751	0.109921353147769	0.00774449383137584	0.150243240958917	0.003	0.406350747121294	0.920720452258668
X2389	0	0.0827052382358466	0.0390519960108659	0.196855008987908	0	0.12806667871849	0	0.0782179591846832	0.153600767538028	0	0.0533360476663818	0.0432959690955828	0	0.0899545541378635	0.0329406307788041	0.0580018074984641	0.0299187959785952	0	0	0.0120662541637064	0	0.0019882920047814	0.027	0.190859414272967	1.0227674845248
X2849	0	0.00664076227456399	0.0137362731435277	0.0682535420879951	0	0.0415988815911026	0.000692459588895216	0.0186398039278379	0.00805877151593011	0	0	0.0263285369586742	0	0.338811805236686	0.0187728605409324	0.0735262925877261	0	0	0	0.182561670339213	0.0766990781970853	0.125679262009831	0.004	0.387533921865699	0.939093770595294
X2937	0	0.198756064915579	0.0296777994430344	0.0143197551739417	0	0.223336452086876	0	0.0698855686247622	0.120499632796906	0	0.053983843215445	0.044709110294427	0	0.194945064882791	0.015348961064791	0.00506679484081647	0	0	0	0.0294709526606301	0	0	0.572	0.0116724720898674	1.09384541844241
X3529	0	0.0761827957973311	0	0.0462610019931914	0	0.367835239505141	0	0.0620970195967597	0.0246908825502596	0	0.0325005871463583	0	0	0.0376794159439312	0.0105045439105395	0	0.0126008295397021	0.00340466611343392	0.0514290685408583	0.219660462647739	0.0068561095524646	0.0482973771622908	0.036	0.177571722571221	1.03648216794538
X5037	0	0.118998088482762	0	0.0282476724442378	0	0.388306715797303	0	0.152955510177917	0.0763675907807526	0	0.0306985128766042	0.0677416159125667	0.0360415557574277	0.0598199862554836	0	0.0262469729153841	0	0	0.0145757785995616	0	0	0	0.497	0.0222317120430576	1.11765599511389
X5122	0	0	0.0471687733287209	0	0	0.448761420775921	0.0528735534630906	0.0335391394940941	0.0608483830278021	0	0.0834606364379475	0	0.0131944333760395	0.0801886038550168	0	0	0.0976974613599308	0	0	0.0822675948814371	0	0	0.665	0.000827906906642231	1.10181144099808
X5338	0.00108045628441426	0	0	0	0	0.384617650379167	0	0.0363782852888217	0	0	0	0.0499404128081987	0	0.26024063304588	0.00340728076827437	0.131576496711667	0.04081987036921	0	0.0561670875456331	0.0104914636293901	0	0.0252803631693436	0.088	0.120584165273553	1.05455893044182
X6229	0	0.0264100116119556	0.0171948117992091	0.127454027824016	0	0.295652843860998	0.0350747356464333	0	0.000923717829964097	0	0.00876686024697135	0	0.0302660545802536	0.0210475026330989	0.00501340507004332	0.103153119925052	0.0464605831028227	0	0.282582325869181	0	0	0	0.01	0.294101649534559	0.967391359601581
X6428	0	0	0.0101647911764077	0.173915896783455	0	0.128549092149288	0	0.0362644815871999	0.120690437631727	0	0.00380304028061211	0.0449689356102101	0.0474736431225732	0.224648147805437	0.00188050112731648	0	0.0545603100947967	0	0	0.132347625201035	0.00887504441359329	0.0118580530163468	0.08	0.130619204883217	1.04970480678327
X6800	0	0.0826292304012473	0.0995279469627785	0.0133592767306164	0	0.310898169093885	0.0135245532154257	0.0938146155152924	0	0	0.0639943350825783	0	0.0292022346594247	0.0331803812414175	0.0284375497555965	0.0090677319580297	0.0182091364615119	0.00044559247562127	0.145753002905999	0.0210515532936015	0.0265350386631843	0.01036965158379	0.0629999999999999	0.141361299273975	1.02515943403917
X7577	0.00162633892297492	0.0135904188424427	0	0.0620611396455227	0	0.111948884972539	0	0.0656077809210252	0.0687734545425733	0	0	0.102052500384934	0	0.375383852587736	0.0253762321329944	0.0772326828708975	0	0	0.062905696881757	0.0334410172946026	0	0	0	0.518122193405939	0.85472576081528
X7729	0	0.0108514357154032	0	0	0	0.294871933673656	0	0.0814011062350297	0	0.182773030575469	0	0	0	0.0868173774554973	0.013677627413229	0.0123319470266426	0.138666467242063	0.0353642619880718	0.143244812674938	0	0	0	0.437	0.0304731857129555	1.08045934086513
X8728	0	0.0292887063206573	0.00405565187541796	0.0120891740703996	0	0.248399521832756	0	0	0.0553125944125849	0	0.0247455109618387	0.00435593208601963	0	0.433010556712109	0	0.0241437190628148	0	0.00464218991088194	0	0.150892737257924	0	0.00906370549659588	0.001	0.434281480758226	0.909015302765699
X9517	0	0.0826031738836215	0	0.215624951453242	0	0.250899490813433	0	0.0550857213882409	0.0853305318259302	0.0254733494299183	0	0	0	0	0	0.0598974949691666	0.0459964259036506	0	0.137920611679686	0.0198536483759072	0.0213146002772029	0	0.671	0.000100940280799903	1.10927148814478
X9723	0	0.0395865293478896	0.099321482776931	0.0998230524962308	0	0.211747365663171	0	0.0373792872184518	0.0164230749498784	0	0	0.102818025726974	0.0139184711481838	0.0921592695885811	0.0409835832515981	0.0597178679251507	0	0	0.186121989906959	0	0	0	0.072	0.137505571962696	1.03150242336859
X9881	0	0.00737827087139149	0	0	0	0.11520514282351	0	0.0042182423026931	0.0247378923505454	0	0.0130510465805799	0.0138803674884191	0	0.448475627963555	0.00438609024752934	0.0814786141942209	0	0	0.268935485833616	0.0182532193439395	0	0	0.004	0.376724939331283	0.9477171852774
