B cells naive	B cells memory	Plasma cells	T cells CD8	T cells CD4 naive	T cells CD4 memory resting	T cells CD4 memory activated	T cells follicular helper	T cells regulatory (Tregs)	T cells gamma delta	NK cells resting	NK cells activated	Monocytes	Macrophages M0	Macrophages M1	Macrophages M2	Dendritic cells resting	Dendritic cells activated	Mast cells resting	Mast cells activated	Eosinophils	Neutrophils	P-value	Correlation	RMSE
SRR8281218	7.92254451100675e-05	0	0.000124819309807368	0.0723058077408545	0	0.0655503777063518	0	0.0119987443970107	0.0391333212518077	0	0	0.0287139473818111	0.153599174761674	0	0.0124893136312682	0.45383624227776	0	0	0.156368232454613	0	0	0.00580079364193236	0.052	0.149746504342686	1.03082141307636
SRR8281219	0.0292218907591113	0	0.00317452093110767	0.141650366249214	0	0.0740444081143094	0.0317641103723849	0	0	0	0.00578729072904835	0.000207667186776067	0.055944371680244	0.176681313247068	0.0482078137699313	0.347554753720158	0.00701295303444363	0	0	0.0413840218839251	0	0.0373645183222775	0.149	0.0864781937771022	1.0622438921933
SRR8281220	0.00216382953137392	0	0.00283502279873561	0	0	0.164484130794774	0	0.0100112862429889	0.0044562307241747	0	0	0.102404962752326	0.141452348826725	0	0.0293288465343571	0.353464272083071	0	0.00956352398117341	0	0.14504346757578	0.0244913728069683	0.0103007053475517	0.0669999999999999	0.138582440088457	1.04028926413814
SRR8281221	0.0338192076812322	0	0	0.0593174631150456	0	0.0254683018098018	0.00686134837383901	0.0101848484143508	0.00877628046683697	0.00224620721196646	0.0235966245133828	0	0.0264132857729913	0.168690082340192	0.0445836869035272	0.537128620049442	0	0	0.0272038034111119	0	0	0.0257102399362806	0.115	0.105912424953146	1.07742910912273
SRR8281222	0	0	0.00371675573792025	0	0	0.15723666070273	0	0.00423898238719888	0.00286056973613614	0	0.0192122338734612	0.0299018817211351	0.309801758737265	0	0.0188727675039784	0.361475224966626	0	0	0	0.0708830148995746	0.00264400615826367	0.019156143575711	0.052	0.149846160674268	1.0388711320894
SRR8281223	0	0	0	0.0159175523856817	0	0.00712133968974968	0	0.0489265981118569	0	0.00335331791077169	0.0261851224254004	0	0.0205962668752118	0.446823669985495	0.0607987655124425	0.192770038827196	0	0	0	0.130926356699446	0.0115954801099037	0.0349854914668439	0.002	0.496403957051333	0.872481971836931
SRR8281224	0.0118643786916479	0	0	0	0.0544080737223556	0.0962112443866482	0	0	0.00112893057985671	0	0	0.00431846177594981	0.107158088406477	0	0.035587927781515	0.552434792253652	0.00530926505693429	0	0.0909431313351621	0	0	0.0406357060098015	0.097	0.114549891704546	1.05795875460088
SRR8281225	0	0.00535322469379017	0	0	0.053730716662739	0	0	0.0252021201744895	0	0.0125319300716728	0	0.0745335046917369	0.135539759372104	0.0306096772332178	0.0113867820921467	0.475374316483466	0	0	0	0.152872537027546	0.00688192104995612	0.0159835104471345	0.189	0.0723955266871013	1.08618308981705
SRR8281226	0	0.00425150553540457	0	0	0	0.0907161033995051	0	0	0	0	0	0.0280243006112809	0.415688106657121	0	0.00241720030193947	0.346999511511742	0	0.000821879160939556	0.0673298615988438	0	0.0266298087902195	0.0171217224330036	0.11	0.107002824979772	1.0718216501893
SRR8281227	0.00131851910400595	0.00517587167024319	0	0.0518836450136381	0	0.109884678721336	0.00434738398965281	0.00424991312861862	0	0	0.0223278006663695	0	0.126643845738968	0	0.0696418853823406	0.50866468241981	0.00863182844003934	0	0.0854470161263726	0	0	0.0017829295986056	0.045	0.163111727624543	1.0298127529114
SRR8281228	0.0187040588907518	0	0	0.0203508648649732	0	0.0775823401864088	0	0.0184024212249771	0	0	0	0.0537281274589136	0.200337098682976	0	0.0166927741942435	0.437273718663891	0	0	0	0.143306650650163	0.0129616233217497	0.000660321860952444	0.297	0.0468480658840759	1.08838133277641
SRR8281229	0.0089040719792971	0	0	0	0.0632124431783829	0.0416521356777061	0.0186576908878011	0	0	0	0.164962401831282	0	0.19468055061681	0.0588147644734311	0	0.200168688928286	0	0	0.232775579396441	0	0.00642744115678444	0.00974423187377791	0.099	0.11263923535697	1.03998858294962
SRR8281230	0.00225078750972091	0	0.00128530890323647	0.0174690773688128	0	0.085798732743061	0	0.0177993653874469	0.0154131389773895	0	0	0.112704217711483	0.156361072657732	0	0.00122476043053877	0.307821144704113	0.0106215625318261	0	0.226320789984565	0	0	0.0449300410900747	0.502	0.0141638345997225	1.08447566696924
SRR8281231	0	0.00616957186403447	0.000699221816206141	0.0334649950836605	0	0.062780662943352	0	0.0198220061420058	0.00703641424660545	0	0.0873152314649066	0.0278255392285637	0.224031784204966	0.115822411854024	0.00255122681583494	0.32242711920427	0	0	0.0274141604586588	0	0.0284345353286566	0.0342051193442553	0.256	0.0550336840389453	1.07711525109186
SRR8281232	0	0.0124214733137288	0.00597943854528016	0.0484942215722198	0	0.0371191895926348	0	0.0452463278216095	0	0.00789274201661532	0	0.0739462379873801	0.174107400618142	0	0.0207195936027549	0.353560904100028	0.00263202717831128	0	0	0.191783069753206	0.017518935014446	0.00857843888364303	0.01	0.320319162432586	0.959279668663705
SRR8281233	0.0349796149243087	0	0.00116538068184605	0.0116073404622914	0	0.0487659204808234	0	0	0	0	0	0.057099688376072	0.195459805133343	0	0.00668949950889992	0.63941355907013	0	0	0.00481919136228523	0	0	0	0.015	0.249634999369522	1.01127264820654
SRR8281234	0.0135149916324527	0	0.000613842345406415	0.0399043206668239	0	0.0394480098614276	0	0.0088345342864884	0	0	0	0.0474103062048309	0.287453756268701	0	0.0234126727343169	0.527735058996625	0	0	0	0.0110071510857885	0.000665355917138325	0	0.088	0.119809035577815	1.07015796173675
SRR8281235	0	0.00688275479760359	0	0.0168229802412092	0	0.13342544248883	0	0.0177578124083154	0.000706090286669461	0	0.0103100275892719	0.0735889925729709	0.120490187343986	0.199271283949838	0.0022958763366229	0.370263765658507	0	0	0.00836918784906326	0	0.00438356740405302	0.0354320310730588	0.038	0.174030042570146	1.03316565925151
SRR8281236	0.0885198250584102	0	0.0565520118564794	0	0	0.0574232184825451	0	0.0110005872552952	0.00675886279395645	0	0.00697546077708633	0.0136393660292064	0.0122999680895512	0.25571272118566	0.0341563882671858	0.421045513363669	0	0	0.0263425696589598	0	0	0.00957350718199516	0.022	0.207992172080052	1.02413618592392
SRR8281237	0	0.00331820897557398	0	0.056866517839869	0	0.0338097006730813	0	0.0067387066757567	0.0117852001375767	0	0.0127939085891305	0	0.128535794083808	0.14728937966652	0.0370053589851808	0.523829186599683	0	0	0.0311350729446289	0	0	0.00689296482919056	0.086	0.122613614736535	1.0701614383886
SRR8281238	0.00777106619322948	0	0	0.0419004898885825	0	0.0950078012490582	0	0.0584135267667792	0	0	0	0.106686545176219	0.12568172638167	0	0.00607642740388307	0.266623403386829	0.0025276748932203	0.0057014724481362	0	0.237477044338999	0.0293604736618321	0.016772348211562	0.014	0.26399768557806	0.989994867664191
SRR8281239	0.0275123412589754	0	0.00098558252721977	0.0454778655762358	0	0.0293576095893102	0	0.0213298533157823	0	0	0	0.0318038002109184	0.255027472523265	0	0.0186299232094232	0.564115134177274	0	0	0	0.00576041761159563	0	0	0.016	0.236056772334981	1.01263798379908
SRR8281240	0.0549150559185937	0	0.0041395213111552	0.0275603997808021	0	0.0777365546065708	0	0.0351358718027719	0	0	0	0.0524793471335423	0.275359740602407	0	0.028121490515647	0.308612759763364	0	0	0	0.120204423698571	0.0157348348665756	0	0.095	0.116825479646802	1.04611261755767
SRR8281241	0	0.00934446496700893	0	0.0724936311623368	0	0.0454851172107512	0	0.00574473489191469	0.00392153137874661	0.00330737230793272	0	0.0194664686749786	0.0926301277877542	0	0.0393263148161421	0.57584538022632	0	0	0.0815011943513411	0	0	0.0509336622247735	0.033	0.180348340577302	1.03030047688844
SRR8281242	0	0.00132740539021399	0	0.0388018652984379	0.0315096693230676	0	0.0453238790820233	0.0157712484006478	0.0286288349854345	0.00940284892392761	0	0	0	0.165961056556185	0.0142521089420138	0.491106346982901	0	0	0.118646141859281	0	0	0.0392685942558665	0.0600000000000001	0.145078845020314	1.04890462870049
SRR8281243	0.00822756394069823	0.000985858301160216	0	0	0	0.180949890134945	0	0	0.0137616706086982	0	0.00357160659757184	0.0212153166946858	0.29675535159974	0.0140903533812281	0.0599569206623867	0.258624945400914	0	0	0.106213808072276	0	0.0260869210939572	0.0095597935117394	0.022	0.20833930606131	1.00182830936194
SRR8281244	0.0308625438443394	0	0.000766986600188006	0.176315867705029	0	0.00357165736034544	0	0.0323825129509764	0.0315604154820372	0	0	0.0357096512173431	0.128807607889418	0.0701021122310279	0.0183822139036227	0.438170175066864	0	0	0.0163887416797909	0.0169795140690176	0	0	0.0679999999999999	0.136213751733701	1.03976048595352
SRR8281245	0.00518534479499591	0	0.00139069325570422	0.149677333047579	0	0.0794946564088134	0.0278163684534636	0.00131118705433339	0.0345000727856178	0.0038418410435174	0	0.0176193349732083	0.0799122652506812	0	0.078159933910837	0.376188879280599	0.00491124104877867	0	0.129828267152155	0	0	0.0101625815397165	0.255	0.0551568892944266	1.06028162744108
SRR8281246	0.000392642356641504	0.0045649055205991	0	0.0495473732368569	0	0.00589201119379819	0.0458214753328391	0.0153617882139891	0.0386699850177879	0	0.0366963662309834	0	0.207931924126667	0	0.0270618524740987	0.485852694083131	0	0	0	0.0709892098056658	0	0.0112177724069419	0.369	0.0321372361971658	1.09304137088091
SRR8281247	0	0.00430272051776405	0.00140322741320912	0	0	0.21832165288098	0	0.00988298511528236	0.0115566836250168	0	0.133673184760866	0.0587492821006521	0.130326256194247	0.0600025507407585	0.0548266164432108	0.222847443665071	0	0	0	0.0542061014020601	0.0160802842493455	0.0238210108915365	0.309	0.0442099685526001	1.07464634399354
SRR8281248	0.0036902701762003	0	0.00746668429452553	0	0	0.127991915936454	0	0.00897685385244936	0.0118881048299947	0	0.0407940544284507	0.0219089189276439	0.247972564310672	0.130128457595766	0.00392455521130985	0.0892424532419929	0	0	0	0.166975317568601	0.0306565777730482	0.108383271852891	0.254	0.0554596774820335	1.08423392996984
SRR8281249	0	0.0135581498844143	0	0.0284156309227703	0	0.0367724194493712	0	0.0100063406813031	0.00747508810620305	0	0.0124696273135521	0.028297732793682	0.132551437823654	0.0349441393434064	0.00558938214808619	0.625036220954618	0	0	0.0579845188036444	0	0	0.0068993117752951	0.023	0.204869022515058	1.02956242454291
SRR8281250	0	0.0111659055709786	0	0	0.119976445190565	0.0597430370190551	0	0.0594559542290322	0.00392262918912166	0	0.0745993000030333	0.0584255806292644	0.155683136176663	0	0.00743611139685844	0.367672075078347	0	0	0	0.00982168428439965	0.00289717632893394	0.0692009649037485	0.33	0.0398501031708036	1.07864195037897
SRR8281251	0	0	0	0.0559049653494269	0	0	0	0.0998685987425533	0	0	0	0.0609418991924795	0.163472834094591	0.160046834440603	0.0749028940332236	0.237458011913712	0	0	0	0.111914963136305	0	0.0354889990971054	0.023	0.207644080809862	1.0106270925362
